i_TradePeriodNodeBusAllocationFactor,,,,
-,,,,
TP1,ARA2201_ARA0,160,0.333333333,_
TP1,ARA2201_ARA0,161,0.333333333,_
TP1,ARA2201_ARA0,162,0.333333333,_
TP1,ARG1101_BRR0,486,1,_
TP1,ARI1101_ARI0,100,0.25,_
TP1,ARI1101_ARI0,97,0.25,_
TP1,ARI1101_ARI0,98,0.25,_
TP1,ARI1101_ARI0,99,0.25,_
TP1,ARI1102_ARI0,96,1,_
TP1,ASB0661_HBK0,554,1,_
TP1,ATI2201_ATI0,164,1,_
TP1,AVI2201_AVI0,599,0.25,_
TP1,AVI2201_AVI0,600,0.25,_
TP1,AVI2201_AVI0,601,0.25,_
TP1,AVI2201_AVI0,602,0.25,_
TP1,BEN2202_BEN0,606,0.166666667,_
TP1,BEN2202_BEN0,607,0.166666667,_
TP1,BEN2202_BEN0,608,0.166666667,_
TP1,BEN2202_BEN0,609,0.166666667,_
TP1,BEN2202_BEN0,610,0.166666667,_
TP1,BEN2202_BEN0,611,0.166666667,_
TP1,BOB1101,46,1,_
TP1,BPE0331_TWF0,408,1,_
TP1,BWK1101_WPI0,731,1,_
TP1,COL0661_COL0,574,0.447368421,_
TP1,COL0661_COL0,750,0.552631579,_
TP1,CPK0331,418,1,_
TP1,CYD2201_CYD0,674,0.25,_
TP1,CYD2201_CYD0,675,0.25,_
TP1,CYD2201_CYD0,676,0.25,_
TP1,CYD2201_CYD0,677,0.25,_
TP1,GLN0332_GLN0,50,1,_
TP1,HAM0331,109,1,_
TP1,HIN0331,114,1,_
TP1,HLY2201_HLY1,119,1,_
TP1,HLY2201_HLY2,118,1,_
TP1,HLY2201_HLY5,120,1,_
TP1,HLY2201_HLY6,117,1,_
TP1,HWA1101_PTA1,337,1,_
TP1,HWA1101_PTA2,337,1,_
TP1,HWA1101_PTA3,337,1,_
TP1,HWA1102_WAA0,348,0.416909621,_
TP1,HWA1102_WAA0,350,0.583090379,_
TP1,HWA1102_WAA1,348,0.416909621,_
TP1,HWA1102_WAA1,350,0.583090379,_
TP1,HWB0331_MAH0,700,1,_
TP1,HWB0331_WPI0,730,1,_
TP1,ISL0331,525,1,_
TP1,KAW0111,179,1,_
TP1,KAW0112_ONU0,235,0.29467381,_
TP1,KAW0112_ONU0,236,0.204853451,_
TP1,KAW0112_ONU0,237,0.126063662,_
TP1,KAW0112_ONU0,238,0.374409077,_
TP1,KAW0113,178,1,_
TP1,KAW1101_KAG0,174,1,_
TP1,KIN0112_KIN0,125,1,_
TP1,KIN0331,127,1,_
TP1,KPA1101_KPI1,323,1,_
TP1,KPO1101_KPO0,130,0.333333333,_
TP1,KPO1101_KPO0,131,0.333333333,_
TP1,KPO1101_KPO0,132,0.333333333,_
TP1,KPU0661,134,1,_
TP1,KUM0661_KUM0,593,1,_
TP1,LTN0331_TWF0,407,1,_
TP1,MAN2201_MAN0,702,0.142857143,_
TP1,MAN2201_MAN0,703,0.142857143,_
TP1,MAN2201_MAN0,704,0.142857143,_
TP1,MAN2201_MAN0,705,0.142857143,_
TP1,MAN2201_MAN0,706,0.142857143,_
TP1,MAN2201_MAN0,707,0.142857143,_
TP1,MAN2201_MAN0,708,0.142857143,_
TP1,MAT1101_ANI0,154,0.5,_
TP1,MAT1101_ANI0,155,0.5,_
TP1,MAT1101_MAT0,195,0.5,_
TP1,MAT1101_MAT0,196,0.5,_
TP1,MHO0331_MHO0,373,1,_
TP1,MKE1101_MKE1,325,0.5,_
TP1,MKE1101_MKE1,326,0.5,_
TP1,MPE1101,27,1,_
TP1,MTI2201_MTI0,201,0.1,_
TP1,MTI2201_MTI0,202,0.1,_
TP1,MTI2201_MTI0,203,0.1,_
TP1,MTI2201_MTI0,204,0.1,_
TP1,MTI2201_MTI0,205,0.1,_
TP1,MTI2201_MTI0,206,0.1,_
TP1,MTI2201_MTI0,207,0.1,_
TP1,MTI2201_MTI0,208,0.1,_
TP1,MTI2201_MTI0,209,0.1,_
TP1,MTI2201_MTI0,210,0.1,_
TP1,NAP2201_NAP0,214,1,_
TP1,NAP2202_NTM0,216,0.5,_
TP1,NAP2202_NTM0,217,0.5,_
TP1,NMA0331_WHL0,729,1,_
TP1,NSY0331_PAE0,651,1,_
TP1,OHA2201_OHA0,636,0.25,_
TP1,OHA2201_OHA0,637,0.25,_
TP1,OHA2201_OHA0,638,0.25,_
TP1,OHA2201_OHA0,639,0.25,_
TP1,OHB2201_OHB0,641,0.25,_
TP1,OHB2201_OHB0,642,0.25,_
TP1,OHB2201_OHB0,643,0.25,_
TP1,OHB2201_OHB0,644,0.25,_
TP1,OHC2201_OHC0,646,0.25,_
TP1,OHC2201_OHC0,647,0.25,_
TP1,OHC2201_OHC0,648,0.25,_
TP1,OHC2201_OHC0,649,0.25,_
TP1,OHK2201_OHK0,219,0.25,_
TP1,OHK2201_OHK0,220,0.25,_
TP1,OHK2201_OHK0,221,0.25,_
TP1,OHK2201_OHK0,222,0.25,_
TP1,OKI2201_OKI0,228,0.099099099,_
TP1,OKI2201_OKI0,230,0.450450451,_
TP1,OKI2201_OKI0,231,0.450450451,_
TP1,PEN0331,81,1,_
TP1,PPI2201_PPI0,241,1,_
TP1,PRM0331,465,1,_
TP1,ROT1101_WHE0,272,1,_
TP1,ROX1101_ROX0,714,0.333333333,_
TP1,ROX1101_ROX0,715,0.333333333,_
TP1,ROX1101_ROX0,716,0.333333333,_
TP1,ROX2201_ROX0,717,0.2,_
TP1,ROX2201_ROX0,718,0.2,_
TP1,ROX2201_ROX0,719,0.2,_
TP1,ROX2201_ROX0,720,0.2,_
TP1,ROX2201_ROX0,721,0.2,_
TP1,RPO2201_RPO0,386,0.5,_
TP1,RPO2201_RPO0,387,0.5,_
TP1,SFD2201_SFD21,340,1,_
TP1,SFD2201_SFD22,341,1,_
TP1,SFD2201_SPL0,346,1,_
TP1,STK0661_COB0,491,1,_
TP1,TGA0331_KMI0,183,1,_
TP1,THI2201_THI1,253,1,_
TP1,THI2201_THI2,254,1,_
TP1,TKA0111_TKA1,560,1,_
TP1,TKB2201_TKB1,655,0.5,_
TP1,TKB2201_TKB1,656,0.5,_
TP1,TKU2201_TKU0,391,0.25,_
TP1,TKU2201_TKU0,392,0.25,_
TP1,TKU2201_TKU0,393,0.25,_
TP1,TKU2201_TKU0,394,0.25,_
TP1,TUI1101_KTW0,298,0.5,_
TP1,TUI1101_KTW0,299,0.5,_
TP1,TUI1101_PRI0,300,0.5,_
TP1,TUI1101_PRI0,301,0.5,_
TP1,TUI1101_TUI0,302,0.333333333,_
TP1,TUI1101_TUI0,303,0.333333333,_
TP1,TUI1101_TUI0,304,0.333333333,_
TP1,TWC2201_NZW0,404,1,_
TP1,TWC2201_TWF0,405,1,_
TP1,TWH0331_TRC1,142,1,_
TP1,TWH0331_TUK0,147,1,_
TP1,WDV1101_TAP0,389,1,_
TP1,WGN0331,411,1,_
TP1,WHI0111,306,1,_
TP1,WHI2201_WHI0,307,0.333333333,_
TP1,WHI2201_WHI0,308,0.333333333,_
TP1,WHI2201_WHI0,309,0.333333333,_
TP1,WHU0331,150,1,_
TP1,WIL0331_MCK0,482,1,_
TP1,WKM2201_MOK0,198,0.524257784,_
TP1,WKM2201_MOK0,199,0.475742216,_
TP1,WKM2201_WKM0,274,0.25,_
TP1,WKM2201_WKM0,275,0.25,_
TP1,WKM2201_WKM0,276,0.25,_
TP1,WKM2201_WKM0,277,0.25,_
TP1,WKO0331,152,1,_
TP1,WPA2201_WPA0,283,1,_
TP1,WRK0331_RKA0,740,1,_
TP1,WRK0331_TAA0,248,1,_
TP1,WRK2201_WRK0,285,0.340664962,_
TP1,WRK2201_WRK0,286,0.170332481,_
TP1,WRK2201_WRK0,287,0.19028133,_
TP1,WRK2201_WRK0,288,0.211764706,_
TP1,WRK2201_WRK0,289,0.086956522,_
TP1,WTK0111_WTK0,660,1,_
TP1,WWD1102_WWD0,479,1,_
TP1,WWD1103_WWD0,744,1,_
TP1,KAW0112_DLS0,176,1,_
TP1,KAW0113_DLS1,178,1,_
TP1,ABY0111,541,1,_
TP1,ALB0331,4,1,_
TP1,ALB1101,41,1,_
TP1,APS0111,569,1,_
TP1,ARG1101,487,1,_
TP1,ASB0331,543,1,_
TP1,ASB0661,544,1,_
TP1,ASY0111,520,0.5,_
TP1,ASY0111,748,0.5,_
TP1,ATU1101,488,1,_
TP1,BAL0331,669,1,_
TP1,BDE0111,671,1,_
TP1,BLN0331,489,1,_
TP1,BOB0331,45,1,_
TP1,BPD1101,618,1,_
TP1,BPE0331,357,1,_
TP1,BPE0551,358,0.5,_
TP1,BPE0551,359,0.5,_
TP1,BPT1101,619,1,_
TP1,BRB0331,8,1,_
TP1,BRK0331,315,1,_
TP1,BRY0661,549,1,_
TP1,BWK1101,673,1,_
TP1,CBG0111,105,1,_
TP1,CLH0111,572,1,_
TP1,CML0331,620,1,_
TP1,COL0111,575,1,_
TP1,COL0661,576,1,_
TP1,CPK0111,416,0.5,_
TP1,CPK0111,417,0.5,_
TP1,CST0331,317,1,_
TP1,CUL0331,493,1,_
TP1,CUL0661,494,1,_
TP1,CYD0331,678,1,_
TP1,CYD2201,679,1,_
TP1,DOB0331,579,1,_
TP1,DVK0111,366,1,_
TP1,EDG0331,168,1,_
TP1,EDN0331,680,1,_
TP1,FHL0331,293,1,_
TP1,FKN0331,628,1,_
TP1,GFD0331,426,1,_
TP1,GLN0331,733,1,_
TP1,GLN0332,51,1,_
TP1,GOR0331,682,1,_
TP1,GYM0661,585,1,_
TP1,GYT0331,429,1,_
TP1,HAM0111,108,1,_
TP1,HAM0551,110,1,_
TP1,HAM0551,5039,0,_
TP1,HAY0111,434,1,_
TP1,HAY0331,443,1,_
TP1,HEN0331,12,1,_
TP1,HEP0331,17,1,_
TP1,HKK0661,587,1,_
TP1,HLY0331,121,1,_
TP1,HOB1101,56,1,_
TP1,HOR0331,589,1,_
TP1,HOR0661,590,1,_
TP1,HTI0331,123,1,_
TP1,HUI0331,319,1,_
TP1,HWA0331,321,1,_
TP1,HWA0332,742,1,_
TP1,HWA1101,322,1,_
TP1,HWA1102,322,1,_
TP1,HWB0331,688,1,_
TP1,HWB0332,753,1,_
TP1,HWB1101,693,1,_
TP1,INV0331,696,1,_
TP1,ISL0661,526,1,_
TP1,KAI0111,531,1,_
TP1,KAW0112,176,1,_
TP1,KAW1101,181,1,_
TP1,KBY0661,591,1,_
TP1,KBY0662,591,1,_
TP1,KIK0111,745,1,_
TP1,KIN0111,126,1,_
TP1,KIN0112,125,1,_
TP1,KIN0113,738,1,_
TP1,KMO0331,187,1,_
TP1,KOE1101,20,1,_
TP1,KPA1101,324,1,_
TP1,KUM0661,593,1,_
TP1,KWA0111,451,1,_
TP1,LFD1101,192,1,_
TP1,LFD1102,192,1,_
TP1,LTN0331,370,1,_
TP1,MAN2201,701,1,_
TP1,MAT1101,156,0.909090909,_
TP1,MAT1101,197,0.090909091,_
TP1,MCH0111,503,1,_
TP1,MER0331,60,1,_
TP1,MGM0331,454,1,_
TP1,MHO0331,374,1,_
TP1,MKE1101,325,0.5,_
TP1,MKE1101,326,0.5,_
TP1,MLG0111,456,1,_
TP1,MLG0331,457,1,_
TP1,MNG0331,61,1,_
TP1,MNG1101,62,1,_
TP1,MNI0111,328,1,_
TP1,MST0331,460,1,_
TP1,MTM0331,212,1,_
TP1,MTN0331,377,1,_
TP1,MTO0331,28,1,_
TP1,MTR0331,380,1,_
TP1,NAP2201,214,1,_
TP1,NAP2202,215,1,_
TP1,NMA0331,711,1,_
TP1,NPK0331,382,1,_
TP1,NPL0331,331,1,_
TP1,NSY0331,632,1,_
TP1,OAM0331,634,1,_
TP1,OKN0111,384,1,_
TP1,ONG0331,137,1,_
TP1,OPK0331,335,1,_
TP1,ORO1101,507,1,_
TP1,ORO1102,508,1,_
TP1,OTA0221,66,1,_
TP1,OTI0111,595,1,_
TP1,OWH0111,239,1,_
TP1,PAK0331,75,1,_
TP1,PAO1101,139,1,_
TP1,PEN0221,79,1,_
TP1,PEN0251,80,1,_
TP1,PEN1101,56,0.190798081,_
TP1,PEN1101,58,0.645660707,_
TP1,PEN1101,88,0.163541212,_
TP1,PNI0331,462,1,_
TP1,PPI2201,241,0.5,_
TP1,PPI2201,242,0.5,_
TP1,RDF0331,295,1,_
TP1,RFN1101,506,1,_
TP1,RFN1102,505,1,_
TP1,ROS0221,89,1,_
TP1,ROS1101,90,1,_
TP1,ROT0111,245,1,_
TP1,ROT0331,246,1,_
TP1,ROT1101,247,1,_
TP1,SBK0331,533,1,_
TP1,SBK0661,534,1,_
TP1,SDN0331,725,1,_
TP1,SFD0331,342,1,_
TP1,SFD2201,345,1,_
TP1,STK0331,511,1,_
TP1,STK0661,512,1,_
TP1,STU0111,653,1,_
TP1,SVL0331,32,1,_
TP1,SWN0251,36,1,_
TP1,SWN2201,37,1,_
TP1,TAK0331,91,1,_
TP1,TGA0111,250,1,_
TP1,TGA0331,251,1,_
TP1,THI2201,255,1,_
TP1,TIM0111,556,1,_
TP1,TKA0331,561,1,_
TP1,TKH0111,256,1,_
TP1,TKR0331,470,1,_
TP1,TKU0331,395,1,_
TP1,TMI0331,258,1,_
TP1,TMK0331,563,1,_
TP1,TMN0551,397,0.5,_
TP1,TMN0551,398,0.5,_
TP1,TMU0111,140,1,_
TP1,TNG0111,400,1,_
TP1,TNG0551,401,0.5,_
TP1,TNG0551,402,0.5,_
TP1,TRK0111,260,1,_
TP1,TUI1101,305,1,_
TP1,TWC2201,406,1,_
TP1,TWH0331,143,0.253164557,_
TP1,TWH0331,148,0.746835443,_
TP1,TWI2201,728,1,_
TP1,TWZ0331,658,1,_
TP1,UHT0331,472,1,_
TP1,WAI0111,269,1,_
TP1,WDV0111,409,1,_
TP1,WDV1101,410,1,_
TP1,WEL0331,38,1,_
TP1,WHI2201,310,1,_
TP1,WIL0331,475,1,_
TP1,WIR0331,94,1,_
TP1,WKM2201,278,1,_
TP1,WPR0331,535,1,_
TP1,WPR0661,536,1,_
TP1,WPT0111,518,1,_
TP1,WPW0331,413,1,_
TP1,WRD0331,41,1,_
TP1,WRK0331,290,1,_
TP1,WTK0111,660,1,_
TP1,WTK0331,5173,1,_
TP1,WTU0331,311,1,_
TP1,WVY0111,352,1,_
TP1,WWD1102,481,1,_
TP1,WWD1103,480,1,_
TP1,ABY1101,542,1,_
TP1,ALB2201,7,1,_
TP1,APS0661,570,1,_
TP1,ARA2201,163,1,_
TP1,ARI1101,737,1,_
TP1,ARI1102,101,1,_
TP1,ASB2201,545,1,_
TP1,ASY0661,521,1,_
TP1,ATI2201,164,1,_
TP1,AVI2201,603,1,_
TP1,BAL1101,670,1,_
TP1,BDE1101,672,1,_
TP1,BEN2201,617,1,_
TP1,BEN2202,617,1,_
TP1,BEN3502,615,1,_
TP1,BEN3503,616,1,_
TP1,BHL2201,47,1,_
TP1,BHL2202,5013,1,_
TP1,BLN1101,490,1,_
TP1,BPC1101,598,1,_
TP1,BPE1101,363,1,_
TP1,BPE2201,364,1,_
TP1,BRB2201,9,1,_
TP1,BRK2201,316,1,_
TP1,BRK2202,316,1,_
TP1,BRY2201,553,1,_
TP1,CBG1101,107,1,_
TP1,CBG1102,106,1,_
TP1,CLH0661,573,1,_
TP1,CML1101,625,1,_
TP1,CML1102,624,1,_
TP1,CML2201,627,1,_
TP1,CML2202,626,1,_
TP1,CPK1101,419,1,_
TP1,CPK1102,420,1,_
TP1,CPK1103,421,1,_
TP1,CST1101,318,1,_
TP1,CUL2202,495,1,_
TP1,CUL2203,496,1,_
TP1,DOB0661,580,1,_
TP1,DOB1101,584,1,_
TP1,DOB1102,583,1,_
TP1,DRY2201,49,1,_
TP1,DRY2202,49,1,_
TP1,DVK1101,367,1,_
TP1,DVK1102,368,1,_
TP1,EDG1101,171,1,_
TP1,EDG1102,171,1,_
TP1,EDG2201,172,1,_
TP1,EDN1101,681,1,_
TP1,FHL1101,294,1,_
TP1,FKN1101,630,1,_
TP1,FKN1102,629,1,_
TP1,GFD1101,428,1,_
TP1,GFD1102,427,1,_
TP1,GLN2201,53,1,_
TP1,GNY1101,597,1,_
TP1,GOR1101,683,1,_
TP1,GOR1102,683,1,_
TP1,GYT1101,430,1,_
TP1,GYT1102,431,1,_
TP1,HAM1101,112,1,_
TP1,HAM2201,113,1,_
TP1,HAY1101,447,1,_
TP1,HAY2201,450,1,_
TP1,HAY3502,449,1,_
TP1,HAY3503,448,1,_
TP1,HEN1101,15,1,_
TP1,HEN2201,16,1,_
TP1,HEP1101,18,1,_
TP1,HIN1101,115,1,_
TP1,HLY2201,116,1,_
TP1,HOB2201,57,1,_
TP1,HPI2201,19,1,_
TP1,HPI2202,19,1,_
TP1,HTI1101,124,1,_
TP1,HUI1101,320,1,_
TP1,HWA1001,322,1,_
TP1,HWB2201,694,1,_
TP1,IGH1101,497,1,_
TP1,INV1101,698,1,_
TP1,INV2201,699,1,_
TP1,INV2202,699,1,_
TP1,ISL2201,530,1,_
TP1,KAI0661,532,1,_
TP1,KAW2201,182,1,_
TP1,KBT0661,567,1,_
TP1,KBT0662,566,1,_
TP1,KIK1101,501,1,_
TP1,KIK2201,502,1,_
TP1,KIN1101,129,1,_
TP1,KIN1102,129,1,_
TP1,KMO1101,190,1,_
TP1,KMO1102,190,1,_
TP1,KMO1103,190,1,_
TP1,KMO2201,191,1,_
TP1,KPO1101,133,1,_
TP1,KPU1101,739,1,_
TP1,KPU1102,5053,1,_
TP1,KWA1101,452,1,_
TP1,KWA1102,453,1,_
TP1,LIV2201,631,1,_
TP1,LTN2201,371,1,_
TP1,LTN2202,372,1,_
TP1,MCH1101,504,1,_
TP1,MDN1101,25,1,_
TP1,MDN2201,26,1,_
TP1,MGM1101,455,1,_
TP1,MHO1101,375,1,_
TP1,MHO1102,376,1,_
TP1,MHT1102,422,1,_
TP1,MHT1103,423,1,_
TP1,MKT1101,314,1,_
TP1,MLG1101,459,1,_
TP1,MLG1102,458,1,_
TP1,MNI1101,329,1,_
TP1,MST1101,461,1,_
TP1,MTI2201,211,1,_
TP1,MTM1101,213,1,_
TP1,MTN1101,379,1,_
TP1,MTN1102,378,1,_
TP1,MTO1101,29,1,_
TP1,MTO1102,30,1,_
TP1,MTR1101,381,1,_
TP1,MVE1101,102,1,_
TP1,MVE1102,103,1,_
TP1,NGA1101,31,1,_
TP1,NMA2201,712,1,_
TP1,NPK1101,383,1,_
TP1,NPL1101,333,1,_
TP1,NPL2201,334,1,_
TP1,NSY2201,633,1,_
TP1,OAM1101,635,1,_
TP1,OAM1102,752,1,_
TP1,OHA2201,640,1,_
TP1,OHB2201,645,1,_
TP1,OHC2201,650,1,_
TP1,OHK2201,223,1,_
TP1,OHW2201,136,1,_
TP1,OHW2202,136,1,_
TP1,OKE1101,224,1,_
TP1,OKI2201,227,0.5,_
TP1,OKI2201,229,0.5,_
TP1,OKN1101,385,1,_
TP1,ONG1101,138,1,_
TP1,OPI2201,540,1,_
TP1,OPI2202,539,1,_
TP1,OPK1101,743,1,_
TP1,OPK1102,336,1,_
TP1,OTA1103,70,1,_
TP1,OTA1104,734,1,_
TP1,OTA1105,70,1,_
TP1,OTA1106,734,1,_
TP1,OTA1107,70,1,_
TP1,OTA1108,734,1,_
TP1,OTA1109,70,1,_
TP1,OTA110A,734,1,_
TP1,OTA2201,72,1,_
TP1,OTA2202,73,1,_
TP1,OTA2203,71,1,_
TP1,OTI0661,596,1,_
TP1,OWH1101,240,1,_
TP1,PAK2201,76,1,_
TP1,PEN0222,79,1,_
TP1,PEN2201,87,1,_
TP1,PIE1101,173,1,_
TP1,PNI1101,463,1,_
TP1,PNI1102,464,1,_
TP1,PRM2201,468,1,_
TP1,PRM2202,469,1,_
TP1,PRT2201,425,1,_
TP1,PRT2202,424,1,_
TP1,RDF1101,296,1,_
TP1,RDF1102,296,1,_
TP1,RDF2201,297,1,_
TP1,RFC1101,483,1,_
TP1,ROT1102,247,1,_
TP1,ROX1101,723,1,_
TP1,ROX2201,724,1,_
TP1,RPO2201,388,1,_
TP1,RTO1101,104,1,_
TP1,RTR1101,365,1,_
TP1,SDN2201,726,1,_
TP1,SFD1101,344,1,_
TP1,STK1101,515,1,_
TP1,STK2201,516,1,_
TP1,STU1101,654,1,_
TP1,SVL2201,33,1,_
TP1,SVL2202,34,1,_
TP1,TAK2201,92,1,_
TP1,TAK2202,93,1,_
TP1,TGA1101,252,1,_
TP1,TIM1101,557,1,_
TP1,TIM2201,559,1,_
TP1,TIM2202,558,1,_
TP1,TKA0111,560,1,_
TP1,TKA1101,562,1,_
TP1,TKB2201,657,1,_
TP1,TKH0501,257,1,_
TP1,TKR1101,471,1,_
TP1,TKU2201,396,1,_
TP1,TMH2201,727,1,_
TP1,TMI1101,259,1,_
TP1,TMK1101,5163,1,_
TP1,TMK1102,565,1,_
TP1,TMN2201,399,1,_
TP1,TMU1101,141,1,_
TP1,TNG2201,403,1,_
TP1,TRK1101,267,1,_
TP1,TRK1102,267,1,_
TP1,TRK2201,268,1,_
TP1,TWH2201,149,1,_
TP1,TWT2201,369,1,_
TP1,TWZ2201,659,1,_
TP1,TWZ2202,659,1,_
TP1,UHT1101,473,1,_
TP1,WAI0501,270,1,_
TP1,WAI1101,271,1,_
TP1,WDV1102,410,1,_
TP1,WEL1101,40,1,_
TP1,WEL1102,39,1,_
TP1,WGN1101,412,1,_
TP1,WHU1101,151,1,_
TP1,WIL1101,477,1,_
TP1,WIL2201,478,1,_
TP1,WIR1101,95,1,_
TP1,WIR1102,736,1,_
TP1,WKM2202,282,1,_
TP1,WKO1101,153,1,_
TP1,WMG1101,746,1,_
TP1,WMG1102,517,1,_
TP1,WPA2201,284,1,_
TP1,WPR2202,538,1,_
TP1,WPR2203,537,1,_
TP1,WPT1101,747,1,_
TP1,WPT1102,519,1,_
TP1,WPW1101,414,1,_
TP1,WPW1102,415,1,_
TP1,WRD2201,44,1,_
TP1,WRK2201,292,1,_
TP1,WTK1101,666,1,_
TP1,WTK1102,667,1,_
TP1,WTK2201,668,1,_
TP1,WTU2201,741,1,_
TP1,WTU2202,312,1,_
TP1,WVY1101,353,1,_
TP2,ARA2201_ARA0,160,0.333333333,_
TP2,ARA2201_ARA0,161,0.333333333,_
TP2,ARA2201_ARA0,162,0.333333333,_
TP2,ARG1101_BRR0,486,1,_
TP2,ARI1101_ARI0,100,0.25,_
TP2,ARI1101_ARI0,97,0.25,_
TP2,ARI1101_ARI0,98,0.25,_
TP2,ARI1101_ARI0,99,0.25,_
TP2,ARI1102_ARI0,96,1,_
TP2,ASB0661_HBK0,554,1,_
TP2,ATI2201_ATI0,164,1,_
TP2,AVI2201_AVI0,599,0.25,_
TP2,AVI2201_AVI0,600,0.25,_
TP2,AVI2201_AVI0,601,0.25,_
TP2,AVI2201_AVI0,602,0.25,_
TP2,BEN2202_BEN0,606,0.166666667,_
TP2,BEN2202_BEN0,607,0.166666667,_
TP2,BEN2202_BEN0,608,0.166666667,_
TP2,BEN2202_BEN0,609,0.166666667,_
TP2,BEN2202_BEN0,610,0.166666667,_
TP2,BEN2202_BEN0,611,0.166666667,_
TP2,BOB1101,46,1,_
TP2,BPE0331_TWF0,408,1,_
TP2,BWK1101_WPI0,731,1,_
TP2,COL0661_COL0,574,0.447368421,_
TP2,COL0661_COL0,750,0.552631579,_
TP2,CPK0331,418,1,_
TP2,CYD2201_CYD0,674,0.25,_
TP2,CYD2201_CYD0,675,0.25,_
TP2,CYD2201_CYD0,676,0.25,_
TP2,CYD2201_CYD0,677,0.25,_
TP2,GLN0332_GLN0,50,1,_
TP2,HAM0331,109,1,_
TP2,HIN0331,114,1,_
TP2,HLY2201_HLY1,119,1,_
TP2,HLY2201_HLY2,118,1,_
TP2,HLY2201_HLY5,120,1,_
TP2,HLY2201_HLY6,117,1,_
TP2,HWA1101_PTA1,337,1,_
TP2,HWA1101_PTA2,337,1,_
TP2,HWA1101_PTA3,337,1,_
TP2,HWA1102_WAA0,348,0.416909621,_
TP2,HWA1102_WAA0,350,0.583090379,_
TP2,HWA1102_WAA1,348,0.416909621,_
TP2,HWA1102_WAA1,350,0.583090379,_
TP2,HWB0331_MAH0,700,1,_
TP2,HWB0331_WPI0,730,1,_
TP2,ISL0331,525,1,_
TP2,KAW0111,179,1,_
TP2,KAW0112_ONU0,235,0.29467381,_
TP2,KAW0112_ONU0,236,0.204853451,_
TP2,KAW0112_ONU0,237,0.126063662,_
TP2,KAW0112_ONU0,238,0.374409077,_
TP2,KAW0113,178,1,_
TP2,KAW1101_KAG0,174,1,_
TP2,KIN0112_KIN0,125,1,_
TP2,KIN0331,127,1,_
TP2,KPA1101_KPI1,323,1,_
TP2,KPO1101_KPO0,130,0.333333333,_
TP2,KPO1101_KPO0,131,0.333333333,_
TP2,KPO1101_KPO0,132,0.333333333,_
TP2,KPU0661,134,1,_
TP2,KUM0661_KUM0,593,1,_
TP2,LTN0331_TWF0,407,1,_
TP2,MAN2201_MAN0,702,0.142857143,_
TP2,MAN2201_MAN0,703,0.142857143,_
TP2,MAN2201_MAN0,704,0.142857143,_
TP2,MAN2201_MAN0,705,0.142857143,_
TP2,MAN2201_MAN0,706,0.142857143,_
TP2,MAN2201_MAN0,707,0.142857143,_
TP2,MAN2201_MAN0,708,0.142857143,_
TP2,MAT1101_ANI0,154,0.5,_
TP2,MAT1101_ANI0,155,0.5,_
TP2,MAT1101_MAT0,195,0.5,_
TP2,MAT1101_MAT0,196,0.5,_
TP2,MHO0331_MHO0,373,1,_
TP2,MKE1101_MKE1,325,0.5,_
TP2,MKE1101_MKE1,326,0.5,_
TP2,MPE1101,27,1,_
TP2,MTI2201_MTI0,201,0.1,_
TP2,MTI2201_MTI0,202,0.1,_
TP2,MTI2201_MTI0,203,0.1,_
TP2,MTI2201_MTI0,204,0.1,_
TP2,MTI2201_MTI0,205,0.1,_
TP2,MTI2201_MTI0,206,0.1,_
TP2,MTI2201_MTI0,207,0.1,_
TP2,MTI2201_MTI0,208,0.1,_
TP2,MTI2201_MTI0,209,0.1,_
TP2,MTI2201_MTI0,210,0.1,_
TP2,NAP2201_NAP0,214,1,_
TP2,NAP2202_NTM0,216,0.5,_
TP2,NAP2202_NTM0,217,0.5,_
TP2,NMA0331_WHL0,729,1,_
TP2,NSY0331_PAE0,651,1,_
TP2,OHA2201_OHA0,636,0.25,_
TP2,OHA2201_OHA0,637,0.25,_
TP2,OHA2201_OHA0,638,0.25,_
TP2,OHA2201_OHA0,639,0.25,_
TP2,OHB2201_OHB0,641,0.25,_
TP2,OHB2201_OHB0,642,0.25,_
TP2,OHB2201_OHB0,643,0.25,_
TP2,OHB2201_OHB0,644,0.25,_
TP2,OHC2201_OHC0,646,0.25,_
TP2,OHC2201_OHC0,647,0.25,_
TP2,OHC2201_OHC0,648,0.25,_
TP2,OHC2201_OHC0,649,0.25,_
TP2,OHK2201_OHK0,219,0.25,_
TP2,OHK2201_OHK0,220,0.25,_
TP2,OHK2201_OHK0,221,0.25,_
TP2,OHK2201_OHK0,222,0.25,_
TP2,OKI2201_OKI0,228,0.099099099,_
TP2,OKI2201_OKI0,230,0.450450451,_
TP2,OKI2201_OKI0,231,0.450450451,_
TP2,PEN0331,81,1,_
TP2,PPI2201_PPI0,241,1,_
TP2,PRM0331,465,1,_
TP2,ROT1101_WHE0,272,1,_
TP2,ROX1101_ROX0,714,0.333333333,_
TP2,ROX1101_ROX0,715,0.333333333,_
TP2,ROX1101_ROX0,716,0.333333333,_
TP2,ROX2201_ROX0,717,0.2,_
TP2,ROX2201_ROX0,718,0.2,_
TP2,ROX2201_ROX0,719,0.2,_
TP2,ROX2201_ROX0,720,0.2,_
TP2,ROX2201_ROX0,721,0.2,_
TP2,RPO2201_RPO0,386,0.5,_
TP2,RPO2201_RPO0,387,0.5,_
TP2,SFD2201_SFD21,340,1,_
TP2,SFD2201_SFD22,341,1,_
TP2,SFD2201_SPL0,346,1,_
TP2,STK0661_COB0,491,1,_
TP2,TGA0331_KMI0,183,1,_
TP2,THI2201_THI1,253,1,_
TP2,THI2201_THI2,254,1,_
TP2,TKA0111_TKA1,560,1,_
TP2,TKB2201_TKB1,655,0.5,_
TP2,TKB2201_TKB1,656,0.5,_
TP2,TKU2201_TKU0,391,0.25,_
TP2,TKU2201_TKU0,392,0.25,_
TP2,TKU2201_TKU0,393,0.25,_
TP2,TKU2201_TKU0,394,0.25,_
TP2,TUI1101_KTW0,298,0.5,_
TP2,TUI1101_KTW0,299,0.5,_
TP2,TUI1101_PRI0,300,0.5,_
TP2,TUI1101_PRI0,301,0.5,_
TP2,TUI1101_TUI0,302,0.333333333,_
TP2,TUI1101_TUI0,303,0.333333333,_
TP2,TUI1101_TUI0,304,0.333333333,_
TP2,TWC2201_NZW0,404,1,_
TP2,TWC2201_TWF0,405,1,_
TP2,TWH0331_TRC1,142,1,_
TP2,TWH0331_TUK0,147,1,_
TP2,WDV1101_TAP0,389,1,_
TP2,WGN0331,411,1,_
TP2,WHI0111,306,1,_
TP2,WHI2201_WHI0,307,0.333333333,_
TP2,WHI2201_WHI0,308,0.333333333,_
TP2,WHI2201_WHI0,309,0.333333333,_
TP2,WHU0331,150,1,_
TP2,WIL0331_MCK0,482,1,_
TP2,WKM2201_MOK0,198,0.524257784,_
TP2,WKM2201_MOK0,199,0.475742216,_
TP2,WKM2201_WKM0,274,0.25,_
TP2,WKM2201_WKM0,275,0.25,_
TP2,WKM2201_WKM0,276,0.25,_
TP2,WKM2201_WKM0,277,0.25,_
TP2,WKO0331,152,1,_
TP2,WPA2201_WPA0,283,1,_
TP2,WRK0331_RKA0,740,1,_
TP2,WRK0331_TAA0,248,1,_
TP2,WRK2201_WRK0,285,0.340664962,_
TP2,WRK2201_WRK0,286,0.170332481,_
TP2,WRK2201_WRK0,287,0.19028133,_
TP2,WRK2201_WRK0,288,0.211764706,_
TP2,WRK2201_WRK0,289,0.086956522,_
TP2,WTK0111_WTK0,660,1,_
TP2,WWD1102_WWD0,479,1,_
TP2,WWD1103_WWD0,744,1,_
TP2,KAW0112_DLS0,176,1,_
TP2,KAW0113_DLS1,178,1,_
TP2,ABY0111,541,1,_
TP2,ALB0331,4,1,_
TP2,ALB1101,41,1,_
TP2,APS0111,569,1,_
TP2,ARG1101,487,1,_
TP2,ASB0331,543,1,_
TP2,ASB0661,544,1,_
TP2,ASY0111,520,0.5,_
TP2,ASY0111,748,0.5,_
TP2,ATU1101,488,1,_
TP2,BAL0331,669,1,_
TP2,BDE0111,671,1,_
TP2,BLN0331,489,1,_
TP2,BOB0331,45,1,_
TP2,BPD1101,618,1,_
TP2,BPE0331,357,1,_
TP2,BPE0551,358,0.5,_
TP2,BPE0551,359,0.5,_
TP2,BPT1101,619,1,_
TP2,BRB0331,8,1,_
TP2,BRK0331,315,1,_
TP2,BRY0661,549,1,_
TP2,BWK1101,673,1,_
TP2,CBG0111,105,1,_
TP2,CLH0111,572,1,_
TP2,CML0331,620,1,_
TP2,COL0111,575,1,_
TP2,COL0661,576,1,_
TP2,CPK0111,416,0.5,_
TP2,CPK0111,417,0.5,_
TP2,CST0331,317,1,_
TP2,CUL0331,493,1,_
TP2,CUL0661,494,1,_
TP2,CYD0331,678,1,_
TP2,CYD2201,679,1,_
TP2,DOB0331,579,1,_
TP2,DVK0111,366,1,_
TP2,EDG0331,168,1,_
TP2,EDN0331,680,1,_
TP2,FHL0331,293,1,_
TP2,FKN0331,628,1,_
TP2,GFD0331,426,1,_
TP2,GLN0331,733,1,_
TP2,GLN0332,51,1,_
TP2,GOR0331,682,1,_
TP2,GYM0661,585,1,_
TP2,GYT0331,429,1,_
TP2,HAM0111,108,1,_
TP2,HAM0551,110,1,_
TP2,HAM0551,5039,0,_
TP2,HAY0111,434,1,_
TP2,HAY0331,443,1,_
TP2,HEN0331,12,1,_
TP2,HEP0331,17,1,_
TP2,HKK0661,587,1,_
TP2,HLY0331,121,1,_
TP2,HOB1101,56,1,_
TP2,HOR0331,589,1,_
TP2,HOR0661,590,1,_
TP2,HTI0331,123,1,_
TP2,HUI0331,319,1,_
TP2,HWA0331,321,1,_
TP2,HWA0332,742,1,_
TP2,HWA1101,322,1,_
TP2,HWA1102,322,1,_
TP2,HWB0331,688,1,_
TP2,HWB0332,753,1,_
TP2,HWB1101,693,1,_
TP2,INV0331,696,1,_
TP2,ISL0661,526,1,_
TP2,KAI0111,531,1,_
TP2,KAW0112,176,1,_
TP2,KAW1101,181,1,_
TP2,KBY0661,591,1,_
TP2,KBY0662,591,1,_
TP2,KIK0111,745,1,_
TP2,KIN0111,126,1,_
TP2,KIN0112,125,1,_
TP2,KIN0113,738,1,_
TP2,KMO0331,187,1,_
TP2,KOE1101,20,1,_
TP2,KPA1101,324,1,_
TP2,KUM0661,593,1,_
TP2,KWA0111,451,1,_
TP2,LFD1101,192,1,_
TP2,LFD1102,192,1,_
TP2,LTN0331,370,1,_
TP2,MAN2201,701,1,_
TP2,MAT1101,156,0.909090909,_
TP2,MAT1101,197,0.090909091,_
TP2,MCH0111,503,1,_
TP2,MER0331,60,1,_
TP2,MGM0331,454,1,_
TP2,MHO0331,374,1,_
TP2,MKE1101,325,0.5,_
TP2,MKE1101,326,0.5,_
TP2,MLG0111,456,1,_
TP2,MLG0331,457,1,_
TP2,MNG0331,61,1,_
TP2,MNG1101,62,1,_
TP2,MNI0111,328,1,_
TP2,MST0331,460,1,_
TP2,MTM0331,212,1,_
TP2,MTN0331,377,1,_
TP2,MTO0331,28,1,_
TP2,MTR0331,380,1,_
TP2,NAP2201,214,1,_
TP2,NAP2202,215,1,_
TP2,NMA0331,711,1,_
TP2,NPK0331,382,1,_
TP2,NPL0331,331,1,_
TP2,NSY0331,632,1,_
TP2,OAM0331,634,1,_
TP2,OKN0111,384,1,_
TP2,ONG0331,137,1,_
TP2,OPK0331,335,1,_
TP2,ORO1101,507,1,_
TP2,ORO1102,508,1,_
TP2,OTA0221,66,1,_
TP2,OTI0111,595,1,_
TP2,OWH0111,239,1,_
TP2,PAK0331,75,1,_
TP2,PAO1101,139,1,_
TP2,PEN0221,79,1,_
TP2,PEN0251,80,1,_
TP2,PEN1101,56,0.190798081,_
TP2,PEN1101,58,0.645660707,_
TP2,PEN1101,88,0.163541212,_
TP2,PNI0331,462,1,_
TP2,PPI2201,241,0.5,_
TP2,PPI2201,242,0.5,_
TP2,RDF0331,295,1,_
TP2,RFN1101,506,1,_
TP2,RFN1102,505,1,_
TP2,ROS0221,89,1,_
TP2,ROS1101,90,1,_
TP2,ROT0111,245,1,_
TP2,ROT0331,246,1,_
TP2,ROT1101,247,1,_
TP2,SBK0331,533,1,_
TP2,SBK0661,534,1,_
TP2,SDN0331,725,1,_
TP2,SFD0331,342,1,_
TP2,SFD2201,345,1,_
TP2,STK0331,511,1,_
TP2,STK0661,512,1,_
TP2,STU0111,653,1,_
TP2,SVL0331,32,1,_
TP2,SWN0251,36,1,_
TP2,SWN2201,37,1,_
TP2,TAK0331,91,1,_
TP2,TGA0111,250,1,_
TP2,TGA0331,251,1,_
TP2,THI2201,255,1,_
TP2,TIM0111,556,1,_
TP2,TKA0331,561,1,_
TP2,TKH0111,256,1,_
TP2,TKR0331,470,1,_
TP2,TKU0331,395,1,_
TP2,TMI0331,258,1,_
TP2,TMK0331,563,1,_
TP2,TMN0551,397,0.5,_
TP2,TMN0551,398,0.5,_
TP2,TMU0111,140,1,_
TP2,TNG0111,400,1,_
TP2,TNG0551,401,0.5,_
TP2,TNG0551,402,0.5,_
TP2,TRK0111,260,1,_
TP2,TUI1101,305,1,_
TP2,TWC2201,406,1,_
TP2,TWH0331,143,0.253164557,_
TP2,TWH0331,148,0.746835443,_
TP2,TWI2201,728,1,_
TP2,TWZ0331,658,1,_
TP2,UHT0331,472,1,_
TP2,WAI0111,269,1,_
TP2,WDV0111,409,1,_
TP2,WDV1101,410,1,_
TP2,WEL0331,38,1,_
TP2,WHI2201,310,1,_
TP2,WIL0331,475,1,_
TP2,WIR0331,94,1,_
TP2,WKM2201,278,1,_
TP2,WPR0331,535,1,_
TP2,WPR0661,536,1,_
TP2,WPT0111,518,1,_
TP2,WPW0331,413,1,_
TP2,WRD0331,41,1,_
TP2,WRK0331,290,1,_
TP2,WTK0111,660,1,_
TP2,WTK0331,5173,1,_
TP2,WTU0331,311,1,_
TP2,WVY0111,352,1,_
TP2,WWD1102,481,1,_
TP2,WWD1103,480,1,_
TP2,ABY1101,542,1,_
TP2,ALB2201,7,1,_
TP2,APS0661,570,1,_
TP2,ARA2201,163,1,_
TP2,ARI1101,737,1,_
TP2,ARI1102,101,1,_
TP2,ASB2201,545,1,_
TP2,ASY0661,521,1,_
TP2,ATI2201,164,1,_
TP2,AVI2201,603,1,_
TP2,BAL1101,670,1,_
TP2,BDE1101,672,1,_
TP2,BEN2201,617,1,_
TP2,BEN2202,617,1,_
TP2,BEN3502,615,1,_
TP2,BEN3503,616,1,_
TP2,BHL2201,47,1,_
TP2,BHL2202,5013,1,_
TP2,BLN1101,490,1,_
TP2,BPC1101,598,1,_
TP2,BPE1101,363,1,_
TP2,BPE2201,364,1,_
TP2,BRB2201,9,1,_
TP2,BRK2201,316,1,_
TP2,BRK2202,316,1,_
TP2,BRY2201,553,1,_
TP2,CBG1101,107,1,_
TP2,CBG1102,106,1,_
TP2,CLH0661,573,1,_
TP2,CML1101,625,1,_
TP2,CML1102,624,1,_
TP2,CML2201,627,1,_
TP2,CML2202,626,1,_
TP2,CPK1101,419,1,_
TP2,CPK1102,420,1,_
TP2,CPK1103,421,1,_
TP2,CST1101,318,1,_
TP2,CUL2202,495,1,_
TP2,CUL2203,496,1,_
TP2,DOB0661,580,1,_
TP2,DOB1101,584,1,_
TP2,DOB1102,583,1,_
TP2,DRY2201,49,1,_
TP2,DRY2202,49,1,_
TP2,DVK1101,367,1,_
TP2,DVK1102,368,1,_
TP2,EDG1101,171,1,_
TP2,EDG1102,171,1,_
TP2,EDG2201,172,1,_
TP2,EDN1101,681,1,_
TP2,FHL1101,294,1,_
TP2,FKN1101,630,1,_
TP2,FKN1102,629,1,_
TP2,GFD1101,428,1,_
TP2,GFD1102,427,1,_
TP2,GLN2201,53,1,_
TP2,GNY1101,597,1,_
TP2,GOR1101,683,1,_
TP2,GOR1102,683,1,_
TP2,GYT1101,430,1,_
TP2,GYT1102,431,1,_
TP2,HAM1101,112,1,_
TP2,HAM2201,113,1,_
TP2,HAY1101,447,1,_
TP2,HAY2201,450,1,_
TP2,HAY3502,449,1,_
TP2,HAY3503,448,1,_
TP2,HEN1101,15,1,_
TP2,HEN2201,16,1,_
TP2,HEP1101,18,1,_
TP2,HIN1101,115,1,_
TP2,HLY2201,116,1,_
TP2,HOB2201,57,1,_
TP2,HPI2201,19,1,_
TP2,HPI2202,19,1,_
TP2,HTI1101,124,1,_
TP2,HUI1101,320,1,_
TP2,HWA1001,322,1,_
TP2,HWB2201,694,1,_
TP2,IGH1101,497,1,_
TP2,INV1101,698,1,_
TP2,INV2201,699,1,_
TP2,INV2202,699,1,_
TP2,ISL2201,530,1,_
TP2,KAI0661,532,1,_
TP2,KAW2201,182,1,_
TP2,KBT0661,567,1,_
TP2,KBT0662,566,1,_
TP2,KIK1101,501,1,_
TP2,KIK2201,502,1,_
TP2,KIN1101,129,1,_
TP2,KIN1102,129,1,_
TP2,KMO1101,190,1,_
TP2,KMO1102,190,1,_
TP2,KMO1103,190,1,_
TP2,KMO2201,191,1,_
TP2,KPO1101,133,1,_
TP2,KPU1101,739,1,_
TP2,KPU1102,5053,1,_
TP2,KWA1101,452,1,_
TP2,KWA1102,453,1,_
TP2,LIV2201,631,1,_
TP2,LTN2201,371,1,_
TP2,LTN2202,372,1,_
TP2,MCH1101,504,1,_
TP2,MDN1101,25,1,_
TP2,MDN2201,26,1,_
TP2,MGM1101,455,1,_
TP2,MHO1101,375,1,_
TP2,MHO1102,376,1,_
TP2,MHT1102,422,1,_
TP2,MHT1103,423,1,_
TP2,MKT1101,314,1,_
TP2,MLG1101,459,1,_
TP2,MLG1102,458,1,_
TP2,MNI1101,329,1,_
TP2,MST1101,461,1,_
TP2,MTI2201,211,1,_
TP2,MTM1101,213,1,_
TP2,MTN1101,379,1,_
TP2,MTN1102,378,1,_
TP2,MTO1101,29,1,_
TP2,MTO1102,30,1,_
TP2,MTR1101,381,1,_
TP2,MVE1101,102,1,_
TP2,MVE1102,103,1,_
TP2,NGA1101,31,1,_
TP2,NMA2201,712,1,_
TP2,NPK1101,383,1,_
TP2,NPL1101,333,1,_
TP2,NPL2201,334,1,_
TP2,NSY2201,633,1,_
TP2,OAM1101,635,1,_
TP2,OAM1102,752,1,_
TP2,OHA2201,640,1,_
TP2,OHB2201,645,1,_
TP2,OHC2201,650,1,_
TP2,OHK2201,223,1,_
TP2,OHW2201,136,1,_
TP2,OHW2202,136,1,_
TP2,OKE1101,224,1,_
TP2,OKI2201,227,0.5,_
TP2,OKI2201,229,0.5,_
TP2,OKN1101,385,1,_
TP2,ONG1101,138,1,_
TP2,OPI2201,540,1,_
TP2,OPI2202,539,1,_
TP2,OPK1101,743,1,_
TP2,OPK1102,336,1,_
TP2,OTA1103,70,1,_
TP2,OTA1104,734,1,_
TP2,OTA1105,70,1,_
TP2,OTA1106,734,1,_
TP2,OTA1107,70,1,_
TP2,OTA1108,734,1,_
TP2,OTA1109,70,1,_
TP2,OTA110A,734,1,_
TP2,OTA2201,72,1,_
TP2,OTA2202,73,1,_
TP2,OTA2203,71,1,_
TP2,OTI0661,596,1,_
TP2,OWH1101,240,1,_
TP2,PAK2201,76,1,_
TP2,PEN0222,79,1,_
TP2,PEN2201,87,1,_
TP2,PIE1101,173,1,_
TP2,PNI1101,463,1,_
TP2,PNI1102,464,1,_
TP2,PRM2201,468,1,_
TP2,PRM2202,469,1,_
TP2,PRT2201,425,1,_
TP2,PRT2202,424,1,_
TP2,RDF1101,296,1,_
TP2,RDF1102,296,1,_
TP2,RDF2201,297,1,_
TP2,RFC1101,483,1,_
TP2,ROT1102,247,1,_
TP2,ROX1101,723,1,_
TP2,ROX2201,724,1,_
TP2,RPO2201,388,1,_
TP2,RTO1101,104,1,_
TP2,RTR1101,365,1,_
TP2,SDN2201,726,1,_
TP2,SFD1101,344,1,_
TP2,STK1101,515,1,_
TP2,STK2201,516,1,_
TP2,STU1101,654,1,_
TP2,SVL2201,33,1,_
TP2,SVL2202,34,1,_
TP2,TAK2201,92,1,_
TP2,TAK2202,93,1,_
TP2,TGA1101,252,1,_
TP2,TIM1101,557,1,_
TP2,TIM2201,559,1,_
TP2,TIM2202,558,1,_
TP2,TKA0111,560,1,_
TP2,TKA1101,562,1,_
TP2,TKB2201,657,1,_
TP2,TKH0501,257,1,_
TP2,TKR1101,471,1,_
TP2,TKU2201,396,1,_
TP2,TMH2201,727,1,_
TP2,TMI1101,259,1,_
TP2,TMK1101,5163,1,_
TP2,TMK1102,565,1,_
TP2,TMN2201,399,1,_
TP2,TMU1101,141,1,_
TP2,TNG2201,403,1,_
TP2,TRK1101,267,1,_
TP2,TRK1102,267,1,_
TP2,TRK2201,268,1,_
TP2,TWH2201,149,1,_
TP2,TWT2201,369,1,_
TP2,TWZ2201,659,1,_
TP2,TWZ2202,659,1,_
TP2,UHT1101,473,1,_
TP2,WAI0501,270,1,_
TP2,WAI1101,271,1,_
TP2,WDV1102,410,1,_
TP2,WEL1101,40,1,_
TP2,WEL1102,39,1,_
TP2,WGN1101,412,1,_
TP2,WHU1101,151,1,_
TP2,WIL1101,477,1,_
TP2,WIL2201,478,1,_
TP2,WIR1101,95,1,_
TP2,WIR1102,736,1,_
TP2,WKM2202,282,1,_
TP2,WKO1101,153,1,_
TP2,WMG1101,746,1,_
TP2,WMG1102,517,1,_
TP2,WPA2201,284,1,_
TP2,WPR2202,538,1,_
TP2,WPR2203,537,1,_
TP2,WPT1101,747,1,_
TP2,WPT1102,519,1,_
TP2,WPW1101,414,1,_
TP2,WPW1102,415,1,_
TP2,WRD2201,44,1,_
TP2,WRK2201,292,1,_
TP2,WTK1101,666,1,_
TP2,WTK1102,667,1,_
TP2,WTK2201,668,1,_
TP2,WTU2201,741,1,_
TP2,WTU2202,312,1,_
TP2,WVY1101,353,1,_
TP3,ARA2201_ARA0,160,0.333333333,_
TP3,ARA2201_ARA0,161,0.333333333,_
TP3,ARA2201_ARA0,162,0.333333333,_
TP3,ARG1101_BRR0,486,1,_
TP3,ARI1101_ARI0,100,0.25,_
TP3,ARI1101_ARI0,97,0.25,_
TP3,ARI1101_ARI0,98,0.25,_
TP3,ARI1101_ARI0,99,0.25,_
TP3,ARI1102_ARI0,96,1,_
TP3,ASB0661_HBK0,554,1,_
TP3,ATI2201_ATI0,164,1,_
TP3,AVI2201_AVI0,599,0.25,_
TP3,AVI2201_AVI0,600,0.25,_
TP3,AVI2201_AVI0,601,0.25,_
TP3,AVI2201_AVI0,602,0.25,_
TP3,BEN2202_BEN0,606,0.166666667,_
TP3,BEN2202_BEN0,607,0.166666667,_
TP3,BEN2202_BEN0,608,0.166666667,_
TP3,BEN2202_BEN0,609,0.166666667,_
TP3,BEN2202_BEN0,610,0.166666667,_
TP3,BEN2202_BEN0,611,0.166666667,_
TP3,BOB1101,46,1,_
TP3,BPE0331_TWF0,408,1,_
TP3,BWK1101_WPI0,731,1,_
TP3,COL0661_COL0,574,0.447368421,_
TP3,COL0661_COL0,750,0.552631579,_
TP3,CPK0331,418,1,_
TP3,CYD2201_CYD0,674,0.25,_
TP3,CYD2201_CYD0,675,0.25,_
TP3,CYD2201_CYD0,676,0.25,_
TP3,CYD2201_CYD0,677,0.25,_
TP3,GLN0332_GLN0,50,1,_
TP3,HAM0331,109,1,_
TP3,HIN0331,114,1,_
TP3,HLY2201_HLY1,119,1,_
TP3,HLY2201_HLY2,118,1,_
TP3,HLY2201_HLY5,120,1,_
TP3,HLY2201_HLY6,117,1,_
TP3,HWA1101_PTA1,337,1,_
TP3,HWA1101_PTA2,337,1,_
TP3,HWA1101_PTA3,337,1,_
TP3,HWA1102_WAA0,348,0.416909621,_
TP3,HWA1102_WAA0,350,0.583090379,_
TP3,HWA1102_WAA1,348,0.416909621,_
TP3,HWA1102_WAA1,350,0.583090379,_
TP3,HWB0331_MAH0,700,1,_
TP3,HWB0331_WPI0,730,1,_
TP3,ISL0331,525,1,_
TP3,KAW0111,179,1,_
TP3,KAW0112_ONU0,235,0.29467381,_
TP3,KAW0112_ONU0,236,0.204853451,_
TP3,KAW0112_ONU0,237,0.126063662,_
TP3,KAW0112_ONU0,238,0.374409077,_
TP3,KAW0113,178,1,_
TP3,KAW1101_KAG0,174,1,_
TP3,KIN0112_KIN0,125,1,_
TP3,KIN0331,127,1,_
TP3,KPA1101_KPI1,323,1,_
TP3,KPO1101_KPO0,130,0.333333333,_
TP3,KPO1101_KPO0,131,0.333333333,_
TP3,KPO1101_KPO0,132,0.333333333,_
TP3,KPU0661,134,1,_
TP3,KUM0661_KUM0,593,1,_
TP3,LTN0331_TWF0,407,1,_
TP3,MAN2201_MAN0,702,0.142857143,_
TP3,MAN2201_MAN0,703,0.142857143,_
TP3,MAN2201_MAN0,704,0.142857143,_
TP3,MAN2201_MAN0,705,0.142857143,_
TP3,MAN2201_MAN0,706,0.142857143,_
TP3,MAN2201_MAN0,707,0.142857143,_
TP3,MAN2201_MAN0,708,0.142857143,_
TP3,MAT1101_ANI0,154,0.5,_
TP3,MAT1101_ANI0,155,0.5,_
TP3,MAT1101_MAT0,195,0.5,_
TP3,MAT1101_MAT0,196,0.5,_
TP3,MHO0331_MHO0,373,1,_
TP3,MKE1101_MKE1,325,0.5,_
TP3,MKE1101_MKE1,326,0.5,_
TP3,MPE1101,27,1,_
TP3,MTI2201_MTI0,201,0.1,_
TP3,MTI2201_MTI0,202,0.1,_
TP3,MTI2201_MTI0,203,0.1,_
TP3,MTI2201_MTI0,204,0.1,_
TP3,MTI2201_MTI0,205,0.1,_
TP3,MTI2201_MTI0,206,0.1,_
TP3,MTI2201_MTI0,207,0.1,_
TP3,MTI2201_MTI0,208,0.1,_
TP3,MTI2201_MTI0,209,0.1,_
TP3,MTI2201_MTI0,210,0.1,_
TP3,NAP2201_NAP0,214,1,_
TP3,NAP2202_NTM0,216,0.5,_
TP3,NAP2202_NTM0,217,0.5,_
TP3,NMA0331_WHL0,729,1,_
TP3,NSY0331_PAE0,651,1,_
TP3,OHA2201_OHA0,636,0.25,_
TP3,OHA2201_OHA0,637,0.25,_
TP3,OHA2201_OHA0,638,0.25,_
TP3,OHA2201_OHA0,639,0.25,_
TP3,OHB2201_OHB0,641,0.25,_
TP3,OHB2201_OHB0,642,0.25,_
TP3,OHB2201_OHB0,643,0.25,_
TP3,OHB2201_OHB0,644,0.25,_
TP3,OHC2201_OHC0,646,0.25,_
TP3,OHC2201_OHC0,647,0.25,_
TP3,OHC2201_OHC0,648,0.25,_
TP3,OHC2201_OHC0,649,0.25,_
TP3,OHK2201_OHK0,219,0.25,_
TP3,OHK2201_OHK0,220,0.25,_
TP3,OHK2201_OHK0,221,0.25,_
TP3,OHK2201_OHK0,222,0.25,_
TP3,OKI2201_OKI0,228,0.099099099,_
TP3,OKI2201_OKI0,230,0.450450451,_
TP3,OKI2201_OKI0,231,0.450450451,_
TP3,PEN0331,81,1,_
TP3,PPI2201_PPI0,241,1,_
TP3,PRM0331,465,1,_
TP3,ROT1101_WHE0,272,1,_
TP3,ROX1101_ROX0,714,0.333333333,_
TP3,ROX1101_ROX0,715,0.333333333,_
TP3,ROX1101_ROX0,716,0.333333333,_
TP3,ROX2201_ROX0,717,0.2,_
TP3,ROX2201_ROX0,718,0.2,_
TP3,ROX2201_ROX0,719,0.2,_
TP3,ROX2201_ROX0,720,0.2,_
TP3,ROX2201_ROX0,721,0.2,_
TP3,RPO2201_RPO0,386,0.5,_
TP3,RPO2201_RPO0,387,0.5,_
TP3,SFD2201_SFD21,340,1,_
TP3,SFD2201_SFD22,341,1,_
TP3,SFD2201_SPL0,346,1,_
TP3,STK0661_COB0,491,1,_
TP3,TGA0331_KMI0,183,1,_
TP3,THI2201_THI1,253,1,_
TP3,THI2201_THI2,254,1,_
TP3,TKA0111_TKA1,560,1,_
TP3,TKB2201_TKB1,655,0.5,_
TP3,TKB2201_TKB1,656,0.5,_
TP3,TKU2201_TKU0,391,0.25,_
TP3,TKU2201_TKU0,392,0.25,_
TP3,TKU2201_TKU0,393,0.25,_
TP3,TKU2201_TKU0,394,0.25,_
TP3,TUI1101_KTW0,298,0.5,_
TP3,TUI1101_KTW0,299,0.5,_
TP3,TUI1101_PRI0,300,0.5,_
TP3,TUI1101_PRI0,301,0.5,_
TP3,TUI1101_TUI0,302,0.333333333,_
TP3,TUI1101_TUI0,303,0.333333333,_
TP3,TUI1101_TUI0,304,0.333333333,_
TP3,TWC2201_NZW0,404,1,_
TP3,TWC2201_TWF0,405,1,_
TP3,TWH0331_TRC1,142,1,_
TP3,TWH0331_TUK0,147,1,_
TP3,WDV1101_TAP0,389,1,_
TP3,WGN0331,411,1,_
TP3,WHI0111,306,1,_
TP3,WHI2201_WHI0,307,0.333333333,_
TP3,WHI2201_WHI0,308,0.333333333,_
TP3,WHI2201_WHI0,309,0.333333333,_
TP3,WHU0331,150,1,_
TP3,WIL0331_MCK0,482,1,_
TP3,WKM2201_MOK0,198,0.524257784,_
TP3,WKM2201_MOK0,199,0.475742216,_
TP3,WKM2201_WKM0,274,0.25,_
TP3,WKM2201_WKM0,275,0.25,_
TP3,WKM2201_WKM0,276,0.25,_
TP3,WKM2201_WKM0,277,0.25,_
TP3,WKO0331,152,1,_
TP3,WPA2201_WPA0,283,1,_
TP3,WRK0331_RKA0,740,1,_
TP3,WRK0331_TAA0,248,1,_
TP3,WRK2201_WRK0,285,0.340664962,_
TP3,WRK2201_WRK0,286,0.170332481,_
TP3,WRK2201_WRK0,287,0.19028133,_
TP3,WRK2201_WRK0,288,0.211764706,_
TP3,WRK2201_WRK0,289,0.086956522,_
TP3,WTK0111_WTK0,660,1,_
TP3,WWD1102_WWD0,479,1,_
TP3,WWD1103_WWD0,744,1,_
TP3,KAW0112_DLS0,176,1,_
TP3,KAW0113_DLS1,178,1,_
TP3,ABY0111,541,1,_
TP3,ALB0331,4,1,_
TP3,ALB1101,41,1,_
TP3,APS0111,569,1,_
TP3,ARG1101,487,1,_
TP3,ASB0331,543,1,_
TP3,ASB0661,544,1,_
TP3,ASY0111,520,0.5,_
TP3,ASY0111,748,0.5,_
TP3,ATU1101,488,1,_
TP3,BAL0331,669,1,_
TP3,BDE0111,671,1,_
TP3,BLN0331,489,1,_
TP3,BOB0331,45,1,_
TP3,BPD1101,618,1,_
TP3,BPE0331,357,1,_
TP3,BPE0551,358,0.5,_
TP3,BPE0551,359,0.5,_
TP3,BPT1101,619,1,_
TP3,BRB0331,8,1,_
TP3,BRK0331,315,1,_
TP3,BRY0661,549,1,_
TP3,BWK1101,673,1,_
TP3,CBG0111,105,1,_
TP3,CLH0111,572,1,_
TP3,CML0331,620,1,_
TP3,COL0111,575,1,_
TP3,COL0661,576,1,_
TP3,CPK0111,416,0.5,_
TP3,CPK0111,417,0.5,_
TP3,CST0331,317,1,_
TP3,CUL0331,493,1,_
TP3,CUL0661,494,1,_
TP3,CYD0331,678,1,_
TP3,CYD2201,679,1,_
TP3,DOB0331,579,1,_
TP3,DVK0111,366,1,_
TP3,EDG0331,168,1,_
TP3,EDN0331,680,1,_
TP3,FHL0331,293,1,_
TP3,FKN0331,628,1,_
TP3,GFD0331,426,1,_
TP3,GLN0331,733,1,_
TP3,GLN0332,51,1,_
TP3,GOR0331,682,1,_
TP3,GYM0661,585,1,_
TP3,GYT0331,429,1,_
TP3,HAM0111,108,1,_
TP3,HAM0551,110,1,_
TP3,HAM0551,5039,0,_
TP3,HAY0111,434,1,_
TP3,HAY0331,443,1,_
TP3,HEN0331,12,1,_
TP3,HEP0331,17,1,_
TP3,HKK0661,587,1,_
TP3,HLY0331,121,1,_
TP3,HOB1101,56,1,_
TP3,HOR0331,589,1,_
TP3,HOR0661,590,1,_
TP3,HTI0331,123,1,_
TP3,HUI0331,319,1,_
TP3,HWA0331,321,1,_
TP3,HWA0332,742,1,_
TP3,HWA1101,322,1,_
TP3,HWA1102,322,1,_
TP3,HWB0331,688,1,_
TP3,HWB0332,753,1,_
TP3,HWB1101,693,1,_
TP3,INV0331,696,1,_
TP3,ISL0661,526,1,_
TP3,KAI0111,531,1,_
TP3,KAW0112,176,1,_
TP3,KAW1101,181,1,_
TP3,KBY0661,591,1,_
TP3,KBY0662,591,1,_
TP3,KIK0111,745,1,_
TP3,KIN0111,126,1,_
TP3,KIN0112,125,1,_
TP3,KIN0113,738,1,_
TP3,KMO0331,187,1,_
TP3,KOE1101,20,1,_
TP3,KPA1101,324,1,_
TP3,KUM0661,593,1,_
TP3,KWA0111,451,1,_
TP3,LFD1101,192,1,_
TP3,LFD1102,192,1,_
TP3,LTN0331,370,1,_
TP3,MAN2201,701,1,_
TP3,MAT1101,156,0.909090909,_
TP3,MAT1101,197,0.090909091,_
TP3,MCH0111,503,1,_
TP3,MER0331,60,1,_
TP3,MGM0331,454,1,_
TP3,MHO0331,374,1,_
TP3,MKE1101,325,0.5,_
TP3,MKE1101,326,0.5,_
TP3,MLG0111,456,1,_
TP3,MLG0331,457,1,_
TP3,MNG0331,61,1,_
TP3,MNG1101,62,1,_
TP3,MNI0111,328,1,_
TP3,MST0331,460,1,_
TP3,MTM0331,212,1,_
TP3,MTN0331,377,1,_
TP3,MTO0331,28,1,_
TP3,MTR0331,380,1,_
TP3,NAP2201,214,1,_
TP3,NAP2202,215,1,_
TP3,NMA0331,711,1,_
TP3,NPK0331,382,1,_
TP3,NPL0331,331,1,_
TP3,NSY0331,632,1,_
TP3,OAM0331,634,1,_
TP3,OKN0111,384,1,_
TP3,ONG0331,137,1,_
TP3,OPK0331,335,1,_
TP3,ORO1101,507,1,_
TP3,ORO1102,508,1,_
TP3,OTA0221,66,1,_
TP3,OTI0111,595,1,_
TP3,OWH0111,239,1,_
TP3,PAK0331,75,1,_
TP3,PAO1101,139,1,_
TP3,PEN0221,79,1,_
TP3,PEN0251,80,1,_
TP3,PEN1101,56,0.190798081,_
TP3,PEN1101,58,0.645660707,_
TP3,PEN1101,88,0.163541212,_
TP3,PNI0331,462,1,_
TP3,PPI2201,241,0.5,_
TP3,PPI2201,242,0.5,_
TP3,RDF0331,295,1,_
TP3,RFN1101,506,1,_
TP3,RFN1102,505,1,_
TP3,ROS0221,89,1,_
TP3,ROS1101,90,1,_
TP3,ROT0111,245,1,_
TP3,ROT0331,246,1,_
TP3,ROT1101,247,1,_
TP3,SBK0331,533,1,_
TP3,SBK0661,534,1,_
TP3,SDN0331,725,1,_
TP3,SFD0331,342,1,_
TP3,SFD2201,345,1,_
TP3,STK0331,511,1,_
TP3,STK0661,512,1,_
TP3,STU0111,653,1,_
TP3,SVL0331,32,1,_
TP3,SWN0251,36,1,_
TP3,SWN2201,37,1,_
TP3,TAK0331,91,1,_
TP3,TGA0111,250,1,_
TP3,TGA0331,251,1,_
TP3,THI2201,255,1,_
TP3,TIM0111,556,1,_
TP3,TKA0331,561,1,_
TP3,TKH0111,256,1,_
TP3,TKR0331,470,1,_
TP3,TKU0331,395,1,_
TP3,TMI0331,258,1,_
TP3,TMK0331,563,1,_
TP3,TMN0551,397,0.5,_
TP3,TMN0551,398,0.5,_
TP3,TMU0111,140,1,_
TP3,TNG0111,400,1,_
TP3,TNG0551,401,0.5,_
TP3,TNG0551,402,0.5,_
TP3,TRK0111,260,1,_
TP3,TUI1101,305,1,_
TP3,TWC2201,406,1,_
TP3,TWH0331,143,0.253164557,_
TP3,TWH0331,148,0.746835443,_
TP3,TWI2201,728,1,_
TP3,TWZ0331,658,1,_
TP3,UHT0331,472,1,_
TP3,WAI0111,269,1,_
TP3,WDV0111,409,1,_
TP3,WDV1101,410,1,_
TP3,WEL0331,38,1,_
TP3,WHI2201,310,1,_
TP3,WIL0331,475,1,_
TP3,WIR0331,94,1,_
TP3,WKM2201,278,1,_
TP3,WPR0331,535,1,_
TP3,WPR0661,536,1,_
TP3,WPT0111,518,1,_
TP3,WPW0331,413,1,_
TP3,WRD0331,41,1,_
TP3,WRK0331,290,1,_
TP3,WTK0111,660,1,_
TP3,WTK0331,5173,1,_
TP3,WTU0331,311,1,_
TP3,WVY0111,352,1,_
TP3,WWD1102,481,1,_
TP3,WWD1103,480,1,_
TP3,ABY1101,542,1,_
TP3,ALB2201,7,1,_
TP3,APS0661,570,1,_
TP3,ARA2201,163,1,_
TP3,ARI1101,737,1,_
TP3,ARI1102,101,1,_
TP3,ASB2201,545,1,_
TP3,ASY0661,521,1,_
TP3,ATI2201,164,1,_
TP3,AVI2201,603,1,_
TP3,BAL1101,670,1,_
TP3,BDE1101,672,1,_
TP3,BEN2201,617,1,_
TP3,BEN2202,617,1,_
TP3,BEN3502,615,1,_
TP3,BEN3503,616,1,_
TP3,BHL2201,47,1,_
TP3,BHL2202,5013,1,_
TP3,BLN1101,490,1,_
TP3,BPC1101,598,1,_
TP3,BPE1101,363,1,_
TP3,BPE2201,364,1,_
TP3,BRB2201,9,1,_
TP3,BRK2201,316,1,_
TP3,BRK2202,316,1,_
TP3,BRY2201,553,1,_
TP3,CBG1101,107,1,_
TP3,CBG1102,106,1,_
TP3,CLH0661,573,1,_
TP3,CML1101,625,1,_
TP3,CML1102,624,1,_
TP3,CML2201,627,1,_
TP3,CML2202,626,1,_
TP3,CPK1101,419,1,_
TP3,CPK1102,420,1,_
TP3,CPK1103,421,1,_
TP3,CST1101,318,1,_
TP3,CUL2202,495,1,_
TP3,CUL2203,496,1,_
TP3,DOB0661,580,1,_
TP3,DOB1101,584,1,_
TP3,DOB1102,583,1,_
TP3,DRY2201,49,1,_
TP3,DRY2202,49,1,_
TP3,DVK1101,367,1,_
TP3,DVK1102,368,1,_
TP3,EDG1101,171,1,_
TP3,EDG1102,171,1,_
TP3,EDG2201,172,1,_
TP3,EDN1101,681,1,_
TP3,FHL1101,294,1,_
TP3,FKN1101,630,1,_
TP3,FKN1102,629,1,_
TP3,GFD1101,428,1,_
TP3,GFD1102,427,1,_
TP3,GLN2201,53,1,_
TP3,GNY1101,597,1,_
TP3,GOR1101,683,1,_
TP3,GOR1102,683,1,_
TP3,GYT1101,430,1,_
TP3,GYT1102,431,1,_
TP3,HAM1101,112,1,_
TP3,HAM2201,113,1,_
TP3,HAY1101,447,1,_
TP3,HAY2201,450,1,_
TP3,HAY3502,449,1,_
TP3,HAY3503,448,1,_
TP3,HEN1101,15,1,_
TP3,HEN2201,16,1,_
TP3,HEP1101,18,1,_
TP3,HIN1101,115,1,_
TP3,HLY2201,116,1,_
TP3,HOB2201,57,1,_
TP3,HPI2201,19,1,_
TP3,HPI2202,19,1,_
TP3,HTI1101,124,1,_
TP3,HUI1101,320,1,_
TP3,HWA1001,322,1,_
TP3,HWB2201,694,1,_
TP3,IGH1101,497,1,_
TP3,INV1101,698,1,_
TP3,INV2201,699,1,_
TP3,INV2202,699,1,_
TP3,ISL2201,530,1,_
TP3,KAI0661,532,1,_
TP3,KAW2201,182,1,_
TP3,KBT0661,567,1,_
TP3,KBT0662,566,1,_
TP3,KIK1101,501,1,_
TP3,KIK2201,502,1,_
TP3,KIN1101,129,1,_
TP3,KIN1102,129,1,_
TP3,KMO1101,190,1,_
TP3,KMO1102,190,1,_
TP3,KMO1103,190,1,_
TP3,KMO2201,191,1,_
TP3,KPO1101,133,1,_
TP3,KPU1101,739,1,_
TP3,KPU1102,5053,1,_
TP3,KWA1101,452,1,_
TP3,KWA1102,453,1,_
TP3,LIV2201,631,1,_
TP3,LTN2201,371,1,_
TP3,LTN2202,372,1,_
TP3,MCH1101,504,1,_
TP3,MDN1101,25,1,_
TP3,MDN2201,26,1,_
TP3,MGM1101,455,1,_
TP3,MHO1101,375,1,_
TP3,MHO1102,376,1,_
TP3,MHT1102,422,1,_
TP3,MHT1103,423,1,_
TP3,MKT1101,314,1,_
TP3,MLG1101,459,1,_
TP3,MLG1102,458,1,_
TP3,MNI1101,329,1,_
TP3,MST1101,461,1,_
TP3,MTI2201,211,1,_
TP3,MTM1101,213,1,_
TP3,MTN1101,379,1,_
TP3,MTN1102,378,1,_
TP3,MTO1101,29,1,_
TP3,MTO1102,30,1,_
TP3,MTR1101,381,1,_
TP3,MVE1101,102,1,_
TP3,MVE1102,103,1,_
TP3,NGA1101,31,1,_
TP3,NMA2201,712,1,_
TP3,NPK1101,383,1,_
TP3,NPL1101,333,1,_
TP3,NPL2201,334,1,_
TP3,NSY2201,633,1,_
TP3,OAM1101,635,1,_
TP3,OAM1102,752,1,_
TP3,OHA2201,640,1,_
TP3,OHB2201,645,1,_
TP3,OHC2201,650,1,_
TP3,OHK2201,223,1,_
TP3,OHW2201,136,1,_
TP3,OHW2202,136,1,_
TP3,OKE1101,224,1,_
TP3,OKI2201,227,0.5,_
TP3,OKI2201,229,0.5,_
TP3,OKN1101,385,1,_
TP3,ONG1101,138,1,_
TP3,OPI2201,540,1,_
TP3,OPI2202,539,1,_
TP3,OPK1101,743,1,_
TP3,OPK1102,336,1,_
TP3,OTA1103,70,1,_
TP3,OTA1104,734,1,_
TP3,OTA1105,70,1,_
TP3,OTA1106,734,1,_
TP3,OTA1107,70,1,_
TP3,OTA1108,734,1,_
TP3,OTA1109,70,1,_
TP3,OTA110A,734,1,_
TP3,OTA2201,72,1,_
TP3,OTA2202,73,1,_
TP3,OTA2203,71,1,_
TP3,OTI0661,596,1,_
TP3,OWH1101,240,1,_
TP3,PAK2201,76,1,_
TP3,PEN0222,79,1,_
TP3,PEN2201,87,1,_
TP3,PIE1101,173,1,_
TP3,PNI1101,463,1,_
TP3,PNI1102,464,1,_
TP3,PRM2201,468,1,_
TP3,PRM2202,469,1,_
TP3,PRT2201,425,1,_
TP3,PRT2202,424,1,_
TP3,RDF1101,296,1,_
TP3,RDF1102,296,1,_
TP3,RDF2201,297,1,_
TP3,RFC1101,483,1,_
TP3,ROT1102,247,1,_
TP3,ROX1101,723,1,_
TP3,ROX2201,724,1,_
TP3,RPO2201,388,1,_
TP3,RTO1101,104,1,_
TP3,RTR1101,365,1,_
TP3,SDN2201,726,1,_
TP3,SFD1101,344,1,_
TP3,STK1101,515,1,_
TP3,STK2201,516,1,_
TP3,STU1101,654,1,_
TP3,SVL2201,33,1,_
TP3,SVL2202,34,1,_
TP3,TAK2201,92,1,_
TP3,TAK2202,93,1,_
TP3,TGA1101,252,1,_
TP3,TIM1101,557,1,_
TP3,TIM2201,559,1,_
TP3,TIM2202,558,1,_
TP3,TKA0111,560,1,_
TP3,TKA1101,562,1,_
TP3,TKB2201,657,1,_
TP3,TKH0501,257,1,_
TP3,TKR1101,471,1,_
TP3,TKU2201,396,1,_
TP3,TMH2201,727,1,_
TP3,TMI1101,259,1,_
TP3,TMK1101,5163,1,_
TP3,TMK1102,565,1,_
TP3,TMN2201,399,1,_
TP3,TMU1101,141,1,_
TP3,TNG2201,403,1,_
TP3,TRK1101,267,1,_
TP3,TRK1102,267,1,_
TP3,TRK2201,268,1,_
TP3,TWH2201,149,1,_
TP3,TWT2201,369,1,_
TP3,TWZ2201,659,1,_
TP3,TWZ2202,659,1,_
TP3,UHT1101,473,1,_
TP3,WAI0501,270,1,_
TP3,WAI1101,271,1,_
TP3,WDV1102,410,1,_
TP3,WEL1101,40,1,_
TP3,WEL1102,39,1,_
TP3,WGN1101,412,1,_
TP3,WHU1101,151,1,_
TP3,WIL1101,477,1,_
TP3,WIL2201,478,1,_
TP3,WIR1101,95,1,_
TP3,WIR1102,736,1,_
TP3,WKM2202,282,1,_
TP3,WKO1101,153,1,_
TP3,WMG1101,746,1,_
TP3,WMG1102,517,1,_
TP3,WPA2201,284,1,_
TP3,WPR2202,538,1,_
TP3,WPR2203,537,1,_
TP3,WPT1101,747,1,_
TP3,WPT1102,519,1,_
TP3,WPW1101,414,1,_
TP3,WPW1102,415,1,_
TP3,WRD2201,44,1,_
TP3,WRK2201,292,1,_
TP3,WTK1101,666,1,_
TP3,WTK1102,667,1,_
TP3,WTK2201,668,1,_
TP3,WTU2201,741,1,_
TP3,WTU2202,312,1,_
TP3,WVY1101,353,1,_
TP4,ARA2201_ARA0,160,0.333333333,_
TP4,ARA2201_ARA0,161,0.333333333,_
TP4,ARA2201_ARA0,162,0.333333333,_
TP4,ARG1101_BRR0,486,1,_
TP4,ARI1101_ARI0,100,0.25,_
TP4,ARI1101_ARI0,97,0.25,_
TP4,ARI1101_ARI0,98,0.25,_
TP4,ARI1101_ARI0,99,0.25,_
TP4,ARI1102_ARI0,96,1,_
TP4,ASB0661_HBK0,554,1,_
TP4,ATI2201_ATI0,164,1,_
TP4,AVI2201_AVI0,599,0.25,_
TP4,AVI2201_AVI0,600,0.25,_
TP4,AVI2201_AVI0,601,0.25,_
TP4,AVI2201_AVI0,602,0.25,_
TP4,BEN2202_BEN0,606,0.166666667,_
TP4,BEN2202_BEN0,607,0.166666667,_
TP4,BEN2202_BEN0,608,0.166666667,_
TP4,BEN2202_BEN0,609,0.166666667,_
TP4,BEN2202_BEN0,610,0.166666667,_
TP4,BEN2202_BEN0,611,0.166666667,_
TP4,BOB1101,46,1,_
TP4,BPE0331_TWF0,408,1,_
TP4,BWK1101_WPI0,731,1,_
TP4,COL0661_COL0,574,0.447368421,_
TP4,COL0661_COL0,750,0.552631579,_
TP4,CPK0331,418,1,_
TP4,CYD2201_CYD0,674,0.25,_
TP4,CYD2201_CYD0,675,0.25,_
TP4,CYD2201_CYD0,676,0.25,_
TP4,CYD2201_CYD0,677,0.25,_
TP4,GLN0332_GLN0,50,1,_
TP4,HAM0331,109,1,_
TP4,HIN0331,114,1,_
TP4,HLY2201_HLY1,119,1,_
TP4,HLY2201_HLY2,118,1,_
TP4,HLY2201_HLY5,120,1,_
TP4,HLY2201_HLY6,117,1,_
TP4,HWA1101_PTA1,337,1,_
TP4,HWA1101_PTA2,337,1,_
TP4,HWA1101_PTA3,337,1,_
TP4,HWA1102_WAA0,348,0.416909621,_
TP4,HWA1102_WAA0,350,0.583090379,_
TP4,HWA1102_WAA1,348,0.416909621,_
TP4,HWA1102_WAA1,350,0.583090379,_
TP4,HWB0331_MAH0,700,1,_
TP4,HWB0331_WPI0,730,1,_
TP4,ISL0331,525,1,_
TP4,KAW0111,179,1,_
TP4,KAW0112_ONU0,235,0.29467381,_
TP4,KAW0112_ONU0,236,0.204853451,_
TP4,KAW0112_ONU0,237,0.126063662,_
TP4,KAW0112_ONU0,238,0.374409077,_
TP4,KAW0113,178,1,_
TP4,KAW1101_KAG0,174,1,_
TP4,KIN0112_KIN0,125,1,_
TP4,KIN0331,127,1,_
TP4,KPA1101_KPI1,323,1,_
TP4,KPO1101_KPO0,130,0.333333333,_
TP4,KPO1101_KPO0,131,0.333333333,_
TP4,KPO1101_KPO0,132,0.333333333,_
TP4,KPU0661,134,1,_
TP4,KUM0661_KUM0,593,1,_
TP4,LTN0331_TWF0,407,1,_
TP4,MAN2201_MAN0,702,0.142857143,_
TP4,MAN2201_MAN0,703,0.142857143,_
TP4,MAN2201_MAN0,704,0.142857143,_
TP4,MAN2201_MAN0,705,0.142857143,_
TP4,MAN2201_MAN0,706,0.142857143,_
TP4,MAN2201_MAN0,707,0.142857143,_
TP4,MAN2201_MAN0,708,0.142857143,_
TP4,MAT1101_ANI0,154,0.5,_
TP4,MAT1101_ANI0,155,0.5,_
TP4,MAT1101_MAT0,195,0.5,_
TP4,MAT1101_MAT0,196,0.5,_
TP4,MHO0331_MHO0,373,1,_
TP4,MKE1101_MKE1,325,0.5,_
TP4,MKE1101_MKE1,326,0.5,_
TP4,MPE1101,27,1,_
TP4,MTI2201_MTI0,201,0.1,_
TP4,MTI2201_MTI0,202,0.1,_
TP4,MTI2201_MTI0,203,0.1,_
TP4,MTI2201_MTI0,204,0.1,_
TP4,MTI2201_MTI0,205,0.1,_
TP4,MTI2201_MTI0,206,0.1,_
TP4,MTI2201_MTI0,207,0.1,_
TP4,MTI2201_MTI0,208,0.1,_
TP4,MTI2201_MTI0,209,0.1,_
TP4,MTI2201_MTI0,210,0.1,_
TP4,NAP2201_NAP0,214,1,_
TP4,NAP2202_NTM0,216,0.5,_
TP4,NAP2202_NTM0,217,0.5,_
TP4,NMA0331_WHL0,729,1,_
TP4,NSY0331_PAE0,651,1,_
TP4,OHA2201_OHA0,636,0.25,_
TP4,OHA2201_OHA0,637,0.25,_
TP4,OHA2201_OHA0,638,0.25,_
TP4,OHA2201_OHA0,639,0.25,_
TP4,OHB2201_OHB0,641,0.25,_
TP4,OHB2201_OHB0,642,0.25,_
TP4,OHB2201_OHB0,643,0.25,_
TP4,OHB2201_OHB0,644,0.25,_
TP4,OHC2201_OHC0,646,0.25,_
TP4,OHC2201_OHC0,647,0.25,_
TP4,OHC2201_OHC0,648,0.25,_
TP4,OHC2201_OHC0,649,0.25,_
TP4,OHK2201_OHK0,219,0.25,_
TP4,OHK2201_OHK0,220,0.25,_
TP4,OHK2201_OHK0,221,0.25,_
TP4,OHK2201_OHK0,222,0.25,_
TP4,OKI2201_OKI0,228,0.099099099,_
TP4,OKI2201_OKI0,230,0.450450451,_
TP4,OKI2201_OKI0,231,0.450450451,_
TP4,PEN0331,81,1,_
TP4,PPI2201_PPI0,241,1,_
TP4,PRM0331,465,1,_
TP4,ROT1101_WHE0,272,1,_
TP4,ROX1101_ROX0,714,0.333333333,_
TP4,ROX1101_ROX0,715,0.333333333,_
TP4,ROX1101_ROX0,716,0.333333333,_
TP4,ROX2201_ROX0,717,0.2,_
TP4,ROX2201_ROX0,718,0.2,_
TP4,ROX2201_ROX0,719,0.2,_
TP4,ROX2201_ROX0,720,0.2,_
TP4,ROX2201_ROX0,721,0.2,_
TP4,RPO2201_RPO0,386,0.5,_
TP4,RPO2201_RPO0,387,0.5,_
TP4,SFD2201_SFD21,340,1,_
TP4,SFD2201_SFD22,341,1,_
TP4,SFD2201_SPL0,346,1,_
TP4,STK0661_COB0,491,1,_
TP4,TGA0331_KMI0,183,1,_
TP4,THI2201_THI1,253,1,_
TP4,THI2201_THI2,254,1,_
TP4,TKA0111_TKA1,560,1,_
TP4,TKB2201_TKB1,655,0.5,_
TP4,TKB2201_TKB1,656,0.5,_
TP4,TKU2201_TKU0,391,0.25,_
TP4,TKU2201_TKU0,392,0.25,_
TP4,TKU2201_TKU0,393,0.25,_
TP4,TKU2201_TKU0,394,0.25,_
TP4,TUI1101_KTW0,298,0.5,_
TP4,TUI1101_KTW0,299,0.5,_
TP4,TUI1101_PRI0,300,0.5,_
TP4,TUI1101_PRI0,301,0.5,_
TP4,TUI1101_TUI0,302,0.333333333,_
TP4,TUI1101_TUI0,303,0.333333333,_
TP4,TUI1101_TUI0,304,0.333333333,_
TP4,TWC2201_NZW0,404,1,_
TP4,TWC2201_TWF0,405,1,_
TP4,TWH0331_TRC1,142,1,_
TP4,TWH0331_TUK0,147,1,_
TP4,WDV1101_TAP0,389,1,_
TP4,WGN0331,411,1,_
TP4,WHI0111,306,1,_
TP4,WHI2201_WHI0,307,0.333333333,_
TP4,WHI2201_WHI0,308,0.333333333,_
TP4,WHI2201_WHI0,309,0.333333333,_
TP4,WHU0331,150,1,_
TP4,WIL0331_MCK0,482,1,_
TP4,WKM2201_MOK0,198,0.524257784,_
TP4,WKM2201_MOK0,199,0.475742216,_
TP4,WKM2201_WKM0,274,0.25,_
TP4,WKM2201_WKM0,275,0.25,_
TP4,WKM2201_WKM0,276,0.25,_
TP4,WKM2201_WKM0,277,0.25,_
TP4,WKO0331,152,1,_
TP4,WPA2201_WPA0,283,1,_
TP4,WRK0331_RKA0,740,1,_
TP4,WRK0331_TAA0,248,1,_
TP4,WRK2201_WRK0,285,0.340664962,_
TP4,WRK2201_WRK0,286,0.170332481,_
TP4,WRK2201_WRK0,287,0.19028133,_
TP4,WRK2201_WRK0,288,0.211764706,_
TP4,WRK2201_WRK0,289,0.086956522,_
TP4,WTK0111_WTK0,660,1,_
TP4,WWD1102_WWD0,479,1,_
TP4,WWD1103_WWD0,744,1,_
TP4,KAW0112_DLS0,176,1,_
TP4,KAW0113_DLS1,178,1,_
TP4,ABY0111,541,1,_
TP4,ALB0331,4,1,_
TP4,ALB1101,41,1,_
TP4,APS0111,569,1,_
TP4,ARG1101,487,1,_
TP4,ASB0331,543,1,_
TP4,ASB0661,544,1,_
TP4,ASY0111,520,0.5,_
TP4,ASY0111,748,0.5,_
TP4,ATU1101,488,1,_
TP4,BAL0331,669,1,_
TP4,BDE0111,671,1,_
TP4,BLN0331,489,1,_
TP4,BOB0331,45,1,_
TP4,BPD1101,618,1,_
TP4,BPE0331,357,1,_
TP4,BPE0551,358,0.5,_
TP4,BPE0551,359,0.5,_
TP4,BPT1101,619,1,_
TP4,BRB0331,8,1,_
TP4,BRK0331,315,1,_
TP4,BRY0661,549,1,_
TP4,BWK1101,673,1,_
TP4,CBG0111,105,1,_
TP4,CLH0111,572,1,_
TP4,CML0331,620,1,_
TP4,COL0111,575,1,_
TP4,COL0661,576,1,_
TP4,CPK0111,416,0.5,_
TP4,CPK0111,417,0.5,_
TP4,CST0331,317,1,_
TP4,CUL0331,493,1,_
TP4,CUL0661,494,1,_
TP4,CYD0331,678,1,_
TP4,CYD2201,679,1,_
TP4,DOB0331,579,1,_
TP4,DVK0111,366,1,_
TP4,EDG0331,168,1,_
TP4,EDN0331,680,1,_
TP4,FHL0331,293,1,_
TP4,FKN0331,628,1,_
TP4,GFD0331,426,1,_
TP4,GLN0331,733,1,_
TP4,GLN0332,51,1,_
TP4,GOR0331,682,1,_
TP4,GYM0661,585,1,_
TP4,GYT0331,429,1,_
TP4,HAM0111,108,1,_
TP4,HAM0551,110,1,_
TP4,HAM0551,5039,0,_
TP4,HAY0111,434,1,_
TP4,HAY0331,443,1,_
TP4,HEN0331,12,1,_
TP4,HEP0331,17,1,_
TP4,HKK0661,587,1,_
TP4,HLY0331,121,1,_
TP4,HOB1101,56,1,_
TP4,HOR0331,589,1,_
TP4,HOR0661,590,1,_
TP4,HTI0331,123,1,_
TP4,HUI0331,319,1,_
TP4,HWA0331,321,1,_
TP4,HWA0332,742,1,_
TP4,HWA1101,322,1,_
TP4,HWA1102,322,1,_
TP4,HWB0331,688,1,_
TP4,HWB0332,753,1,_
TP4,HWB1101,693,1,_
TP4,INV0331,696,1,_
TP4,ISL0661,526,1,_
TP4,KAI0111,531,1,_
TP4,KAW0112,176,1,_
TP4,KAW1101,181,1,_
TP4,KBY0661,591,1,_
TP4,KBY0662,591,1,_
TP4,KIK0111,745,1,_
TP4,KIN0111,126,1,_
TP4,KIN0112,125,1,_
TP4,KIN0113,738,1,_
TP4,KMO0331,187,1,_
TP4,KOE1101,20,1,_
TP4,KPA1101,324,1,_
TP4,KUM0661,593,1,_
TP4,KWA0111,451,1,_
TP4,LFD1101,192,1,_
TP4,LFD1102,192,1,_
TP4,LTN0331,370,1,_
TP4,MAN2201,701,1,_
TP4,MAT1101,156,0.909090909,_
TP4,MAT1101,197,0.090909091,_
TP4,MCH0111,503,1,_
TP4,MER0331,60,1,_
TP4,MGM0331,454,1,_
TP4,MHO0331,374,1,_
TP4,MKE1101,325,0.5,_
TP4,MKE1101,326,0.5,_
TP4,MLG0111,456,1,_
TP4,MLG0331,457,1,_
TP4,MNG0331,61,1,_
TP4,MNG1101,62,1,_
TP4,MNI0111,328,1,_
TP4,MST0331,460,1,_
TP4,MTM0331,212,1,_
TP4,MTN0331,377,1,_
TP4,MTO0331,28,1,_
TP4,MTR0331,380,1,_
TP4,NAP2201,214,1,_
TP4,NAP2202,215,1,_
TP4,NMA0331,711,1,_
TP4,NPK0331,382,1,_
TP4,NPL0331,331,1,_
TP4,NSY0331,632,1,_
TP4,OAM0331,634,1,_
TP4,OKN0111,384,1,_
TP4,ONG0331,137,1,_
TP4,OPK0331,335,1,_
TP4,ORO1101,507,1,_
TP4,ORO1102,508,1,_
TP4,OTA0221,66,1,_
TP4,OTI0111,595,1,_
TP4,OWH0111,239,1,_
TP4,PAK0331,75,1,_
TP4,PAO1101,139,1,_
TP4,PEN0221,79,1,_
TP4,PEN0251,80,1,_
TP4,PEN1101,56,0.190798081,_
TP4,PEN1101,58,0.645660707,_
TP4,PEN1101,88,0.163541212,_
TP4,PNI0331,462,1,_
TP4,PPI2201,241,0.5,_
TP4,PPI2201,242,0.5,_
TP4,RDF0331,295,1,_
TP4,RFN1101,506,1,_
TP4,RFN1102,505,1,_
TP4,ROS0221,89,1,_
TP4,ROS1101,90,1,_
TP4,ROT0111,245,1,_
TP4,ROT0331,246,1,_
TP4,ROT1101,247,1,_
TP4,SBK0331,533,1,_
TP4,SBK0661,534,1,_
TP4,SDN0331,725,1,_
TP4,SFD0331,342,1,_
TP4,SFD2201,345,1,_
TP4,STK0331,511,1,_
TP4,STK0661,512,1,_
TP4,STU0111,653,1,_
TP4,SVL0331,32,1,_
TP4,SWN0251,36,1,_
TP4,SWN2201,37,1,_
TP4,TAK0331,91,1,_
TP4,TGA0111,250,1,_
TP4,TGA0331,251,1,_
TP4,THI2201,255,1,_
TP4,TIM0111,556,1,_
TP4,TKA0331,561,1,_
TP4,TKH0111,256,1,_
TP4,TKR0331,470,1,_
TP4,TKU0331,395,1,_
TP4,TMI0331,258,1,_
TP4,TMK0331,563,1,_
TP4,TMN0551,397,0.5,_
TP4,TMN0551,398,0.5,_
TP4,TMU0111,140,1,_
TP4,TNG0111,400,1,_
TP4,TNG0551,401,0.5,_
TP4,TNG0551,402,0.5,_
TP4,TRK0111,260,1,_
TP4,TUI1101,305,1,_
TP4,TWC2201,406,1,_
TP4,TWH0331,143,0.253164557,_
TP4,TWH0331,148,0.746835443,_
TP4,TWI2201,728,1,_
TP4,TWZ0331,658,1,_
TP4,UHT0331,472,1,_
TP4,WAI0111,269,1,_
TP4,WDV0111,409,1,_
TP4,WDV1101,410,1,_
TP4,WEL0331,38,1,_
TP4,WHI2201,310,1,_
TP4,WIL0331,475,1,_
TP4,WIR0331,94,1,_
TP4,WKM2201,278,1,_
TP4,WPR0331,535,1,_
TP4,WPR0661,536,1,_
TP4,WPT0111,518,1,_
TP4,WPW0331,413,1,_
TP4,WRD0331,41,1,_
TP4,WRK0331,290,1,_
TP4,WTK0111,660,1,_
TP4,WTK0331,5173,1,_
TP4,WTU0331,311,1,_
TP4,WVY0111,352,1,_
TP4,WWD1102,481,1,_
TP4,WWD1103,480,1,_
TP4,ABY1101,542,1,_
TP4,ALB2201,7,1,_
TP4,APS0661,570,1,_
TP4,ARA2201,163,1,_
TP4,ARI1101,737,1,_
TP4,ARI1102,101,1,_
TP4,ASB2201,545,1,_
TP4,ASY0661,521,1,_
TP4,ATI2201,164,1,_
TP4,AVI2201,603,1,_
TP4,BAL1101,670,1,_
TP4,BDE1101,672,1,_
TP4,BEN2201,617,1,_
TP4,BEN2202,617,1,_
TP4,BEN3502,615,1,_
TP4,BEN3503,616,1,_
TP4,BHL2201,47,1,_
TP4,BHL2202,5013,1,_
TP4,BLN1101,490,1,_
TP4,BPC1101,598,1,_
TP4,BPE1101,363,1,_
TP4,BPE2201,364,1,_
TP4,BRB2201,9,1,_
TP4,BRK2201,316,1,_
TP4,BRK2202,316,1,_
TP4,BRY2201,553,1,_
TP4,CBG1101,107,1,_
TP4,CBG1102,106,1,_
TP4,CLH0661,573,1,_
TP4,CML1101,625,1,_
TP4,CML1102,624,1,_
TP4,CML2201,627,1,_
TP4,CML2202,626,1,_
TP4,CPK1101,419,1,_
TP4,CPK1102,420,1,_
TP4,CPK1103,421,1,_
TP4,CST1101,318,1,_
TP4,CUL2202,495,1,_
TP4,CUL2203,496,1,_
TP4,DOB0661,580,1,_
TP4,DOB1101,584,1,_
TP4,DOB1102,583,1,_
TP4,DRY2201,49,1,_
TP4,DRY2202,49,1,_
TP4,DVK1101,367,1,_
TP4,DVK1102,368,1,_
TP4,EDG1101,171,1,_
TP4,EDG1102,171,1,_
TP4,EDG2201,172,1,_
TP4,EDN1101,681,1,_
TP4,FHL1101,294,1,_
TP4,FKN1101,630,1,_
TP4,FKN1102,629,1,_
TP4,GFD1101,428,1,_
TP4,GFD1102,427,1,_
TP4,GLN2201,53,1,_
TP4,GNY1101,597,1,_
TP4,GOR1101,683,1,_
TP4,GOR1102,683,1,_
TP4,GYT1101,430,1,_
TP4,GYT1102,431,1,_
TP4,HAM1101,112,1,_
TP4,HAM2201,113,1,_
TP4,HAY1101,447,1,_
TP4,HAY2201,450,1,_
TP4,HAY3502,449,1,_
TP4,HAY3503,448,1,_
TP4,HEN1101,15,1,_
TP4,HEN2201,16,1,_
TP4,HEP1101,18,1,_
TP4,HIN1101,115,1,_
TP4,HLY2201,116,1,_
TP4,HOB2201,57,1,_
TP4,HPI2201,19,1,_
TP4,HPI2202,19,1,_
TP4,HTI1101,124,1,_
TP4,HUI1101,320,1,_
TP4,HWA1001,322,1,_
TP4,HWB2201,694,1,_
TP4,IGH1101,497,1,_
TP4,INV1101,698,1,_
TP4,INV2201,699,1,_
TP4,INV2202,699,1,_
TP4,ISL2201,530,1,_
TP4,KAI0661,532,1,_
TP4,KAW2201,182,1,_
TP4,KBT0661,567,1,_
TP4,KBT0662,566,1,_
TP4,KIK1101,501,1,_
TP4,KIK2201,502,1,_
TP4,KIN1101,129,1,_
TP4,KIN1102,129,1,_
TP4,KMO1101,190,1,_
TP4,KMO1102,190,1,_
TP4,KMO1103,190,1,_
TP4,KMO2201,191,1,_
TP4,KPO1101,133,1,_
TP4,KPU1101,739,1,_
TP4,KPU1102,5053,1,_
TP4,KWA1101,452,1,_
TP4,KWA1102,453,1,_
TP4,LIV2201,631,1,_
TP4,LTN2201,371,1,_
TP4,LTN2202,372,1,_
TP4,MCH1101,504,1,_
TP4,MDN1101,25,1,_
TP4,MDN2201,26,1,_
TP4,MGM1101,455,1,_
TP4,MHO1101,375,1,_
TP4,MHO1102,376,1,_
TP4,MHT1102,422,1,_
TP4,MHT1103,423,1,_
TP4,MKT1101,314,1,_
TP4,MLG1101,459,1,_
TP4,MLG1102,458,1,_
TP4,MNI1101,329,1,_
TP4,MST1101,461,1,_
TP4,MTI2201,211,1,_
TP4,MTM1101,213,1,_
TP4,MTN1101,379,1,_
TP4,MTN1102,378,1,_
TP4,MTO1101,29,1,_
TP4,MTO1102,30,1,_
TP4,MTR1101,381,1,_
TP4,MVE1101,102,1,_
TP4,MVE1102,103,1,_
TP4,NGA1101,31,1,_
TP4,NMA2201,712,1,_
TP4,NPK1101,383,1,_
TP4,NPL1101,333,1,_
TP4,NPL2201,334,1,_
TP4,NSY2201,633,1,_
TP4,OAM1101,635,1,_
TP4,OAM1102,752,1,_
TP4,OHA2201,640,1,_
TP4,OHB2201,645,1,_
TP4,OHC2201,650,1,_
TP4,OHK2201,223,1,_
TP4,OHW2201,136,1,_
TP4,OHW2202,136,1,_
TP4,OKE1101,224,1,_
TP4,OKI2201,227,0.5,_
TP4,OKI2201,229,0.5,_
TP4,OKN1101,385,1,_
TP4,ONG1101,138,1,_
TP4,OPI2201,540,1,_
TP4,OPI2202,539,1,_
TP4,OPK1101,743,1,_
TP4,OPK1102,336,1,_
TP4,OTA1103,70,1,_
TP4,OTA1104,734,1,_
TP4,OTA1105,70,1,_
TP4,OTA1106,734,1,_
TP4,OTA1107,70,1,_
TP4,OTA1108,734,1,_
TP4,OTA1109,70,1,_
TP4,OTA110A,734,1,_
TP4,OTA2201,72,1,_
TP4,OTA2202,73,1,_
TP4,OTA2203,71,1,_
TP4,OTI0661,596,1,_
TP4,OWH1101,240,1,_
TP4,PAK2201,76,1,_
TP4,PEN0222,79,1,_
TP4,PEN2201,87,1,_
TP4,PIE1101,173,1,_
TP4,PNI1101,463,1,_
TP4,PNI1102,464,1,_
TP4,PRM2201,468,1,_
TP4,PRM2202,469,1,_
TP4,PRT2201,425,1,_
TP4,PRT2202,424,1,_
TP4,RDF1101,296,1,_
TP4,RDF1102,296,1,_
TP4,RDF2201,297,1,_
TP4,RFC1101,483,1,_
TP4,ROT1102,247,1,_
TP4,ROX1101,723,1,_
TP4,ROX2201,724,1,_
TP4,RPO2201,388,1,_
TP4,RTO1101,104,1,_
TP4,RTR1101,365,1,_
TP4,SDN2201,726,1,_
TP4,SFD1101,344,1,_
TP4,STK1101,515,1,_
TP4,STK2201,516,1,_
TP4,STU1101,654,1,_
TP4,SVL2201,33,1,_
TP4,SVL2202,34,1,_
TP4,TAK2201,92,1,_
TP4,TAK2202,93,1,_
TP4,TGA1101,252,1,_
TP4,TIM1101,557,1,_
TP4,TIM2201,559,1,_
TP4,TIM2202,558,1,_
TP4,TKA0111,560,1,_
TP4,TKA1101,562,1,_
TP4,TKB2201,657,1,_
TP4,TKH0501,257,1,_
TP4,TKR1101,471,1,_
TP4,TKU2201,396,1,_
TP4,TMH2201,727,1,_
TP4,TMI1101,259,1,_
TP4,TMK1101,5163,1,_
TP4,TMK1102,565,1,_
TP4,TMN2201,399,1,_
TP4,TMU1101,141,1,_
TP4,TNG2201,403,1,_
TP4,TRK1101,267,1,_
TP4,TRK1102,267,1,_
TP4,TRK2201,268,1,_
TP4,TWH2201,149,1,_
TP4,TWT2201,369,1,_
TP4,TWZ2201,659,1,_
TP4,TWZ2202,659,1,_
TP4,UHT1101,473,1,_
TP4,WAI0501,270,1,_
TP4,WAI1101,271,1,_
TP4,WDV1102,410,1,_
TP4,WEL1101,40,1,_
TP4,WEL1102,39,1,_
TP4,WGN1101,412,1,_
TP4,WHU1101,151,1,_
TP4,WIL1101,477,1,_
TP4,WIL2201,478,1,_
TP4,WIR1101,95,1,_
TP4,WIR1102,736,1,_
TP4,WKM2202,282,1,_
TP4,WKO1101,153,1,_
TP4,WMG1101,746,1,_
TP4,WMG1102,517,1,_
TP4,WPA2201,284,1,_
TP4,WPR2202,538,1,_
TP4,WPR2203,537,1,_
TP4,WPT1101,747,1,_
TP4,WPT1102,519,1,_
TP4,WPW1101,414,1,_
TP4,WPW1102,415,1,_
TP4,WRD2201,44,1,_
TP4,WRK2201,292,1,_
TP4,WTK1101,666,1,_
TP4,WTK1102,667,1,_
TP4,WTK2201,668,1,_
TP4,WTU2201,741,1,_
TP4,WTU2202,312,1,_
TP4,WVY1101,353,1,_
TP5,ARA2201_ARA0,160,0.333333333,_
TP5,ARA2201_ARA0,161,0.333333333,_
TP5,ARA2201_ARA0,162,0.333333333,_
TP5,ARG1101_BRR0,486,1,_
TP5,ARI1101_ARI0,100,0.25,_
TP5,ARI1101_ARI0,97,0.25,_
TP5,ARI1101_ARI0,98,0.25,_
TP5,ARI1101_ARI0,99,0.25,_
TP5,ARI1102_ARI0,96,1,_
TP5,ASB0661_HBK0,554,1,_
TP5,ATI2201_ATI0,164,1,_
TP5,AVI2201_AVI0,599,0.25,_
TP5,AVI2201_AVI0,600,0.25,_
TP5,AVI2201_AVI0,601,0.25,_
TP5,AVI2201_AVI0,602,0.25,_
TP5,BEN2202_BEN0,606,0.166666667,_
TP5,BEN2202_BEN0,607,0.166666667,_
TP5,BEN2202_BEN0,608,0.166666667,_
TP5,BEN2202_BEN0,609,0.166666667,_
TP5,BEN2202_BEN0,610,0.166666667,_
TP5,BEN2202_BEN0,611,0.166666667,_
TP5,BOB1101,46,1,_
TP5,BPE0331_TWF0,408,1,_
TP5,BWK1101_WPI0,731,1,_
TP5,COL0661_COL0,574,0.447368421,_
TP5,COL0661_COL0,750,0.552631579,_
TP5,CPK0331,418,1,_
TP5,CYD2201_CYD0,674,0.25,_
TP5,CYD2201_CYD0,675,0.25,_
TP5,CYD2201_CYD0,676,0.25,_
TP5,CYD2201_CYD0,677,0.25,_
TP5,GLN0332_GLN0,50,1,_
TP5,HAM0331,109,1,_
TP5,HIN0331,114,1,_
TP5,HLY2201_HLY1,119,1,_
TP5,HLY2201_HLY2,118,1,_
TP5,HLY2201_HLY5,120,1,_
TP5,HLY2201_HLY6,117,1,_
TP5,HWA1101_PTA1,337,1,_
TP5,HWA1101_PTA2,337,1,_
TP5,HWA1101_PTA3,337,1,_
TP5,HWA1102_WAA0,348,0.416909621,_
TP5,HWA1102_WAA0,350,0.583090379,_
TP5,HWA1102_WAA1,348,0.416909621,_
TP5,HWA1102_WAA1,350,0.583090379,_
TP5,HWB0331_MAH0,700,1,_
TP5,HWB0331_WPI0,730,1,_
TP5,ISL0331,525,1,_
TP5,KAW0111,179,1,_
TP5,KAW0112_ONU0,235,0.29467381,_
TP5,KAW0112_ONU0,236,0.204853451,_
TP5,KAW0112_ONU0,237,0.126063662,_
TP5,KAW0112_ONU0,238,0.374409077,_
TP5,KAW0113,178,1,_
TP5,KAW1101_KAG0,174,1,_
TP5,KIN0112_KIN0,125,1,_
TP5,KIN0331,127,1,_
TP5,KPA1101_KPI1,323,1,_
TP5,KPO1101_KPO0,130,0.333333333,_
TP5,KPO1101_KPO0,131,0.333333333,_
TP5,KPO1101_KPO0,132,0.333333333,_
TP5,KPU0661,134,1,_
TP5,KUM0661_KUM0,593,1,_
TP5,LTN0331_TWF0,407,1,_
TP5,MAN2201_MAN0,702,0.142857143,_
TP5,MAN2201_MAN0,703,0.142857143,_
TP5,MAN2201_MAN0,704,0.142857143,_
TP5,MAN2201_MAN0,705,0.142857143,_
TP5,MAN2201_MAN0,706,0.142857143,_
TP5,MAN2201_MAN0,707,0.142857143,_
TP5,MAN2201_MAN0,708,0.142857143,_
TP5,MAT1101_ANI0,154,0.5,_
TP5,MAT1101_ANI0,155,0.5,_
TP5,MAT1101_MAT0,195,0.5,_
TP5,MAT1101_MAT0,196,0.5,_
TP5,MHO0331_MHO0,373,1,_
TP5,MKE1101_MKE1,325,0.5,_
TP5,MKE1101_MKE1,326,0.5,_
TP5,MPE1101,27,1,_
TP5,MTI2201_MTI0,201,0.1,_
TP5,MTI2201_MTI0,202,0.1,_
TP5,MTI2201_MTI0,203,0.1,_
TP5,MTI2201_MTI0,204,0.1,_
TP5,MTI2201_MTI0,205,0.1,_
TP5,MTI2201_MTI0,206,0.1,_
TP5,MTI2201_MTI0,207,0.1,_
TP5,MTI2201_MTI0,208,0.1,_
TP5,MTI2201_MTI0,209,0.1,_
TP5,MTI2201_MTI0,210,0.1,_
TP5,NAP2201_NAP0,214,1,_
TP5,NAP2202_NTM0,216,0.5,_
TP5,NAP2202_NTM0,217,0.5,_
TP5,NMA0331_WHL0,729,1,_
TP5,NSY0331_PAE0,651,1,_
TP5,OHA2201_OHA0,636,0.25,_
TP5,OHA2201_OHA0,637,0.25,_
TP5,OHA2201_OHA0,638,0.25,_
TP5,OHA2201_OHA0,639,0.25,_
TP5,OHB2201_OHB0,641,0.25,_
TP5,OHB2201_OHB0,642,0.25,_
TP5,OHB2201_OHB0,643,0.25,_
TP5,OHB2201_OHB0,644,0.25,_
TP5,OHC2201_OHC0,646,0.25,_
TP5,OHC2201_OHC0,647,0.25,_
TP5,OHC2201_OHC0,648,0.25,_
TP5,OHC2201_OHC0,649,0.25,_
TP5,OHK2201_OHK0,219,0.25,_
TP5,OHK2201_OHK0,220,0.25,_
TP5,OHK2201_OHK0,221,0.25,_
TP5,OHK2201_OHK0,222,0.25,_
TP5,OKI2201_OKI0,228,0.099099099,_
TP5,OKI2201_OKI0,230,0.450450451,_
TP5,OKI2201_OKI0,231,0.450450451,_
TP5,PEN0331,81,1,_
TP5,PPI2201_PPI0,241,1,_
TP5,PRM0331,465,1,_
TP5,ROT1101_WHE0,272,1,_
TP5,ROX1101_ROX0,714,0.333333333,_
TP5,ROX1101_ROX0,715,0.333333333,_
TP5,ROX1101_ROX0,716,0.333333333,_
TP5,ROX2201_ROX0,717,0.2,_
TP5,ROX2201_ROX0,718,0.2,_
TP5,ROX2201_ROX0,719,0.2,_
TP5,ROX2201_ROX0,720,0.2,_
TP5,ROX2201_ROX0,721,0.2,_
TP5,RPO2201_RPO0,386,0.5,_
TP5,RPO2201_RPO0,387,0.5,_
TP5,SFD2201_SFD21,340,1,_
TP5,SFD2201_SFD22,341,1,_
TP5,SFD2201_SPL0,346,1,_
TP5,STK0661_COB0,491,1,_
TP5,TGA0331_KMI0,183,1,_
TP5,THI2201_THI1,253,1,_
TP5,THI2201_THI2,254,1,_
TP5,TKA0111_TKA1,560,1,_
TP5,TKB2201_TKB1,655,0.5,_
TP5,TKB2201_TKB1,656,0.5,_
TP5,TKU2201_TKU0,391,0.25,_
TP5,TKU2201_TKU0,392,0.25,_
TP5,TKU2201_TKU0,393,0.25,_
TP5,TKU2201_TKU0,394,0.25,_
TP5,TUI1101_KTW0,298,0.5,_
TP5,TUI1101_KTW0,299,0.5,_
TP5,TUI1101_PRI0,300,0.5,_
TP5,TUI1101_PRI0,301,0.5,_
TP5,TUI1101_TUI0,302,0.333333333,_
TP5,TUI1101_TUI0,303,0.333333333,_
TP5,TUI1101_TUI0,304,0.333333333,_
TP5,TWC2201_NZW0,404,1,_
TP5,TWC2201_TWF0,405,1,_
TP5,TWH0331_TRC1,142,1,_
TP5,TWH0331_TUK0,147,1,_
TP5,WDV1101_TAP0,389,1,_
TP5,WGN0331,411,1,_
TP5,WHI0111,306,1,_
TP5,WHI2201_WHI0,307,0.333333333,_
TP5,WHI2201_WHI0,308,0.333333333,_
TP5,WHI2201_WHI0,309,0.333333333,_
TP5,WHU0331,150,1,_
TP5,WIL0331_MCK0,482,1,_
TP5,WKM2201_MOK0,198,0.524257784,_
TP5,WKM2201_MOK0,199,0.475742216,_
TP5,WKM2201_WKM0,274,0.25,_
TP5,WKM2201_WKM0,275,0.25,_
TP5,WKM2201_WKM0,276,0.25,_
TP5,WKM2201_WKM0,277,0.25,_
TP5,WKO0331,152,1,_
TP5,WPA2201_WPA0,283,1,_
TP5,WRK0331_RKA0,740,1,_
TP5,WRK0331_TAA0,248,1,_
TP5,WRK2201_WRK0,285,0.340664962,_
TP5,WRK2201_WRK0,286,0.170332481,_
TP5,WRK2201_WRK0,287,0.19028133,_
TP5,WRK2201_WRK0,288,0.211764706,_
TP5,WRK2201_WRK0,289,0.086956522,_
TP5,WTK0111_WTK0,660,1,_
TP5,WWD1102_WWD0,479,1,_
TP5,WWD1103_WWD0,744,1,_
TP5,KAW0112_DLS0,176,1,_
TP5,KAW0113_DLS1,178,1,_
TP5,ABY0111,541,1,_
TP5,ALB0331,4,1,_
TP5,ALB1101,41,1,_
TP5,APS0111,569,1,_
TP5,ARG1101,487,1,_
TP5,ASB0331,543,1,_
TP5,ASB0661,544,1,_
TP5,ASY0111,520,0.5,_
TP5,ASY0111,748,0.5,_
TP5,ATU1101,488,1,_
TP5,BAL0331,669,1,_
TP5,BDE0111,671,1,_
TP5,BLN0331,489,1,_
TP5,BOB0331,45,1,_
TP5,BPD1101,618,1,_
TP5,BPE0331,357,1,_
TP5,BPE0551,358,0.5,_
TP5,BPE0551,359,0.5,_
TP5,BPT1101,619,1,_
TP5,BRB0331,8,1,_
TP5,BRK0331,315,1,_
TP5,BRY0661,549,1,_
TP5,BWK1101,673,1,_
TP5,CBG0111,105,1,_
TP5,CLH0111,572,1,_
TP5,CML0331,620,1,_
TP5,COL0111,575,1,_
TP5,COL0661,576,1,_
TP5,CPK0111,416,0.5,_
TP5,CPK0111,417,0.5,_
TP5,CST0331,317,1,_
TP5,CUL0331,493,1,_
TP5,CUL0661,494,1,_
TP5,CYD0331,678,1,_
TP5,CYD2201,679,1,_
TP5,DOB0331,579,1,_
TP5,DVK0111,366,1,_
TP5,EDG0331,168,1,_
TP5,EDN0331,680,1,_
TP5,FHL0331,293,1,_
TP5,FKN0331,628,1,_
TP5,GFD0331,426,1,_
TP5,GLN0331,733,1,_
TP5,GLN0332,51,1,_
TP5,GOR0331,682,1,_
TP5,GYM0661,585,1,_
TP5,GYT0331,429,1,_
TP5,HAM0111,108,1,_
TP5,HAM0551,110,1,_
TP5,HAM0551,5039,0,_
TP5,HAY0111,434,1,_
TP5,HAY0331,443,1,_
TP5,HEN0331,12,1,_
TP5,HEP0331,17,1,_
TP5,HKK0661,587,1,_
TP5,HLY0331,121,1,_
TP5,HOB1101,56,1,_
TP5,HOR0331,589,1,_
TP5,HOR0661,590,1,_
TP5,HTI0331,123,1,_
TP5,HUI0331,319,1,_
TP5,HWA0331,321,1,_
TP5,HWA0332,742,1,_
TP5,HWA1101,322,1,_
TP5,HWA1102,322,1,_
TP5,HWB0331,688,1,_
TP5,HWB0332,753,1,_
TP5,HWB1101,693,1,_
TP5,INV0331,696,1,_
TP5,ISL0661,526,1,_
TP5,KAI0111,531,1,_
TP5,KAW0112,176,1,_
TP5,KAW1101,181,1,_
TP5,KBY0661,591,1,_
TP5,KBY0662,591,1,_
TP5,KIK0111,745,1,_
TP5,KIN0111,126,1,_
TP5,KIN0112,125,1,_
TP5,KIN0113,738,1,_
TP5,KMO0331,187,1,_
TP5,KOE1101,20,1,_
TP5,KPA1101,324,1,_
TP5,KUM0661,593,1,_
TP5,KWA0111,451,1,_
TP5,LFD1101,192,1,_
TP5,LFD1102,192,1,_
TP5,LTN0331,370,1,_
TP5,MAN2201,701,1,_
TP5,MAT1101,156,0.909090909,_
TP5,MAT1101,197,0.090909091,_
TP5,MCH0111,503,1,_
TP5,MER0331,60,1,_
TP5,MGM0331,454,1,_
TP5,MHO0331,374,1,_
TP5,MKE1101,325,0.5,_
TP5,MKE1101,326,0.5,_
TP5,MLG0111,456,1,_
TP5,MLG0331,457,1,_
TP5,MNG0331,61,1,_
TP5,MNG1101,62,1,_
TP5,MNI0111,328,1,_
TP5,MST0331,460,1,_
TP5,MTM0331,212,1,_
TP5,MTN0331,377,1,_
TP5,MTO0331,28,1,_
TP5,MTR0331,380,1,_
TP5,NAP2201,214,1,_
TP5,NAP2202,215,1,_
TP5,NMA0331,711,1,_
TP5,NPK0331,382,1,_
TP5,NPL0331,331,1,_
TP5,NSY0331,632,1,_
TP5,OAM0331,634,1,_
TP5,OKN0111,384,1,_
TP5,ONG0331,137,1,_
TP5,OPK0331,335,1,_
TP5,ORO1101,507,1,_
TP5,ORO1102,508,1,_
TP5,OTA0221,66,1,_
TP5,OTI0111,595,1,_
TP5,OWH0111,239,1,_
TP5,PAK0331,75,1,_
TP5,PAO1101,139,1,_
TP5,PEN0221,79,1,_
TP5,PEN0251,80,1,_
TP5,PEN1101,56,0.190798081,_
TP5,PEN1101,58,0.645660707,_
TP5,PEN1101,88,0.163541212,_
TP5,PNI0331,462,1,_
TP5,PPI2201,241,0.5,_
TP5,PPI2201,242,0.5,_
TP5,RDF0331,295,1,_
TP5,RFN1101,506,1,_
TP5,RFN1102,505,1,_
TP5,ROS0221,89,1,_
TP5,ROS1101,90,1,_
TP5,ROT0111,245,1,_
TP5,ROT0331,246,1,_
TP5,ROT1101,247,1,_
TP5,SBK0331,533,1,_
TP5,SBK0661,534,1,_
TP5,SDN0331,725,1,_
TP5,SFD0331,342,1,_
TP5,SFD2201,345,1,_
TP5,STK0331,511,1,_
TP5,STK0661,512,1,_
TP5,STU0111,653,1,_
TP5,SVL0331,32,1,_
TP5,SWN0251,36,1,_
TP5,SWN2201,37,1,_
TP5,TAK0331,91,1,_
TP5,TGA0111,250,1,_
TP5,TGA0331,251,1,_
TP5,THI2201,255,1,_
TP5,TIM0111,556,1,_
TP5,TKA0331,561,1,_
TP5,TKH0111,256,1,_
TP5,TKR0331,470,1,_
TP5,TKU0331,395,1,_
TP5,TMI0331,258,1,_
TP5,TMK0331,563,1,_
TP5,TMN0551,397,0.5,_
TP5,TMN0551,398,0.5,_
TP5,TMU0111,140,1,_
TP5,TNG0111,400,1,_
TP5,TNG0551,401,0.5,_
TP5,TNG0551,402,0.5,_
TP5,TRK0111,260,1,_
TP5,TUI1101,305,1,_
TP5,TWC2201,406,1,_
TP5,TWH0331,143,0.253164557,_
TP5,TWH0331,148,0.746835443,_
TP5,TWI2201,728,1,_
TP5,TWZ0331,658,1,_
TP5,UHT0331,472,1,_
TP5,WAI0111,269,1,_
TP5,WDV0111,409,1,_
TP5,WDV1101,410,1,_
TP5,WEL0331,38,1,_
TP5,WHI2201,310,1,_
TP5,WIL0331,475,1,_
TP5,WIR0331,94,1,_
TP5,WKM2201,278,1,_
TP5,WPR0331,535,1,_
TP5,WPR0661,536,1,_
TP5,WPT0111,518,1,_
TP5,WPW0331,413,1,_
TP5,WRD0331,41,1,_
TP5,WRK0331,290,1,_
TP5,WTK0111,660,1,_
TP5,WTK0331,5173,1,_
TP5,WTU0331,311,1,_
TP5,WVY0111,352,1,_
TP5,WWD1102,481,1,_
TP5,WWD1103,480,1,_
TP5,ABY1101,542,1,_
TP5,ALB2201,7,1,_
TP5,APS0661,570,1,_
TP5,ARA2201,163,1,_
TP5,ARI1101,737,1,_
TP5,ARI1102,101,1,_
TP5,ASB2201,545,1,_
TP5,ASY0661,521,1,_
TP5,ATI2201,164,1,_
TP5,AVI2201,603,1,_
TP5,BAL1101,670,1,_
TP5,BDE1101,672,1,_
TP5,BEN2201,617,1,_
TP5,BEN2202,617,1,_
TP5,BEN3502,615,1,_
TP5,BEN3503,616,1,_
TP5,BHL2201,47,1,_
TP5,BHL2202,5013,1,_
TP5,BLN1101,490,1,_
TP5,BPC1101,598,1,_
TP5,BPE1101,363,1,_
TP5,BPE2201,364,1,_
TP5,BRB2201,9,1,_
TP5,BRK2201,316,1,_
TP5,BRK2202,316,1,_
TP5,BRY2201,553,1,_
TP5,CBG1101,107,1,_
TP5,CBG1102,106,1,_
TP5,CLH0661,573,1,_
TP5,CML1101,625,1,_
TP5,CML1102,624,1,_
TP5,CML2201,627,1,_
TP5,CML2202,626,1,_
TP5,CPK1101,419,1,_
TP5,CPK1102,420,1,_
TP5,CPK1103,421,1,_
TP5,CST1101,318,1,_
TP5,CUL2202,495,1,_
TP5,CUL2203,496,1,_
TP5,DOB0661,580,1,_
TP5,DOB1101,584,1,_
TP5,DOB1102,583,1,_
TP5,DRY2201,49,1,_
TP5,DRY2202,49,1,_
TP5,DVK1101,367,1,_
TP5,DVK1102,368,1,_
TP5,EDG1101,171,1,_
TP5,EDG1102,171,1,_
TP5,EDG2201,172,1,_
TP5,EDN1101,681,1,_
TP5,FHL1101,294,1,_
TP5,FKN1101,630,1,_
TP5,FKN1102,629,1,_
TP5,GFD1101,428,1,_
TP5,GFD1102,427,1,_
TP5,GLN2201,53,1,_
TP5,GNY1101,597,1,_
TP5,GOR1101,683,1,_
TP5,GOR1102,683,1,_
TP5,GYT1101,430,1,_
TP5,GYT1102,431,1,_
TP5,HAM1101,112,1,_
TP5,HAM2201,113,1,_
TP5,HAY1101,447,1,_
TP5,HAY2201,450,1,_
TP5,HAY3502,449,1,_
TP5,HAY3503,448,1,_
TP5,HEN1101,15,1,_
TP5,HEN2201,16,1,_
TP5,HEP1101,18,1,_
TP5,HIN1101,115,1,_
TP5,HLY2201,116,1,_
TP5,HOB2201,57,1,_
TP5,HPI2201,19,1,_
TP5,HPI2202,19,1,_
TP5,HTI1101,124,1,_
TP5,HUI1101,320,1,_
TP5,HWA1001,322,1,_
TP5,HWB2201,694,1,_
TP5,IGH1101,497,1,_
TP5,INV1101,698,1,_
TP5,INV2201,699,1,_
TP5,INV2202,699,1,_
TP5,ISL2201,530,1,_
TP5,KAI0661,532,1,_
TP5,KAW2201,182,1,_
TP5,KBT0661,567,1,_
TP5,KBT0662,566,1,_
TP5,KIK1101,501,1,_
TP5,KIK2201,502,1,_
TP5,KIN1101,129,1,_
TP5,KIN1102,129,1,_
TP5,KMO1101,190,1,_
TP5,KMO1102,190,1,_
TP5,KMO1103,190,1,_
TP5,KMO2201,191,1,_
TP5,KPO1101,133,1,_
TP5,KPU1101,739,1,_
TP5,KPU1102,5053,1,_
TP5,KWA1101,452,1,_
TP5,KWA1102,453,1,_
TP5,LIV2201,631,1,_
TP5,LTN2201,371,1,_
TP5,LTN2202,372,1,_
TP5,MCH1101,504,1,_
TP5,MDN1101,25,1,_
TP5,MDN2201,26,1,_
TP5,MGM1101,455,1,_
TP5,MHO1101,375,1,_
TP5,MHO1102,376,1,_
TP5,MHT1102,422,1,_
TP5,MHT1103,423,1,_
TP5,MKT1101,314,1,_
TP5,MLG1101,459,1,_
TP5,MLG1102,458,1,_
TP5,MNI1101,329,1,_
TP5,MST1101,461,1,_
TP5,MTI2201,211,1,_
TP5,MTM1101,213,1,_
TP5,MTN1101,379,1,_
TP5,MTN1102,378,1,_
TP5,MTO1101,29,1,_
TP5,MTO1102,30,1,_
TP5,MTR1101,381,1,_
TP5,MVE1101,102,1,_
TP5,MVE1102,103,1,_
TP5,NGA1101,31,1,_
TP5,NMA2201,712,1,_
TP5,NPK1101,383,1,_
TP5,NPL1101,333,1,_
TP5,NPL2201,334,1,_
TP5,NSY2201,633,1,_
TP5,OAM1101,635,1,_
TP5,OAM1102,752,1,_
TP5,OHA2201,640,1,_
TP5,OHB2201,645,1,_
TP5,OHC2201,650,1,_
TP5,OHK2201,223,1,_
TP5,OHW2201,136,1,_
TP5,OHW2202,136,1,_
TP5,OKE1101,224,1,_
TP5,OKI2201,227,0.5,_
TP5,OKI2201,229,0.5,_
TP5,OKN1101,385,1,_
TP5,ONG1101,138,1,_
TP5,OPI2201,540,1,_
TP5,OPI2202,539,1,_
TP5,OPK1101,743,1,_
TP5,OPK1102,336,1,_
TP5,OTA1103,70,1,_
TP5,OTA1104,734,1,_
TP5,OTA1105,70,1,_
TP5,OTA1106,734,1,_
TP5,OTA1107,70,1,_
TP5,OTA1108,734,1,_
TP5,OTA1109,70,1,_
TP5,OTA110A,734,1,_
TP5,OTA2201,72,1,_
TP5,OTA2202,73,1,_
TP5,OTA2203,71,1,_
TP5,OTI0661,596,1,_
TP5,OWH1101,240,1,_
TP5,PAK2201,76,1,_
TP5,PEN0222,79,1,_
TP5,PEN2201,87,1,_
TP5,PIE1101,173,1,_
TP5,PNI1101,463,1,_
TP5,PNI1102,464,1,_
TP5,PRM2201,468,1,_
TP5,PRM2202,469,1,_
TP5,PRT2201,425,1,_
TP5,PRT2202,424,1,_
TP5,RDF1101,296,1,_
TP5,RDF1102,296,1,_
TP5,RDF2201,297,1,_
TP5,RFC1101,483,1,_
TP5,ROT1102,247,1,_
TP5,ROX1101,723,1,_
TP5,ROX2201,724,1,_
TP5,RPO2201,388,1,_
TP5,RTO1101,104,1,_
TP5,RTR1101,365,1,_
TP5,SDN2201,726,1,_
TP5,SFD1101,344,1,_
TP5,STK1101,515,1,_
TP5,STK2201,516,1,_
TP5,STU1101,654,1,_
TP5,SVL2201,33,1,_
TP5,SVL2202,34,1,_
TP5,TAK2201,92,1,_
TP5,TAK2202,93,1,_
TP5,TGA1101,252,1,_
TP5,TIM1101,557,1,_
TP5,TIM2201,559,1,_
TP5,TIM2202,558,1,_
TP5,TKA0111,560,1,_
TP5,TKA1101,562,1,_
TP5,TKB2201,657,1,_
TP5,TKH0501,257,1,_
TP5,TKR1101,471,1,_
TP5,TKU2201,396,1,_
TP5,TMH2201,727,1,_
TP5,TMI1101,259,1,_
TP5,TMK1101,5163,1,_
TP5,TMK1102,565,1,_
TP5,TMN2201,399,1,_
TP5,TMU1101,141,1,_
TP5,TNG2201,403,1,_
TP5,TRK1101,267,1,_
TP5,TRK1102,267,1,_
TP5,TRK2201,268,1,_
TP5,TWH2201,149,1,_
TP5,TWT2201,369,1,_
TP5,TWZ2201,659,1,_
TP5,TWZ2202,659,1,_
TP5,UHT1101,473,1,_
TP5,WAI0501,270,1,_
TP5,WAI1101,271,1,_
TP5,WDV1102,410,1,_
TP5,WEL1101,40,1,_
TP5,WEL1102,39,1,_
TP5,WGN1101,412,1,_
TP5,WHU1101,151,1,_
TP5,WIL1101,477,1,_
TP5,WIL2201,478,1,_
TP5,WIR1101,95,1,_
TP5,WIR1102,736,1,_
TP5,WKM2202,282,1,_
TP5,WKO1101,153,1,_
TP5,WMG1101,746,1,_
TP5,WMG1102,517,1,_
TP5,WPA2201,284,1,_
TP5,WPR2202,538,1,_
TP5,WPR2203,537,1,_
TP5,WPT1101,747,1,_
TP5,WPT1102,519,1,_
TP5,WPW1101,414,1,_
TP5,WPW1102,415,1,_
TP5,WRD2201,44,1,_
TP5,WRK2201,292,1,_
TP5,WTK1101,666,1,_
TP5,WTK1102,667,1,_
TP5,WTK2201,668,1,_
TP5,WTU2201,741,1,_
TP5,WTU2202,312,1,_
TP5,WVY1101,353,1,_
TP6,ARA2201_ARA0,160,0.333333333,_
TP6,ARA2201_ARA0,161,0.333333333,_
TP6,ARA2201_ARA0,162,0.333333333,_
TP6,ARG1101_BRR0,486,1,_
TP6,ARI1101_ARI0,100,0.25,_
TP6,ARI1101_ARI0,97,0.25,_
TP6,ARI1101_ARI0,98,0.25,_
TP6,ARI1101_ARI0,99,0.25,_
TP6,ARI1102_ARI0,96,1,_
TP6,ASB0661_HBK0,554,1,_
TP6,ATI2201_ATI0,164,1,_
TP6,AVI2201_AVI0,599,0.25,_
TP6,AVI2201_AVI0,600,0.25,_
TP6,AVI2201_AVI0,601,0.25,_
TP6,AVI2201_AVI0,602,0.25,_
TP6,BEN2202_BEN0,606,0.166666667,_
TP6,BEN2202_BEN0,607,0.166666667,_
TP6,BEN2202_BEN0,608,0.166666667,_
TP6,BEN2202_BEN0,609,0.166666667,_
TP6,BEN2202_BEN0,610,0.166666667,_
TP6,BEN2202_BEN0,611,0.166666667,_
TP6,BOB1101,46,1,_
TP6,BPE0331_TWF0,408,1,_
TP6,BWK1101_WPI0,731,1,_
TP6,COL0661_COL0,574,0.447368421,_
TP6,COL0661_COL0,750,0.552631579,_
TP6,CPK0331,418,1,_
TP6,CYD2201_CYD0,674,0.25,_
TP6,CYD2201_CYD0,675,0.25,_
TP6,CYD2201_CYD0,676,0.25,_
TP6,CYD2201_CYD0,677,0.25,_
TP6,GLN0332_GLN0,50,1,_
TP6,HAM0331,109,1,_
TP6,HIN0331,114,1,_
TP6,HLY2201_HLY1,119,1,_
TP6,HLY2201_HLY2,118,1,_
TP6,HLY2201_HLY5,120,1,_
TP6,HLY2201_HLY6,117,1,_
TP6,HWA1101_PTA1,337,1,_
TP6,HWA1101_PTA2,337,1,_
TP6,HWA1101_PTA3,337,1,_
TP6,HWA1102_WAA0,348,0.416909621,_
TP6,HWA1102_WAA0,350,0.583090379,_
TP6,HWA1102_WAA1,348,0.416909621,_
TP6,HWA1102_WAA1,350,0.583090379,_
TP6,HWB0331_MAH0,700,1,_
TP6,HWB0331_WPI0,730,1,_
TP6,ISL0331,525,1,_
TP6,KAW0111,179,1,_
TP6,KAW0112_ONU0,235,0.29467381,_
TP6,KAW0112_ONU0,236,0.204853451,_
TP6,KAW0112_ONU0,237,0.126063662,_
TP6,KAW0112_ONU0,238,0.374409077,_
TP6,KAW0113,178,1,_
TP6,KAW1101_KAG0,174,1,_
TP6,KIN0112_KIN0,125,1,_
TP6,KIN0331,127,1,_
TP6,KPA1101_KPI1,323,1,_
TP6,KPO1101_KPO0,130,0.333333333,_
TP6,KPO1101_KPO0,131,0.333333333,_
TP6,KPO1101_KPO0,132,0.333333333,_
TP6,KPU0661,134,1,_
TP6,KUM0661_KUM0,593,1,_
TP6,LTN0331_TWF0,407,1,_
TP6,MAN2201_MAN0,702,0.142857143,_
TP6,MAN2201_MAN0,703,0.142857143,_
TP6,MAN2201_MAN0,704,0.142857143,_
TP6,MAN2201_MAN0,705,0.142857143,_
TP6,MAN2201_MAN0,706,0.142857143,_
TP6,MAN2201_MAN0,707,0.142857143,_
TP6,MAN2201_MAN0,708,0.142857143,_
TP6,MAT1101_ANI0,154,0.5,_
TP6,MAT1101_ANI0,155,0.5,_
TP6,MAT1101_MAT0,195,0.5,_
TP6,MAT1101_MAT0,196,0.5,_
TP6,MHO0331_MHO0,373,1,_
TP6,MKE1101_MKE1,325,0.5,_
TP6,MKE1101_MKE1,326,0.5,_
TP6,MPE1101,27,1,_
TP6,MTI2201_MTI0,201,0.1,_
TP6,MTI2201_MTI0,202,0.1,_
TP6,MTI2201_MTI0,203,0.1,_
TP6,MTI2201_MTI0,204,0.1,_
TP6,MTI2201_MTI0,205,0.1,_
TP6,MTI2201_MTI0,206,0.1,_
TP6,MTI2201_MTI0,207,0.1,_
TP6,MTI2201_MTI0,208,0.1,_
TP6,MTI2201_MTI0,209,0.1,_
TP6,MTI2201_MTI0,210,0.1,_
TP6,NAP2201_NAP0,214,1,_
TP6,NAP2202_NTM0,216,0.5,_
TP6,NAP2202_NTM0,217,0.5,_
TP6,NMA0331_WHL0,729,1,_
TP6,NSY0331_PAE0,651,1,_
TP6,OHA2201_OHA0,636,0.25,_
TP6,OHA2201_OHA0,637,0.25,_
TP6,OHA2201_OHA0,638,0.25,_
TP6,OHA2201_OHA0,639,0.25,_
TP6,OHB2201_OHB0,641,0.25,_
TP6,OHB2201_OHB0,642,0.25,_
TP6,OHB2201_OHB0,643,0.25,_
TP6,OHB2201_OHB0,644,0.25,_
TP6,OHC2201_OHC0,646,0.25,_
TP6,OHC2201_OHC0,647,0.25,_
TP6,OHC2201_OHC0,648,0.25,_
TP6,OHC2201_OHC0,649,0.25,_
TP6,OHK2201_OHK0,219,0.25,_
TP6,OHK2201_OHK0,220,0.25,_
TP6,OHK2201_OHK0,221,0.25,_
TP6,OHK2201_OHK0,222,0.25,_
TP6,OKI2201_OKI0,228,0.099099099,_
TP6,OKI2201_OKI0,230,0.450450451,_
TP6,OKI2201_OKI0,231,0.450450451,_
TP6,PEN0331,81,1,_
TP6,PPI2201_PPI0,241,1,_
TP6,PRM0331,465,1,_
TP6,ROT1101_WHE0,272,1,_
TP6,ROX1101_ROX0,714,0.333333333,_
TP6,ROX1101_ROX0,715,0.333333333,_
TP6,ROX1101_ROX0,716,0.333333333,_
TP6,ROX2201_ROX0,717,0.2,_
TP6,ROX2201_ROX0,718,0.2,_
TP6,ROX2201_ROX0,719,0.2,_
TP6,ROX2201_ROX0,720,0.2,_
TP6,ROX2201_ROX0,721,0.2,_
TP6,RPO2201_RPO0,386,0.5,_
TP6,RPO2201_RPO0,387,0.5,_
TP6,SFD2201_SFD21,340,1,_
TP6,SFD2201_SFD22,341,1,_
TP6,SFD2201_SPL0,346,1,_
TP6,STK0661_COB0,491,1,_
TP6,TGA0331_KMI0,183,1,_
TP6,THI2201_THI1,253,1,_
TP6,THI2201_THI2,254,1,_
TP6,TKA0111_TKA1,560,1,_
TP6,TKB2201_TKB1,655,0.5,_
TP6,TKB2201_TKB1,656,0.5,_
TP6,TKU2201_TKU0,391,0.25,_
TP6,TKU2201_TKU0,392,0.25,_
TP6,TKU2201_TKU0,393,0.25,_
TP6,TKU2201_TKU0,394,0.25,_
TP6,TUI1101_KTW0,298,0.5,_
TP6,TUI1101_KTW0,299,0.5,_
TP6,TUI1101_PRI0,300,0.5,_
TP6,TUI1101_PRI0,301,0.5,_
TP6,TUI1101_TUI0,302,0.333333333,_
TP6,TUI1101_TUI0,303,0.333333333,_
TP6,TUI1101_TUI0,304,0.333333333,_
TP6,TWC2201_NZW0,404,1,_
TP6,TWC2201_TWF0,405,1,_
TP6,TWH0331_TRC1,142,1,_
TP6,TWH0331_TUK0,147,1,_
TP6,WDV1101_TAP0,389,1,_
TP6,WGN0331,411,1,_
TP6,WHI0111,306,1,_
TP6,WHI2201_WHI0,307,0.333333333,_
TP6,WHI2201_WHI0,308,0.333333333,_
TP6,WHI2201_WHI0,309,0.333333333,_
TP6,WHU0331,150,1,_
TP6,WIL0331_MCK0,482,1,_
TP6,WKM2201_MOK0,198,0.524257784,_
TP6,WKM2201_MOK0,199,0.475742216,_
TP6,WKM2201_WKM0,274,0.25,_
TP6,WKM2201_WKM0,275,0.25,_
TP6,WKM2201_WKM0,276,0.25,_
TP6,WKM2201_WKM0,277,0.25,_
TP6,WKO0331,152,1,_
TP6,WPA2201_WPA0,283,1,_
TP6,WRK0331_RKA0,740,1,_
TP6,WRK0331_TAA0,248,1,_
TP6,WRK2201_WRK0,285,0.340664962,_
TP6,WRK2201_WRK0,286,0.170332481,_
TP6,WRK2201_WRK0,287,0.19028133,_
TP6,WRK2201_WRK0,288,0.211764706,_
TP6,WRK2201_WRK0,289,0.086956522,_
TP6,WTK0111_WTK0,660,1,_
TP6,WWD1102_WWD0,479,1,_
TP6,WWD1103_WWD0,744,1,_
TP6,KAW0112_DLS0,176,1,_
TP6,KAW0113_DLS1,178,1,_
TP6,ABY0111,541,1,_
TP6,ALB0331,4,1,_
TP6,ALB1101,41,1,_
TP6,APS0111,569,1,_
TP6,ARG1101,487,1,_
TP6,ASB0331,543,1,_
TP6,ASB0661,544,1,_
TP6,ASY0111,520,0.5,_
TP6,ASY0111,748,0.5,_
TP6,ATU1101,488,1,_
TP6,BAL0331,669,1,_
TP6,BDE0111,671,1,_
TP6,BLN0331,489,1,_
TP6,BOB0331,45,1,_
TP6,BPD1101,618,1,_
TP6,BPE0331,357,1,_
TP6,BPE0551,358,0.5,_
TP6,BPE0551,359,0.5,_
TP6,BPT1101,619,1,_
TP6,BRB0331,8,1,_
TP6,BRK0331,315,1,_
TP6,BRY0661,549,1,_
TP6,BWK1101,673,1,_
TP6,CBG0111,105,1,_
TP6,CLH0111,572,1,_
TP6,CML0331,620,1,_
TP6,COL0111,575,1,_
TP6,COL0661,576,1,_
TP6,CPK0111,416,0.5,_
TP6,CPK0111,417,0.5,_
TP6,CST0331,317,1,_
TP6,CUL0331,493,1,_
TP6,CUL0661,494,1,_
TP6,CYD0331,678,1,_
TP6,CYD2201,679,1,_
TP6,DOB0331,579,1,_
TP6,DVK0111,366,1,_
TP6,EDG0331,168,1,_
TP6,EDN0331,680,1,_
TP6,FHL0331,293,1,_
TP6,FKN0331,628,1,_
TP6,GFD0331,426,1,_
TP6,GLN0331,733,1,_
TP6,GLN0332,51,1,_
TP6,GOR0331,682,1,_
TP6,GYM0661,585,1,_
TP6,GYT0331,429,1,_
TP6,HAM0111,108,1,_
TP6,HAM0551,110,1,_
TP6,HAM0551,5039,0,_
TP6,HAY0111,434,1,_
TP6,HAY0331,443,1,_
TP6,HEN0331,12,1,_
TP6,HEP0331,17,1,_
TP6,HKK0661,587,1,_
TP6,HLY0331,121,1,_
TP6,HOB1101,56,1,_
TP6,HOR0331,589,1,_
TP6,HOR0661,590,1,_
TP6,HTI0331,123,1,_
TP6,HUI0331,319,1,_
TP6,HWA0331,321,1,_
TP6,HWA0332,742,1,_
TP6,HWA1101,322,1,_
TP6,HWA1102,322,1,_
TP6,HWB0331,688,1,_
TP6,HWB0332,753,1,_
TP6,HWB1101,693,1,_
TP6,INV0331,696,1,_
TP6,ISL0661,526,1,_
TP6,KAI0111,531,1,_
TP6,KAW0112,176,1,_
TP6,KAW1101,181,1,_
TP6,KBY0661,591,1,_
TP6,KBY0662,591,1,_
TP6,KIK0111,745,1,_
TP6,KIN0111,126,1,_
TP6,KIN0112,125,1,_
TP6,KIN0113,738,1,_
TP6,KMO0331,187,1,_
TP6,KOE1101,20,1,_
TP6,KPA1101,324,1,_
TP6,KUM0661,593,1,_
TP6,KWA0111,451,1,_
TP6,LFD1101,192,1,_
TP6,LFD1102,192,1,_
TP6,LTN0331,370,1,_
TP6,MAN2201,701,1,_
TP6,MAT1101,156,0.909090909,_
TP6,MAT1101,197,0.090909091,_
TP6,MCH0111,503,1,_
TP6,MER0331,60,1,_
TP6,MGM0331,454,1,_
TP6,MHO0331,374,1,_
TP6,MKE1101,325,0.5,_
TP6,MKE1101,326,0.5,_
TP6,MLG0111,456,1,_
TP6,MLG0331,457,1,_
TP6,MNG0331,61,1,_
TP6,MNG1101,62,1,_
TP6,MNI0111,328,1,_
TP6,MST0331,460,1,_
TP6,MTM0331,212,1,_
TP6,MTN0331,377,1,_
TP6,MTO0331,28,1,_
TP6,MTR0331,380,1,_
TP6,NAP2201,214,1,_
TP6,NAP2202,215,1,_
TP6,NMA0331,711,1,_
TP6,NPK0331,382,1,_
TP6,NPL0331,331,1,_
TP6,NSY0331,632,1,_
TP6,OAM0331,634,1,_
TP6,OKN0111,384,1,_
TP6,ONG0331,137,1,_
TP6,OPK0331,335,1,_
TP6,ORO1101,507,1,_
TP6,ORO1102,508,1,_
TP6,OTA0221,66,1,_
TP6,OTI0111,595,1,_
TP6,OWH0111,239,1,_
TP6,PAK0331,75,1,_
TP6,PAO1101,139,1,_
TP6,PEN0221,79,1,_
TP6,PEN0251,80,1,_
TP6,PEN1101,56,0.190798081,_
TP6,PEN1101,58,0.645660707,_
TP6,PEN1101,88,0.163541212,_
TP6,PNI0331,462,1,_
TP6,PPI2201,241,0.5,_
TP6,PPI2201,242,0.5,_
TP6,RDF0331,295,1,_
TP6,RFN1101,506,1,_
TP6,RFN1102,505,1,_
TP6,ROS0221,89,1,_
TP6,ROS1101,90,1,_
TP6,ROT0111,245,1,_
TP6,ROT0331,246,1,_
TP6,ROT1101,247,1,_
TP6,SBK0331,533,1,_
TP6,SBK0661,534,1,_
TP6,SDN0331,725,1,_
TP6,SFD0331,342,1,_
TP6,SFD2201,345,1,_
TP6,STK0331,511,1,_
TP6,STK0661,512,1,_
TP6,STU0111,653,1,_
TP6,SVL0331,32,1,_
TP6,SWN0251,36,1,_
TP6,SWN2201,37,1,_
TP6,TAK0331,91,1,_
TP6,TGA0111,250,1,_
TP6,TGA0331,251,1,_
TP6,THI2201,255,1,_
TP6,TIM0111,556,1,_
TP6,TKA0331,561,1,_
TP6,TKH0111,256,1,_
TP6,TKR0331,470,1,_
TP6,TKU0331,395,1,_
TP6,TMI0331,258,1,_
TP6,TMK0331,563,1,_
TP6,TMN0551,397,0.5,_
TP6,TMN0551,398,0.5,_
TP6,TMU0111,140,1,_
TP6,TNG0111,400,1,_
TP6,TNG0551,401,0.5,_
TP6,TNG0551,402,0.5,_
TP6,TRK0111,260,1,_
TP6,TUI1101,305,1,_
TP6,TWC2201,406,1,_
TP6,TWH0331,143,0.253164557,_
TP6,TWH0331,148,0.746835443,_
TP6,TWI2201,728,1,_
TP6,TWZ0331,658,1,_
TP6,UHT0331,472,1,_
TP6,WAI0111,269,1,_
TP6,WDV0111,409,1,_
TP6,WDV1101,410,1,_
TP6,WEL0331,38,1,_
TP6,WHI2201,310,1,_
TP6,WIL0331,475,1,_
TP6,WIR0331,94,1,_
TP6,WKM2201,278,1,_
TP6,WPR0331,535,1,_
TP6,WPR0661,536,1,_
TP6,WPT0111,518,1,_
TP6,WPW0331,413,1,_
TP6,WRD0331,41,1,_
TP6,WRK0331,290,1,_
TP6,WTK0111,660,1,_
TP6,WTK0331,5173,1,_
TP6,WTU0331,311,1,_
TP6,WVY0111,352,1,_
TP6,WWD1102,481,1,_
TP6,WWD1103,480,1,_
TP6,ABY1101,542,1,_
TP6,ALB2201,7,1,_
TP6,APS0661,570,1,_
TP6,ARA2201,163,1,_
TP6,ARI1101,737,1,_
TP6,ARI1102,101,1,_
TP6,ASB2201,545,1,_
TP6,ASY0661,521,1,_
TP6,ATI2201,164,1,_
TP6,AVI2201,603,1,_
TP6,BAL1101,670,1,_
TP6,BDE1101,672,1,_
TP6,BEN2201,617,1,_
TP6,BEN2202,617,1,_
TP6,BEN3502,615,1,_
TP6,BEN3503,616,1,_
TP6,BHL2201,47,1,_
TP6,BHL2202,5013,1,_
TP6,BLN1101,490,1,_
TP6,BPC1101,598,1,_
TP6,BPE1101,363,1,_
TP6,BPE2201,364,1,_
TP6,BRB2201,9,1,_
TP6,BRK2201,316,1,_
TP6,BRK2202,316,1,_
TP6,BRY2201,553,1,_
TP6,CBG1101,107,1,_
TP6,CBG1102,106,1,_
TP6,CLH0661,573,1,_
TP6,CML1101,625,1,_
TP6,CML1102,624,1,_
TP6,CML2201,627,1,_
TP6,CML2202,626,1,_
TP6,CPK1101,419,1,_
TP6,CPK1102,420,1,_
TP6,CPK1103,421,1,_
TP6,CST1101,318,1,_
TP6,CUL2202,495,1,_
TP6,CUL2203,496,1,_
TP6,DOB0661,580,1,_
TP6,DOB1101,584,1,_
TP6,DOB1102,583,1,_
TP6,DRY2201,49,1,_
TP6,DRY2202,49,1,_
TP6,DVK1101,367,1,_
TP6,DVK1102,368,1,_
TP6,EDG1101,171,1,_
TP6,EDG1102,171,1,_
TP6,EDG2201,172,1,_
TP6,EDN1101,681,1,_
TP6,FHL1101,294,1,_
TP6,FKN1101,630,1,_
TP6,FKN1102,629,1,_
TP6,GFD1101,428,1,_
TP6,GFD1102,427,1,_
TP6,GLN2201,53,1,_
TP6,GNY1101,597,1,_
TP6,GOR1101,683,1,_
TP6,GOR1102,683,1,_
TP6,GYT1101,430,1,_
TP6,GYT1102,431,1,_
TP6,HAM1101,112,1,_
TP6,HAM2201,113,1,_
TP6,HAY1101,447,1,_
TP6,HAY2201,450,1,_
TP6,HAY3502,449,1,_
TP6,HAY3503,448,1,_
TP6,HEN1101,15,1,_
TP6,HEN2201,16,1,_
TP6,HEP1101,18,1,_
TP6,HIN1101,115,1,_
TP6,HLY2201,116,1,_
TP6,HOB2201,57,1,_
TP6,HPI2201,19,1,_
TP6,HPI2202,19,1,_
TP6,HTI1101,124,1,_
TP6,HUI1101,320,1,_
TP6,HWA1001,322,1,_
TP6,HWB2201,694,1,_
TP6,IGH1101,497,1,_
TP6,INV1101,698,1,_
TP6,INV2201,699,1,_
TP6,INV2202,699,1,_
TP6,ISL2201,530,1,_
TP6,KAI0661,532,1,_
TP6,KAW2201,182,1,_
TP6,KBT0661,567,1,_
TP6,KBT0662,566,1,_
TP6,KIK1101,501,1,_
TP6,KIK2201,502,1,_
TP6,KIN1101,129,1,_
TP6,KIN1102,129,1,_
TP6,KMO1101,190,1,_
TP6,KMO1102,190,1,_
TP6,KMO1103,190,1,_
TP6,KMO2201,191,1,_
TP6,KPO1101,133,1,_
TP6,KPU1101,739,1,_
TP6,KPU1102,5053,1,_
TP6,KWA1101,452,1,_
TP6,KWA1102,453,1,_
TP6,LIV2201,631,1,_
TP6,LTN2201,371,1,_
TP6,LTN2202,372,1,_
TP6,MCH1101,504,1,_
TP6,MDN1101,25,1,_
TP6,MDN2201,26,1,_
TP6,MGM1101,455,1,_
TP6,MHO1101,375,1,_
TP6,MHO1102,376,1,_
TP6,MHT1102,422,1,_
TP6,MHT1103,423,1,_
TP6,MKT1101,314,1,_
TP6,MLG1101,459,1,_
TP6,MLG1102,458,1,_
TP6,MNI1101,329,1,_
TP6,MST1101,461,1,_
TP6,MTI2201,211,1,_
TP6,MTM1101,213,1,_
TP6,MTN1101,379,1,_
TP6,MTN1102,378,1,_
TP6,MTO1101,29,1,_
TP6,MTO1102,30,1,_
TP6,MTR1101,381,1,_
TP6,MVE1101,102,1,_
TP6,MVE1102,103,1,_
TP6,NGA1101,31,1,_
TP6,NMA2201,712,1,_
TP6,NPK1101,383,1,_
TP6,NPL1101,333,1,_
TP6,NPL2201,334,1,_
TP6,NSY2201,633,1,_
TP6,OAM1101,635,1,_
TP6,OAM1102,752,1,_
TP6,OHA2201,640,1,_
TP6,OHB2201,645,1,_
TP6,OHC2201,650,1,_
TP6,OHK2201,223,1,_
TP6,OHW2201,136,1,_
TP6,OHW2202,136,1,_
TP6,OKE1101,224,1,_
TP6,OKI2201,227,0.5,_
TP6,OKI2201,229,0.5,_
TP6,OKN1101,385,1,_
TP6,ONG1101,138,1,_
TP6,OPI2201,540,1,_
TP6,OPI2202,539,1,_
TP6,OPK1101,743,1,_
TP6,OPK1102,336,1,_
TP6,OTA1103,70,1,_
TP6,OTA1104,734,1,_
TP6,OTA1105,70,1,_
TP6,OTA1106,734,1,_
TP6,OTA1107,70,1,_
TP6,OTA1108,734,1,_
TP6,OTA1109,70,1,_
TP6,OTA110A,734,1,_
TP6,OTA2201,72,1,_
TP6,OTA2202,73,1,_
TP6,OTA2203,71,1,_
TP6,OTI0661,596,1,_
TP6,OWH1101,240,1,_
TP6,PAK2201,76,1,_
TP6,PEN0222,79,1,_
TP6,PEN2201,87,1,_
TP6,PIE1101,173,1,_
TP6,PNI1101,463,1,_
TP6,PNI1102,464,1,_
TP6,PRM2201,468,1,_
TP6,PRM2202,469,1,_
TP6,PRT2201,425,1,_
TP6,PRT2202,424,1,_
TP6,RDF1101,296,1,_
TP6,RDF1102,296,1,_
TP6,RDF2201,297,1,_
TP6,RFC1101,483,1,_
TP6,ROT1102,247,1,_
TP6,ROX1101,723,1,_
TP6,ROX2201,724,1,_
TP6,RPO2201,388,1,_
TP6,RTO1101,104,1,_
TP6,RTR1101,365,1,_
TP6,SDN2201,726,1,_
TP6,SFD1101,344,1,_
TP6,STK1101,515,1,_
TP6,STK2201,516,1,_
TP6,STU1101,654,1,_
TP6,SVL2201,33,1,_
TP6,SVL2202,34,1,_
TP6,TAK2201,92,1,_
TP6,TAK2202,93,1,_
TP6,TGA1101,252,1,_
TP6,TIM1101,557,1,_
TP6,TIM2201,559,1,_
TP6,TIM2202,558,1,_
TP6,TKA0111,560,1,_
TP6,TKA1101,562,1,_
TP6,TKB2201,657,1,_
TP6,TKH0501,257,1,_
TP6,TKR1101,471,1,_
TP6,TKU2201,396,1,_
TP6,TMH2201,727,1,_
TP6,TMI1101,259,1,_
TP6,TMK1101,5163,1,_
TP6,TMK1102,565,1,_
TP6,TMN2201,399,1,_
TP6,TMU1101,141,1,_
TP6,TNG2201,403,1,_
TP6,TRK1101,267,1,_
TP6,TRK1102,267,1,_
TP6,TRK2201,268,1,_
TP6,TWH2201,149,1,_
TP6,TWT2201,369,1,_
TP6,TWZ2201,659,1,_
TP6,TWZ2202,659,1,_
TP6,UHT1101,473,1,_
TP6,WAI0501,270,1,_
TP6,WAI1101,271,1,_
TP6,WDV1102,410,1,_
TP6,WEL1101,40,1,_
TP6,WEL1102,39,1,_
TP6,WGN1101,412,1,_
TP6,WHU1101,151,1,_
TP6,WIL1101,477,1,_
TP6,WIL2201,478,1,_
TP6,WIR1101,95,1,_
TP6,WIR1102,736,1,_
TP6,WKM2202,282,1,_
TP6,WKO1101,153,1,_
TP6,WMG1101,746,1,_
TP6,WMG1102,517,1,_
TP6,WPA2201,284,1,_
TP6,WPR2202,538,1,_
TP6,WPR2203,537,1,_
TP6,WPT1101,747,1,_
TP6,WPT1102,519,1,_
TP6,WPW1101,414,1,_
TP6,WPW1102,415,1,_
TP6,WRD2201,44,1,_
TP6,WRK2201,292,1,_
TP6,WTK1101,666,1,_
TP6,WTK1102,667,1,_
TP6,WTK2201,668,1,_
TP6,WTU2201,741,1,_
TP6,WTU2202,312,1,_
TP6,WVY1101,353,1,_
TP7,ARA2201_ARA0,160,0.333333333,_
TP7,ARA2201_ARA0,161,0.333333333,_
TP7,ARA2201_ARA0,162,0.333333333,_
TP7,ARG1101_BRR0,486,1,_
TP7,ARI1101_ARI0,100,0.25,_
TP7,ARI1101_ARI0,97,0.25,_
TP7,ARI1101_ARI0,98,0.25,_
TP7,ARI1101_ARI0,99,0.25,_
TP7,ARI1102_ARI0,96,1,_
TP7,ASB0661_HBK0,554,1,_
TP7,ATI2201_ATI0,164,1,_
TP7,AVI2201_AVI0,599,0.25,_
TP7,AVI2201_AVI0,600,0.25,_
TP7,AVI2201_AVI0,601,0.25,_
TP7,AVI2201_AVI0,602,0.25,_
TP7,BEN2202_BEN0,606,0.166666667,_
TP7,BEN2202_BEN0,607,0.166666667,_
TP7,BEN2202_BEN0,608,0.166666667,_
TP7,BEN2202_BEN0,609,0.166666667,_
TP7,BEN2202_BEN0,610,0.166666667,_
TP7,BEN2202_BEN0,611,0.166666667,_
TP7,BOB1101,46,1,_
TP7,BPE0331_TWF0,408,1,_
TP7,BWK1101_WPI0,731,1,_
TP7,COL0661_COL0,574,0.447368421,_
TP7,COL0661_COL0,750,0.552631579,_
TP7,CPK0331,418,1,_
TP7,CYD2201_CYD0,674,0.25,_
TP7,CYD2201_CYD0,675,0.25,_
TP7,CYD2201_CYD0,676,0.25,_
TP7,CYD2201_CYD0,677,0.25,_
TP7,GLN0332_GLN0,50,1,_
TP7,HAM0331,109,1,_
TP7,HIN0331,114,1,_
TP7,HLY2201_HLY1,119,1,_
TP7,HLY2201_HLY2,118,1,_
TP7,HLY2201_HLY5,120,1,_
TP7,HLY2201_HLY6,117,1,_
TP7,HWA1101_PTA1,337,1,_
TP7,HWA1101_PTA2,337,1,_
TP7,HWA1101_PTA3,337,1,_
TP7,HWA1102_WAA0,348,0.416909621,_
TP7,HWA1102_WAA0,350,0.583090379,_
TP7,HWA1102_WAA1,348,0.416909621,_
TP7,HWA1102_WAA1,350,0.583090379,_
TP7,HWB0331_MAH0,700,1,_
TP7,HWB0331_WPI0,730,1,_
TP7,ISL0331,525,1,_
TP7,KAW0111,179,1,_
TP7,KAW0112_ONU0,235,0.29467381,_
TP7,KAW0112_ONU0,236,0.204853451,_
TP7,KAW0112_ONU0,237,0.126063662,_
TP7,KAW0112_ONU0,238,0.374409077,_
TP7,KAW0113,178,1,_
TP7,KAW1101_KAG0,174,1,_
TP7,KIN0112_KIN0,125,1,_
TP7,KIN0331,127,1,_
TP7,KPA1101_KPI1,323,1,_
TP7,KPO1101_KPO0,130,0.333333333,_
TP7,KPO1101_KPO0,131,0.333333333,_
TP7,KPO1101_KPO0,132,0.333333333,_
TP7,KPU0661,134,1,_
TP7,KUM0661_KUM0,593,1,_
TP7,LTN0331_TWF0,407,1,_
TP7,MAN2201_MAN0,702,0.142857143,_
TP7,MAN2201_MAN0,703,0.142857143,_
TP7,MAN2201_MAN0,704,0.142857143,_
TP7,MAN2201_MAN0,705,0.142857143,_
TP7,MAN2201_MAN0,706,0.142857143,_
TP7,MAN2201_MAN0,707,0.142857143,_
TP7,MAN2201_MAN0,708,0.142857143,_
TP7,MAT1101_ANI0,154,0.5,_
TP7,MAT1101_ANI0,155,0.5,_
TP7,MAT1101_MAT0,195,0.5,_
TP7,MAT1101_MAT0,196,0.5,_
TP7,MHO0331_MHO0,373,1,_
TP7,MKE1101_MKE1,325,0.5,_
TP7,MKE1101_MKE1,326,0.5,_
TP7,MPE1101,27,1,_
TP7,MTI2201_MTI0,201,0.1,_
TP7,MTI2201_MTI0,202,0.1,_
TP7,MTI2201_MTI0,203,0.1,_
TP7,MTI2201_MTI0,204,0.1,_
TP7,MTI2201_MTI0,205,0.1,_
TP7,MTI2201_MTI0,206,0.1,_
TP7,MTI2201_MTI0,207,0.1,_
TP7,MTI2201_MTI0,208,0.1,_
TP7,MTI2201_MTI0,209,0.1,_
TP7,MTI2201_MTI0,210,0.1,_
TP7,NAP2201_NAP0,214,1,_
TP7,NAP2202_NTM0,216,0.5,_
TP7,NAP2202_NTM0,217,0.5,_
TP7,NMA0331_WHL0,729,1,_
TP7,NSY0331_PAE0,651,1,_
TP7,OHA2201_OHA0,636,0.25,_
TP7,OHA2201_OHA0,637,0.25,_
TP7,OHA2201_OHA0,638,0.25,_
TP7,OHA2201_OHA0,639,0.25,_
TP7,OHB2201_OHB0,641,0.25,_
TP7,OHB2201_OHB0,642,0.25,_
TP7,OHB2201_OHB0,643,0.25,_
TP7,OHB2201_OHB0,644,0.25,_
TP7,OHC2201_OHC0,646,0.25,_
TP7,OHC2201_OHC0,647,0.25,_
TP7,OHC2201_OHC0,648,0.25,_
TP7,OHC2201_OHC0,649,0.25,_
TP7,OHK2201_OHK0,219,0.25,_
TP7,OHK2201_OHK0,220,0.25,_
TP7,OHK2201_OHK0,221,0.25,_
TP7,OHK2201_OHK0,222,0.25,_
TP7,OKI2201_OKI0,228,0.099099099,_
TP7,OKI2201_OKI0,230,0.450450451,_
TP7,OKI2201_OKI0,231,0.450450451,_
TP7,PEN0331,81,1,_
TP7,PPI2201_PPI0,241,1,_
TP7,PRM0331,465,1,_
TP7,ROT1101_WHE0,272,1,_
TP7,ROX1101_ROX0,714,0.333333333,_
TP7,ROX1101_ROX0,715,0.333333333,_
TP7,ROX1101_ROX0,716,0.333333333,_
TP7,ROX2201_ROX0,717,0.2,_
TP7,ROX2201_ROX0,718,0.2,_
TP7,ROX2201_ROX0,719,0.2,_
TP7,ROX2201_ROX0,720,0.2,_
TP7,ROX2201_ROX0,721,0.2,_
TP7,RPO2201_RPO0,386,0.5,_
TP7,RPO2201_RPO0,387,0.5,_
TP7,SFD2201_SFD21,340,1,_
TP7,SFD2201_SFD22,341,1,_
TP7,SFD2201_SPL0,346,1,_
TP7,STK0661_COB0,491,1,_
TP7,TGA0331_KMI0,183,1,_
TP7,THI2201_THI1,253,1,_
TP7,THI2201_THI2,254,1,_
TP7,TKA0111_TKA1,560,1,_
TP7,TKB2201_TKB1,655,0.5,_
TP7,TKB2201_TKB1,656,0.5,_
TP7,TKU2201_TKU0,391,0.25,_
TP7,TKU2201_TKU0,392,0.25,_
TP7,TKU2201_TKU0,393,0.25,_
TP7,TKU2201_TKU0,394,0.25,_
TP7,TUI1101_KTW0,298,0.5,_
TP7,TUI1101_KTW0,299,0.5,_
TP7,TUI1101_PRI0,300,0.5,_
TP7,TUI1101_PRI0,301,0.5,_
TP7,TUI1101_TUI0,302,0.333333333,_
TP7,TUI1101_TUI0,303,0.333333333,_
TP7,TUI1101_TUI0,304,0.333333333,_
TP7,TWC2201_NZW0,404,1,_
TP7,TWC2201_TWF0,405,1,_
TP7,TWH0331_TRC1,142,1,_
TP7,TWH0331_TUK0,147,1,_
TP7,WDV1101_TAP0,389,1,_
TP7,WGN0331,411,1,_
TP7,WHI0111,306,1,_
TP7,WHI2201_WHI0,307,0.333333333,_
TP7,WHI2201_WHI0,308,0.333333333,_
TP7,WHI2201_WHI0,309,0.333333333,_
TP7,WHU0331,150,1,_
TP7,WIL0331_MCK0,482,1,_
TP7,WKM2201_MOK0,198,0.524257784,_
TP7,WKM2201_MOK0,199,0.475742216,_
TP7,WKM2201_WKM0,274,0.25,_
TP7,WKM2201_WKM0,275,0.25,_
TP7,WKM2201_WKM0,276,0.25,_
TP7,WKM2201_WKM0,277,0.25,_
TP7,WKO0331,152,1,_
TP7,WPA2201_WPA0,283,1,_
TP7,WRK0331_RKA0,740,1,_
TP7,WRK0331_TAA0,248,1,_
TP7,WRK2201_WRK0,285,0.340664962,_
TP7,WRK2201_WRK0,286,0.170332481,_
TP7,WRK2201_WRK0,287,0.19028133,_
TP7,WRK2201_WRK0,288,0.211764706,_
TP7,WRK2201_WRK0,289,0.086956522,_
TP7,WTK0111_WTK0,660,1,_
TP7,WWD1102_WWD0,479,1,_
TP7,WWD1103_WWD0,744,1,_
TP7,KAW0112_DLS0,176,1,_
TP7,KAW0113_DLS1,178,1,_
TP7,ABY0111,541,1,_
TP7,ALB0331,4,1,_
TP7,ALB1101,41,1,_
TP7,APS0111,569,1,_
TP7,ARG1101,487,1,_
TP7,ASB0331,543,1,_
TP7,ASB0661,544,1,_
TP7,ASY0111,520,0.5,_
TP7,ASY0111,748,0.5,_
TP7,ATU1101,488,1,_
TP7,BAL0331,669,1,_
TP7,BDE0111,671,1,_
TP7,BLN0331,489,1,_
TP7,BOB0331,45,1,_
TP7,BPD1101,618,1,_
TP7,BPE0331,357,1,_
TP7,BPE0551,358,0.5,_
TP7,BPE0551,359,0.5,_
TP7,BPT1101,619,1,_
TP7,BRB0331,8,1,_
TP7,BRK0331,315,1,_
TP7,BRY0661,549,1,_
TP7,BWK1101,673,1,_
TP7,CBG0111,105,1,_
TP7,CLH0111,572,1,_
TP7,CML0331,620,1,_
TP7,COL0111,575,1,_
TP7,COL0661,576,1,_
TP7,CPK0111,416,0.5,_
TP7,CPK0111,417,0.5,_
TP7,CST0331,317,1,_
TP7,CUL0331,493,1,_
TP7,CUL0661,494,1,_
TP7,CYD0331,678,1,_
TP7,CYD2201,679,1,_
TP7,DOB0331,579,1,_
TP7,DVK0111,366,1,_
TP7,EDG0331,168,1,_
TP7,EDN0331,680,1,_
TP7,FHL0331,293,1,_
TP7,FKN0331,628,1,_
TP7,GFD0331,426,1,_
TP7,GLN0331,733,1,_
TP7,GLN0332,51,1,_
TP7,GOR0331,682,1,_
TP7,GYM0661,585,1,_
TP7,GYT0331,429,1,_
TP7,HAM0111,108,1,_
TP7,HAM0551,110,1,_
TP7,HAM0551,5039,0,_
TP7,HAY0111,434,1,_
TP7,HAY0331,443,1,_
TP7,HEN0331,12,1,_
TP7,HEP0331,17,1,_
TP7,HKK0661,587,1,_
TP7,HLY0331,121,1,_
TP7,HOB1101,56,1,_
TP7,HOR0331,589,1,_
TP7,HOR0661,590,1,_
TP7,HTI0331,123,1,_
TP7,HUI0331,319,1,_
TP7,HWA0331,321,1,_
TP7,HWA0332,742,1,_
TP7,HWA1101,322,1,_
TP7,HWA1102,322,1,_
TP7,HWB0331,688,1,_
TP7,HWB0332,753,1,_
TP7,HWB1101,693,1,_
TP7,INV0331,696,1,_
TP7,ISL0661,526,1,_
TP7,KAI0111,531,1,_
TP7,KAW0112,176,1,_
TP7,KAW1101,181,1,_
TP7,KBY0661,591,1,_
TP7,KBY0662,591,1,_
TP7,KIK0111,745,1,_
TP7,KIN0111,126,1,_
TP7,KIN0112,125,1,_
TP7,KIN0113,738,1,_
TP7,KMO0331,187,1,_
TP7,KOE1101,20,1,_
TP7,KPA1101,324,1,_
TP7,KUM0661,593,1,_
TP7,KWA0111,451,1,_
TP7,LFD1101,192,1,_
TP7,LFD1102,192,1,_
TP7,LTN0331,370,1,_
TP7,MAN2201,701,1,_
TP7,MAT1101,156,0.909090909,_
TP7,MAT1101,197,0.090909091,_
TP7,MCH0111,503,1,_
TP7,MER0331,60,1,_
TP7,MGM0331,454,1,_
TP7,MHO0331,374,1,_
TP7,MKE1101,325,0.5,_
TP7,MKE1101,326,0.5,_
TP7,MLG0111,456,1,_
TP7,MLG0331,457,1,_
TP7,MNG0331,61,1,_
TP7,MNG1101,62,1,_
TP7,MNI0111,328,1,_
TP7,MST0331,460,1,_
TP7,MTM0331,212,1,_
TP7,MTN0331,377,1,_
TP7,MTO0331,28,1,_
TP7,MTR0331,380,1,_
TP7,NAP2201,214,1,_
TP7,NAP2202,215,1,_
TP7,NMA0331,711,1,_
TP7,NPK0331,382,1,_
TP7,NPL0331,331,1,_
TP7,NSY0331,632,1,_
TP7,OAM0331,634,1,_
TP7,OKN0111,384,1,_
TP7,ONG0331,137,1,_
TP7,OPK0331,335,1,_
TP7,ORO1101,507,1,_
TP7,ORO1102,508,1,_
TP7,OTA0221,66,1,_
TP7,OTI0111,595,1,_
TP7,OWH0111,239,1,_
TP7,PAK0331,75,1,_
TP7,PAO1101,139,1,_
TP7,PEN0221,79,1,_
TP7,PEN0251,80,1,_
TP7,PEN1101,56,0.190798081,_
TP7,PEN1101,58,0.645660707,_
TP7,PEN1101,88,0.163541212,_
TP7,PNI0331,462,1,_
TP7,PPI2201,241,0.5,_
TP7,PPI2201,242,0.5,_
TP7,RDF0331,295,1,_
TP7,RFN1101,506,1,_
TP7,RFN1102,505,1,_
TP7,ROS0221,89,1,_
TP7,ROS1101,90,1,_
TP7,ROT0111,245,1,_
TP7,ROT0331,246,1,_
TP7,ROT1101,247,1,_
TP7,SBK0331,533,1,_
TP7,SBK0661,534,1,_
TP7,SDN0331,725,1,_
TP7,SFD0331,342,1,_
TP7,SFD2201,345,1,_
TP7,STK0331,511,1,_
TP7,STK0661,512,1,_
TP7,STU0111,653,1,_
TP7,SVL0331,32,1,_
TP7,SWN0251,36,1,_
TP7,SWN2201,37,1,_
TP7,TAK0331,91,1,_
TP7,TGA0111,250,1,_
TP7,TGA0331,251,1,_
TP7,THI2201,255,1,_
TP7,TIM0111,556,1,_
TP7,TKA0331,561,1,_
TP7,TKH0111,256,1,_
TP7,TKR0331,470,1,_
TP7,TKU0331,395,1,_
TP7,TMI0331,258,1,_
TP7,TMK0331,563,1,_
TP7,TMN0551,397,0.5,_
TP7,TMN0551,398,0.5,_
TP7,TMU0111,140,1,_
TP7,TNG0111,400,1,_
TP7,TNG0551,401,0.5,_
TP7,TNG0551,402,0.5,_
TP7,TRK0111,260,1,_
TP7,TUI1101,305,1,_
TP7,TWC2201,406,1,_
TP7,TWH0331,143,0.253164557,_
TP7,TWH0331,148,0.746835443,_
TP7,TWI2201,728,1,_
TP7,TWZ0331,658,1,_
TP7,UHT0331,472,1,_
TP7,WAI0111,269,1,_
TP7,WDV0111,409,1,_
TP7,WDV1101,410,1,_
TP7,WEL0331,38,1,_
TP7,WHI2201,310,1,_
TP7,WIL0331,475,1,_
TP7,WIR0331,94,1,_
TP7,WKM2201,278,1,_
TP7,WPR0331,535,1,_
TP7,WPR0661,536,1,_
TP7,WPT0111,518,1,_
TP7,WPW0331,413,1,_
TP7,WRD0331,41,1,_
TP7,WRK0331,290,1,_
TP7,WTK0111,660,1,_
TP7,WTK0331,5173,1,_
TP7,WTU0331,311,1,_
TP7,WVY0111,352,1,_
TP7,WWD1102,481,1,_
TP7,WWD1103,480,1,_
TP7,ABY1101,542,1,_
TP7,ALB2201,7,1,_
TP7,APS0661,570,1,_
TP7,ARA2201,163,1,_
TP7,ARI1101,737,1,_
TP7,ARI1102,101,1,_
TP7,ASB2201,545,1,_
TP7,ASY0661,521,1,_
TP7,ATI2201,164,1,_
TP7,AVI2201,603,1,_
TP7,BAL1101,670,1,_
TP7,BDE1101,672,1,_
TP7,BEN2201,617,1,_
TP7,BEN2202,617,1,_
TP7,BEN3502,615,1,_
TP7,BEN3503,616,1,_
TP7,BHL2201,47,1,_
TP7,BHL2202,5013,1,_
TP7,BLN1101,490,1,_
TP7,BPC1101,598,1,_
TP7,BPE1101,363,1,_
TP7,BPE2201,364,1,_
TP7,BRB2201,9,1,_
TP7,BRK2201,316,1,_
TP7,BRK2202,316,1,_
TP7,BRY2201,553,1,_
TP7,CBG1101,107,1,_
TP7,CBG1102,106,1,_
TP7,CLH0661,573,1,_
TP7,CML1101,625,1,_
TP7,CML1102,624,1,_
TP7,CML2201,627,1,_
TP7,CML2202,626,1,_
TP7,CPK1101,419,1,_
TP7,CPK1102,420,1,_
TP7,CPK1103,421,1,_
TP7,CST1101,318,1,_
TP7,CUL2202,495,1,_
TP7,CUL2203,496,1,_
TP7,DOB0661,580,1,_
TP7,DOB1101,584,1,_
TP7,DOB1102,583,1,_
TP7,DRY2201,49,1,_
TP7,DRY2202,49,1,_
TP7,DVK1101,367,1,_
TP7,DVK1102,368,1,_
TP7,EDG1101,171,1,_
TP7,EDG1102,171,1,_
TP7,EDG2201,172,1,_
TP7,EDN1101,681,1,_
TP7,FHL1101,294,1,_
TP7,FKN1101,630,1,_
TP7,FKN1102,629,1,_
TP7,GFD1101,428,1,_
TP7,GFD1102,427,1,_
TP7,GLN2201,53,1,_
TP7,GNY1101,597,1,_
TP7,GOR1101,683,1,_
TP7,GOR1102,683,1,_
TP7,GYT1101,430,1,_
TP7,GYT1102,431,1,_
TP7,HAM1101,112,1,_
TP7,HAM2201,113,1,_
TP7,HAY1101,447,1,_
TP7,HAY2201,450,1,_
TP7,HAY3502,449,1,_
TP7,HAY3503,448,1,_
TP7,HEN1101,15,1,_
TP7,HEN2201,16,1,_
TP7,HEP1101,18,1,_
TP7,HIN1101,115,1,_
TP7,HLY2201,116,1,_
TP7,HOB2201,57,1,_
TP7,HPI2201,19,1,_
TP7,HPI2202,19,1,_
TP7,HTI1101,124,1,_
TP7,HUI1101,320,1,_
TP7,HWA1001,322,1,_
TP7,HWB2201,694,1,_
TP7,IGH1101,497,1,_
TP7,INV1101,698,1,_
TP7,INV2201,699,1,_
TP7,INV2202,699,1,_
TP7,ISL2201,530,1,_
TP7,KAI0661,532,1,_
TP7,KAW2201,182,1,_
TP7,KBT0661,567,1,_
TP7,KBT0662,566,1,_
TP7,KIK1101,501,1,_
TP7,KIK2201,502,1,_
TP7,KIN1101,129,1,_
TP7,KIN1102,129,1,_
TP7,KMO1101,190,1,_
TP7,KMO1102,190,1,_
TP7,KMO1103,190,1,_
TP7,KMO2201,191,1,_
TP7,KPO1101,133,1,_
TP7,KPU1101,739,1,_
TP7,KPU1102,5053,1,_
TP7,KWA1101,452,1,_
TP7,KWA1102,453,1,_
TP7,LIV2201,631,1,_
TP7,LTN2201,371,1,_
TP7,LTN2202,372,1,_
TP7,MCH1101,504,1,_
TP7,MDN1101,25,1,_
TP7,MDN2201,26,1,_
TP7,MGM1101,455,1,_
TP7,MHO1101,375,1,_
TP7,MHO1102,376,1,_
TP7,MHT1102,422,1,_
TP7,MHT1103,423,1,_
TP7,MKT1101,314,1,_
TP7,MLG1101,459,1,_
TP7,MLG1102,458,1,_
TP7,MNI1101,329,1,_
TP7,MST1101,461,1,_
TP7,MTI2201,211,1,_
TP7,MTM1101,213,1,_
TP7,MTN1101,379,1,_
TP7,MTN1102,378,1,_
TP7,MTO1101,29,1,_
TP7,MTO1102,30,1,_
TP7,MTR1101,381,1,_
TP7,MVE1101,102,1,_
TP7,MVE1102,103,1,_
TP7,NGA1101,31,1,_
TP7,NMA2201,712,1,_
TP7,NPK1101,383,1,_
TP7,NPL1101,333,1,_
TP7,NPL2201,334,1,_
TP7,NSY2201,633,1,_
TP7,OAM1101,635,1,_
TP7,OAM1102,752,1,_
TP7,OHA2201,640,1,_
TP7,OHB2201,645,1,_
TP7,OHC2201,650,1,_
TP7,OHK2201,223,1,_
TP7,OHW2201,136,1,_
TP7,OHW2202,136,1,_
TP7,OKE1101,224,1,_
TP7,OKI2201,227,0.5,_
TP7,OKI2201,229,0.5,_
TP7,OKN1101,385,1,_
TP7,ONG1101,138,1,_
TP7,OPI2201,540,1,_
TP7,OPI2202,539,1,_
TP7,OPK1101,743,1,_
TP7,OPK1102,336,1,_
TP7,OTA1103,70,1,_
TP7,OTA1104,734,1,_
TP7,OTA1105,70,1,_
TP7,OTA1106,734,1,_
TP7,OTA1107,70,1,_
TP7,OTA1108,734,1,_
TP7,OTA1109,70,1,_
TP7,OTA110A,734,1,_
TP7,OTA2201,72,1,_
TP7,OTA2202,73,1,_
TP7,OTA2203,71,1,_
TP7,OTI0661,596,1,_
TP7,OWH1101,240,1,_
TP7,PAK2201,76,1,_
TP7,PEN0222,79,1,_
TP7,PEN2201,87,1,_
TP7,PIE1101,173,1,_
TP7,PNI1101,463,1,_
TP7,PNI1102,464,1,_
TP7,PRM2201,468,1,_
TP7,PRM2202,469,1,_
TP7,PRT2201,425,1,_
TP7,PRT2202,424,1,_
TP7,RDF1101,296,1,_
TP7,RDF1102,296,1,_
TP7,RDF2201,297,1,_
TP7,RFC1101,483,1,_
TP7,ROT1102,247,1,_
TP7,ROX1101,723,1,_
TP7,ROX2201,724,1,_
TP7,RPO2201,388,1,_
TP7,RTO1101,104,1,_
TP7,RTR1101,365,1,_
TP7,SDN2201,726,1,_
TP7,SFD1101,344,1,_
TP7,STK1101,515,1,_
TP7,STK2201,516,1,_
TP7,STU1101,654,1,_
TP7,SVL2201,33,1,_
TP7,SVL2202,34,1,_
TP7,TAK2201,92,1,_
TP7,TAK2202,93,1,_
TP7,TGA1101,252,1,_
TP7,TIM1101,557,1,_
TP7,TIM2201,559,1,_
TP7,TIM2202,558,1,_
TP7,TKA0111,560,1,_
TP7,TKA1101,562,1,_
TP7,TKB2201,657,1,_
TP7,TKH0501,257,1,_
TP7,TKR1101,471,1,_
TP7,TKU2201,396,1,_
TP7,TMH2201,727,1,_
TP7,TMI1101,259,1,_
TP7,TMK1101,5163,1,_
TP7,TMK1102,565,1,_
TP7,TMN2201,399,1,_
TP7,TMU1101,141,1,_
TP7,TNG2201,403,1,_
TP7,TRK1101,267,1,_
TP7,TRK1102,267,1,_
TP7,TRK2201,268,1,_
TP7,TWH2201,149,1,_
TP7,TWT2201,369,1,_
TP7,TWZ2201,659,1,_
TP7,TWZ2202,659,1,_
TP7,UHT1101,473,1,_
TP7,WAI0501,270,1,_
TP7,WAI1101,271,1,_
TP7,WDV1102,410,1,_
TP7,WEL1101,40,1,_
TP7,WEL1102,39,1,_
TP7,WGN1101,412,1,_
TP7,WHU1101,151,1,_
TP7,WIL1101,477,1,_
TP7,WIL2201,478,1,_
TP7,WIR1101,95,1,_
TP7,WIR1102,736,1,_
TP7,WKM2202,282,1,_
TP7,WKO1101,153,1,_
TP7,WMG1101,746,1,_
TP7,WMG1102,517,1,_
TP7,WPA2201,284,1,_
TP7,WPR2202,538,1,_
TP7,WPR2203,537,1,_
TP7,WPT1101,747,1,_
TP7,WPT1102,519,1,_
TP7,WPW1101,414,1,_
TP7,WPW1102,415,1,_
TP7,WRD2201,44,1,_
TP7,WRK2201,292,1,_
TP7,WTK1101,666,1,_
TP7,WTK1102,667,1,_
TP7,WTK2201,668,1,_
TP7,WTU2201,741,1,_
TP7,WTU2202,312,1,_
TP7,WVY1101,353,1,_
TP8,ARA2201_ARA0,160,0.333333333,_
TP8,ARA2201_ARA0,161,0.333333333,_
TP8,ARA2201_ARA0,162,0.333333333,_
TP8,ARG1101_BRR0,486,1,_
TP8,ARI1101_ARI0,100,0.25,_
TP8,ARI1101_ARI0,97,0.25,_
TP8,ARI1101_ARI0,98,0.25,_
TP8,ARI1101_ARI0,99,0.25,_
TP8,ARI1102_ARI0,96,1,_
TP8,ASB0661_HBK0,554,1,_
TP8,ATI2201_ATI0,164,1,_
TP8,AVI2201_AVI0,599,0.25,_
TP8,AVI2201_AVI0,600,0.25,_
TP8,AVI2201_AVI0,601,0.25,_
TP8,AVI2201_AVI0,602,0.25,_
TP8,BEN2202_BEN0,606,0.166666667,_
TP8,BEN2202_BEN0,607,0.166666667,_
TP8,BEN2202_BEN0,608,0.166666667,_
TP8,BEN2202_BEN0,609,0.166666667,_
TP8,BEN2202_BEN0,610,0.166666667,_
TP8,BEN2202_BEN0,611,0.166666667,_
TP8,BOB1101,46,1,_
TP8,BPE0331_TWF0,408,1,_
TP8,BWK1101_WPI0,731,1,_
TP8,COL0661_COL0,574,0.447368421,_
TP8,COL0661_COL0,750,0.552631579,_
TP8,CPK0331,418,1,_
TP8,CYD2201_CYD0,674,0.25,_
TP8,CYD2201_CYD0,675,0.25,_
TP8,CYD2201_CYD0,676,0.25,_
TP8,CYD2201_CYD0,677,0.25,_
TP8,GLN0332_GLN0,50,1,_
TP8,HAM0331,109,1,_
TP8,HIN0331,114,1,_
TP8,HLY2201_HLY1,119,1,_
TP8,HLY2201_HLY2,118,1,_
TP8,HLY2201_HLY5,120,1,_
TP8,HLY2201_HLY6,117,1,_
TP8,HWA1101_PTA1,337,1,_
TP8,HWA1101_PTA2,337,1,_
TP8,HWA1101_PTA3,337,1,_
TP8,HWA1102_WAA0,348,0.416909621,_
TP8,HWA1102_WAA0,350,0.583090379,_
TP8,HWA1102_WAA1,348,0.416909621,_
TP8,HWA1102_WAA1,350,0.583090379,_
TP8,HWB0331_MAH0,700,1,_
TP8,HWB0331_WPI0,730,1,_
TP8,ISL0331,525,1,_
TP8,KAW0111,179,1,_
TP8,KAW0112_ONU0,235,0.29467381,_
TP8,KAW0112_ONU0,236,0.204853451,_
TP8,KAW0112_ONU0,237,0.126063662,_
TP8,KAW0112_ONU0,238,0.374409077,_
TP8,KAW0113,178,1,_
TP8,KAW1101_KAG0,174,1,_
TP8,KIN0112_KIN0,125,1,_
TP8,KIN0331,127,1,_
TP8,KPA1101_KPI1,323,1,_
TP8,KPO1101_KPO0,130,0.333333333,_
TP8,KPO1101_KPO0,131,0.333333333,_
TP8,KPO1101_KPO0,132,0.333333333,_
TP8,KPU0661,134,1,_
TP8,KUM0661_KUM0,593,1,_
TP8,LTN0331_TWF0,407,1,_
TP8,MAN2201_MAN0,702,0.142857143,_
TP8,MAN2201_MAN0,703,0.142857143,_
TP8,MAN2201_MAN0,704,0.142857143,_
TP8,MAN2201_MAN0,705,0.142857143,_
TP8,MAN2201_MAN0,706,0.142857143,_
TP8,MAN2201_MAN0,707,0.142857143,_
TP8,MAN2201_MAN0,708,0.142857143,_
TP8,MAT1101_ANI0,154,0.5,_
TP8,MAT1101_ANI0,155,0.5,_
TP8,MAT1101_MAT0,195,0.5,_
TP8,MAT1101_MAT0,196,0.5,_
TP8,MHO0331_MHO0,373,1,_
TP8,MKE1101_MKE1,325,0.5,_
TP8,MKE1101_MKE1,326,0.5,_
TP8,MPE1101,27,1,_
TP8,MTI2201_MTI0,201,0.1,_
TP8,MTI2201_MTI0,202,0.1,_
TP8,MTI2201_MTI0,203,0.1,_
TP8,MTI2201_MTI0,204,0.1,_
TP8,MTI2201_MTI0,205,0.1,_
TP8,MTI2201_MTI0,206,0.1,_
TP8,MTI2201_MTI0,207,0.1,_
TP8,MTI2201_MTI0,208,0.1,_
TP8,MTI2201_MTI0,209,0.1,_
TP8,MTI2201_MTI0,210,0.1,_
TP8,NAP2201_NAP0,214,1,_
TP8,NAP2202_NTM0,216,0.5,_
TP8,NAP2202_NTM0,217,0.5,_
TP8,NMA0331_WHL0,729,1,_
TP8,NSY0331_PAE0,651,1,_
TP8,OHA2201_OHA0,636,0.25,_
TP8,OHA2201_OHA0,637,0.25,_
TP8,OHA2201_OHA0,638,0.25,_
TP8,OHA2201_OHA0,639,0.25,_
TP8,OHB2201_OHB0,641,0.25,_
TP8,OHB2201_OHB0,642,0.25,_
TP8,OHB2201_OHB0,643,0.25,_
TP8,OHB2201_OHB0,644,0.25,_
TP8,OHC2201_OHC0,646,0.25,_
TP8,OHC2201_OHC0,647,0.25,_
TP8,OHC2201_OHC0,648,0.25,_
TP8,OHC2201_OHC0,649,0.25,_
TP8,OHK2201_OHK0,219,0.25,_
TP8,OHK2201_OHK0,220,0.25,_
TP8,OHK2201_OHK0,221,0.25,_
TP8,OHK2201_OHK0,222,0.25,_
TP8,OKI2201_OKI0,228,0.099099099,_
TP8,OKI2201_OKI0,230,0.450450451,_
TP8,OKI2201_OKI0,231,0.450450451,_
TP8,PEN0331,81,1,_
TP8,PPI2201_PPI0,241,1,_
TP8,PRM0331,465,1,_
TP8,ROT1101_WHE0,272,1,_
TP8,ROX1101_ROX0,714,0.333333333,_
TP8,ROX1101_ROX0,715,0.333333333,_
TP8,ROX1101_ROX0,716,0.333333333,_
TP8,ROX2201_ROX0,717,0.2,_
TP8,ROX2201_ROX0,718,0.2,_
TP8,ROX2201_ROX0,719,0.2,_
TP8,ROX2201_ROX0,720,0.2,_
TP8,ROX2201_ROX0,721,0.2,_
TP8,RPO2201_RPO0,386,0.5,_
TP8,RPO2201_RPO0,387,0.5,_
TP8,SFD2201_SFD21,340,1,_
TP8,SFD2201_SFD22,341,1,_
TP8,SFD2201_SPL0,346,1,_
TP8,STK0661_COB0,491,1,_
TP8,TGA0331_KMI0,183,1,_
TP8,THI2201_THI1,253,1,_
TP8,THI2201_THI2,254,1,_
TP8,TKA0111_TKA1,560,1,_
TP8,TKB2201_TKB1,655,0.5,_
TP8,TKB2201_TKB1,656,0.5,_
TP8,TKU2201_TKU0,391,0.25,_
TP8,TKU2201_TKU0,392,0.25,_
TP8,TKU2201_TKU0,393,0.25,_
TP8,TKU2201_TKU0,394,0.25,_
TP8,TUI1101_KTW0,298,0.5,_
TP8,TUI1101_KTW0,299,0.5,_
TP8,TUI1101_PRI0,300,0.5,_
TP8,TUI1101_PRI0,301,0.5,_
TP8,TUI1101_TUI0,302,0.333333333,_
TP8,TUI1101_TUI0,303,0.333333333,_
TP8,TUI1101_TUI0,304,0.333333333,_
TP8,TWC2201_NZW0,404,1,_
TP8,TWC2201_TWF0,405,1,_
TP8,TWH0331_TRC1,142,1,_
TP8,TWH0331_TUK0,147,1,_
TP8,WDV1101_TAP0,389,1,_
TP8,WGN0331,411,1,_
TP8,WHI0111,306,1,_
TP8,WHI2201_WHI0,307,0.333333333,_
TP8,WHI2201_WHI0,308,0.333333333,_
TP8,WHI2201_WHI0,309,0.333333333,_
TP8,WHU0331,150,1,_
TP8,WIL0331_MCK0,482,1,_
TP8,WKM2201_MOK0,198,0.524257784,_
TP8,WKM2201_MOK0,199,0.475742216,_
TP8,WKM2201_WKM0,274,0.25,_
TP8,WKM2201_WKM0,275,0.25,_
TP8,WKM2201_WKM0,276,0.25,_
TP8,WKM2201_WKM0,277,0.25,_
TP8,WKO0331,152,1,_
TP8,WPA2201_WPA0,283,1,_
TP8,WRK0331_RKA0,740,1,_
TP8,WRK0331_TAA0,248,1,_
TP8,WRK2201_WRK0,285,0.340664962,_
TP8,WRK2201_WRK0,286,0.170332481,_
TP8,WRK2201_WRK0,287,0.19028133,_
TP8,WRK2201_WRK0,288,0.211764706,_
TP8,WRK2201_WRK0,289,0.086956522,_
TP8,WTK0111_WTK0,660,1,_
TP8,WWD1102_WWD0,479,1,_
TP8,WWD1103_WWD0,744,1,_
TP8,KAW0112_DLS0,176,1,_
TP8,KAW0113_DLS1,178,1,_
TP8,ABY0111,541,1,_
TP8,ALB0331,4,1,_
TP8,ALB1101,41,1,_
TP8,APS0111,569,1,_
TP8,ARG1101,487,1,_
TP8,ASB0331,543,1,_
TP8,ASB0661,544,1,_
TP8,ASY0111,520,0.5,_
TP8,ASY0111,748,0.5,_
TP8,ATU1101,488,1,_
TP8,BAL0331,669,1,_
TP8,BDE0111,671,1,_
TP8,BLN0331,489,1,_
TP8,BOB0331,45,1,_
TP8,BPD1101,618,1,_
TP8,BPE0331,357,1,_
TP8,BPE0551,358,0.5,_
TP8,BPE0551,359,0.5,_
TP8,BPT1101,619,1,_
TP8,BRB0331,8,1,_
TP8,BRK0331,315,1,_
TP8,BRY0661,549,1,_
TP8,BWK1101,673,1,_
TP8,CBG0111,105,1,_
TP8,CLH0111,572,1,_
TP8,CML0331,620,1,_
TP8,COL0111,575,1,_
TP8,COL0661,576,1,_
TP8,CPK0111,416,0.5,_
TP8,CPK0111,417,0.5,_
TP8,CST0331,317,1,_
TP8,CUL0331,493,1,_
TP8,CUL0661,494,1,_
TP8,CYD0331,678,1,_
TP8,CYD2201,679,1,_
TP8,DOB0331,579,1,_
TP8,DVK0111,366,1,_
TP8,EDG0331,168,1,_
TP8,EDN0331,680,1,_
TP8,FHL0331,293,1,_
TP8,FKN0331,628,1,_
TP8,GFD0331,426,1,_
TP8,GLN0331,733,1,_
TP8,GLN0332,51,1,_
TP8,GOR0331,682,1,_
TP8,GYM0661,585,1,_
TP8,GYT0331,429,1,_
TP8,HAM0111,108,1,_
TP8,HAM0551,110,1,_
TP8,HAM0551,5039,0,_
TP8,HAY0111,434,1,_
TP8,HAY0331,443,1,_
TP8,HEN0331,12,1,_
TP8,HEP0331,17,1,_
TP8,HKK0661,587,1,_
TP8,HLY0331,121,1,_
TP8,HOB1101,56,1,_
TP8,HOR0331,589,1,_
TP8,HOR0661,590,1,_
TP8,HTI0331,123,1,_
TP8,HUI0331,319,1,_
TP8,HWA0331,321,1,_
TP8,HWA0332,742,1,_
TP8,HWA1101,322,1,_
TP8,HWA1102,322,1,_
TP8,HWB0331,688,1,_
TP8,HWB0332,753,1,_
TP8,HWB1101,693,1,_
TP8,INV0331,696,1,_
TP8,ISL0661,526,1,_
TP8,KAI0111,531,1,_
TP8,KAW0112,176,1,_
TP8,KAW1101,181,1,_
TP8,KBY0661,591,1,_
TP8,KBY0662,591,1,_
TP8,KIK0111,745,1,_
TP8,KIN0111,126,1,_
TP8,KIN0112,125,1,_
TP8,KIN0113,738,1,_
TP8,KMO0331,187,1,_
TP8,KOE1101,20,1,_
TP8,KPA1101,324,1,_
TP8,KUM0661,593,1,_
TP8,KWA0111,451,1,_
TP8,LFD1101,192,1,_
TP8,LFD1102,192,1,_
TP8,LTN0331,370,1,_
TP8,MAN2201,701,1,_
TP8,MAT1101,156,0.909090909,_
TP8,MAT1101,197,0.090909091,_
TP8,MCH0111,503,1,_
TP8,MER0331,60,1,_
TP8,MGM0331,454,1,_
TP8,MHO0331,374,1,_
TP8,MKE1101,325,0.5,_
TP8,MKE1101,326,0.5,_
TP8,MLG0111,456,1,_
TP8,MLG0331,457,1,_
TP8,MNG0331,61,1,_
TP8,MNG1101,62,1,_
TP8,MNI0111,328,1,_
TP8,MST0331,460,1,_
TP8,MTM0331,212,1,_
TP8,MTN0331,377,1,_
TP8,MTO0331,28,1,_
TP8,MTR0331,380,1,_
TP8,NAP2201,214,1,_
TP8,NAP2202,215,1,_
TP8,NMA0331,711,1,_
TP8,NPK0331,382,1,_
TP8,NPL0331,331,1,_
TP8,NSY0331,632,1,_
TP8,OAM0331,634,1,_
TP8,OKN0111,384,1,_
TP8,ONG0331,137,1,_
TP8,OPK0331,335,1,_
TP8,ORO1101,507,1,_
TP8,ORO1102,508,1,_
TP8,OTA0221,66,1,_
TP8,OTI0111,595,1,_
TP8,OWH0111,239,1,_
TP8,PAK0331,75,1,_
TP8,PAO1101,139,1,_
TP8,PEN0221,79,1,_
TP8,PEN0251,80,1,_
TP8,PEN1101,56,0.190798081,_
TP8,PEN1101,58,0.645660707,_
TP8,PEN1101,88,0.163541212,_
TP8,PNI0331,462,1,_
TP8,PPI2201,241,0.5,_
TP8,PPI2201,242,0.5,_
TP8,RDF0331,295,1,_
TP8,RFN1101,506,1,_
TP8,RFN1102,505,1,_
TP8,ROS0221,89,1,_
TP8,ROS1101,90,1,_
TP8,ROT0111,245,1,_
TP8,ROT0331,246,1,_
TP8,ROT1101,247,1,_
TP8,SBK0331,533,1,_
TP8,SBK0661,534,1,_
TP8,SDN0331,725,1,_
TP8,SFD0331,342,1,_
TP8,SFD2201,345,1,_
TP8,STK0331,511,1,_
TP8,STK0661,512,1,_
TP8,STU0111,653,1,_
TP8,SVL0331,32,1,_
TP8,SWN0251,36,1,_
TP8,SWN2201,37,1,_
TP8,TAK0331,91,1,_
TP8,TGA0111,250,1,_
TP8,TGA0331,251,1,_
TP8,THI2201,255,1,_
TP8,TIM0111,556,1,_
TP8,TKA0331,561,1,_
TP8,TKH0111,256,1,_
TP8,TKR0331,470,1,_
TP8,TKU0331,395,1,_
TP8,TMI0331,258,1,_
TP8,TMK0331,563,1,_
TP8,TMN0551,397,0.5,_
TP8,TMN0551,398,0.5,_
TP8,TMU0111,140,1,_
TP8,TNG0111,400,1,_
TP8,TNG0551,401,0.5,_
TP8,TNG0551,402,0.5,_
TP8,TRK0111,260,1,_
TP8,TUI1101,305,1,_
TP8,TWC2201,406,1,_
TP8,TWH0331,143,0.253164557,_
TP8,TWH0331,148,0.746835443,_
TP8,TWI2201,728,1,_
TP8,TWZ0331,658,1,_
TP8,UHT0331,472,1,_
TP8,WAI0111,269,1,_
TP8,WDV0111,409,1,_
TP8,WDV1101,410,1,_
TP8,WEL0331,38,1,_
TP8,WHI2201,310,1,_
TP8,WIL0331,475,1,_
TP8,WIR0331,94,1,_
TP8,WKM2201,278,1,_
TP8,WPR0331,535,1,_
TP8,WPR0661,536,1,_
TP8,WPT0111,518,1,_
TP8,WPW0331,413,1,_
TP8,WRD0331,41,1,_
TP8,WRK0331,290,1,_
TP8,WTK0111,660,1,_
TP8,WTK0331,5173,1,_
TP8,WTU0331,311,1,_
TP8,WVY0111,352,1,_
TP8,WWD1102,481,1,_
TP8,WWD1103,480,1,_
TP8,ABY1101,542,1,_
TP8,ALB2201,7,1,_
TP8,APS0661,570,1,_
TP8,ARA2201,163,1,_
TP8,ARI1101,737,1,_
TP8,ARI1102,101,1,_
TP8,ASB2201,545,1,_
TP8,ASY0661,521,1,_
TP8,ATI2201,164,1,_
TP8,AVI2201,603,1,_
TP8,BAL1101,670,1,_
TP8,BDE1101,672,1,_
TP8,BEN2201,617,1,_
TP8,BEN2202,617,1,_
TP8,BEN3502,615,1,_
TP8,BEN3503,616,1,_
TP8,BHL2201,47,1,_
TP8,BHL2202,5013,1,_
TP8,BLN1101,490,1,_
TP8,BPC1101,598,1,_
TP8,BPE1101,363,1,_
TP8,BPE2201,364,1,_
TP8,BRB2201,9,1,_
TP8,BRK2201,316,1,_
TP8,BRK2202,316,1,_
TP8,BRY2201,553,1,_
TP8,CBG1101,107,1,_
TP8,CBG1102,106,1,_
TP8,CLH0661,573,1,_
TP8,CML1101,625,1,_
TP8,CML1102,624,1,_
TP8,CML2201,627,1,_
TP8,CML2202,626,1,_
TP8,CPK1101,419,1,_
TP8,CPK1102,420,1,_
TP8,CPK1103,421,1,_
TP8,CST1101,318,1,_
TP8,CUL2202,495,1,_
TP8,CUL2203,496,1,_
TP8,DOB0661,580,1,_
TP8,DOB1101,584,1,_
TP8,DOB1102,583,1,_
TP8,DRY2201,49,1,_
TP8,DRY2202,49,1,_
TP8,DVK1101,367,1,_
TP8,DVK1102,368,1,_
TP8,EDG1101,171,1,_
TP8,EDG1102,171,1,_
TP8,EDG2201,172,1,_
TP8,EDN1101,681,1,_
TP8,FHL1101,294,1,_
TP8,FKN1101,630,1,_
TP8,FKN1102,629,1,_
TP8,GFD1101,428,1,_
TP8,GFD1102,427,1,_
TP8,GLN2201,53,1,_
TP8,GNY1101,597,1,_
TP8,GOR1101,683,1,_
TP8,GOR1102,683,1,_
TP8,GYT1101,430,1,_
TP8,GYT1102,431,1,_
TP8,HAM1101,112,1,_
TP8,HAM2201,113,1,_
TP8,HAY1101,447,1,_
TP8,HAY2201,450,1,_
TP8,HAY3502,449,1,_
TP8,HAY3503,448,1,_
TP8,HEN1101,15,1,_
TP8,HEN2201,16,1,_
TP8,HEP1101,18,1,_
TP8,HIN1101,115,1,_
TP8,HLY2201,116,1,_
TP8,HOB2201,57,1,_
TP8,HPI2201,19,1,_
TP8,HPI2202,19,1,_
TP8,HTI1101,124,1,_
TP8,HUI1101,320,1,_
TP8,HWA1001,322,1,_
TP8,HWB2201,694,1,_
TP8,IGH1101,497,1,_
TP8,INV1101,698,1,_
TP8,INV2201,699,1,_
TP8,INV2202,699,1,_
TP8,ISL2201,530,1,_
TP8,KAI0661,532,1,_
TP8,KAW2201,182,1,_
TP8,KBT0661,567,1,_
TP8,KBT0662,566,1,_
TP8,KIK1101,501,1,_
TP8,KIK2201,502,1,_
TP8,KIN1101,129,1,_
TP8,KIN1102,129,1,_
TP8,KMO1101,190,1,_
TP8,KMO1102,190,1,_
TP8,KMO1103,190,1,_
TP8,KMO2201,191,1,_
TP8,KPO1101,133,1,_
TP8,KPU1101,739,1,_
TP8,KPU1102,5053,1,_
TP8,KWA1101,452,1,_
TP8,KWA1102,453,1,_
TP8,LIV2201,631,1,_
TP8,LTN2201,371,1,_
TP8,LTN2202,372,1,_
TP8,MCH1101,504,1,_
TP8,MDN1101,25,1,_
TP8,MDN2201,26,1,_
TP8,MGM1101,455,1,_
TP8,MHO1101,375,1,_
TP8,MHO1102,376,1,_
TP8,MHT1102,422,1,_
TP8,MHT1103,423,1,_
TP8,MKT1101,314,1,_
TP8,MLG1101,459,1,_
TP8,MLG1102,458,1,_
TP8,MNI1101,329,1,_
TP8,MST1101,461,1,_
TP8,MTI2201,211,1,_
TP8,MTM1101,213,1,_
TP8,MTN1101,379,1,_
TP8,MTN1102,378,1,_
TP8,MTO1101,29,1,_
TP8,MTO1102,30,1,_
TP8,MTR1101,381,1,_
TP8,MVE1101,102,1,_
TP8,MVE1102,103,1,_
TP8,NGA1101,31,1,_
TP8,NMA2201,712,1,_
TP8,NPK1101,383,1,_
TP8,NPL1101,333,1,_
TP8,NPL2201,334,1,_
TP8,NSY2201,633,1,_
TP8,OAM1101,635,1,_
TP8,OAM1102,752,1,_
TP8,OHA2201,640,1,_
TP8,OHB2201,645,1,_
TP8,OHC2201,650,1,_
TP8,OHK2201,223,1,_
TP8,OHW2201,136,1,_
TP8,OHW2202,136,1,_
TP8,OKE1101,224,1,_
TP8,OKI2201,227,0.5,_
TP8,OKI2201,229,0.5,_
TP8,OKN1101,385,1,_
TP8,ONG1101,138,1,_
TP8,OPI2201,540,1,_
TP8,OPI2202,539,1,_
TP8,OPK1101,743,1,_
TP8,OPK1102,336,1,_
TP8,OTA1103,70,1,_
TP8,OTA1104,734,1,_
TP8,OTA1105,70,1,_
TP8,OTA1106,734,1,_
TP8,OTA1107,70,1,_
TP8,OTA1108,734,1,_
TP8,OTA1109,70,1,_
TP8,OTA110A,734,1,_
TP8,OTA2201,72,1,_
TP8,OTA2202,73,1,_
TP8,OTA2203,71,1,_
TP8,OTI0661,596,1,_
TP8,OWH1101,240,1,_
TP8,PAK2201,76,1,_
TP8,PEN0222,79,1,_
TP8,PEN2201,87,1,_
TP8,PIE1101,173,1,_
TP8,PNI1101,463,1,_
TP8,PNI1102,464,1,_
TP8,PRM2201,468,1,_
TP8,PRM2202,469,1,_
TP8,PRT2201,425,1,_
TP8,PRT2202,424,1,_
TP8,RDF1101,296,1,_
TP8,RDF1102,296,1,_
TP8,RDF2201,297,1,_
TP8,RFC1101,483,1,_
TP8,ROT1102,247,1,_
TP8,ROX1101,723,1,_
TP8,ROX2201,724,1,_
TP8,RPO2201,388,1,_
TP8,RTO1101,104,1,_
TP8,RTR1101,365,1,_
TP8,SDN2201,726,1,_
TP8,SFD1101,344,1,_
TP8,STK1101,515,1,_
TP8,STK2201,516,1,_
TP8,STU1101,654,1,_
TP8,SVL2201,33,1,_
TP8,SVL2202,34,1,_
TP8,TAK2201,92,1,_
TP8,TAK2202,93,1,_
TP8,TGA1101,252,1,_
TP8,TIM1101,557,1,_
TP8,TIM2201,559,1,_
TP8,TIM2202,558,1,_
TP8,TKA0111,560,1,_
TP8,TKA1101,562,1,_
TP8,TKB2201,657,1,_
TP8,TKH0501,257,1,_
TP8,TKR1101,471,1,_
TP8,TKU2201,396,1,_
TP8,TMH2201,727,1,_
TP8,TMI1101,259,1,_
TP8,TMK1101,5163,1,_
TP8,TMK1102,565,1,_
TP8,TMN2201,399,1,_
TP8,TMU1101,141,1,_
TP8,TNG2201,403,1,_
TP8,TRK1101,267,1,_
TP8,TRK1102,267,1,_
TP8,TRK2201,268,1,_
TP8,TWH2201,149,1,_
TP8,TWT2201,369,1,_
TP8,TWZ2201,659,1,_
TP8,TWZ2202,659,1,_
TP8,UHT1101,473,1,_
TP8,WAI0501,270,1,_
TP8,WAI1101,271,1,_
TP8,WDV1102,410,1,_
TP8,WEL1101,40,1,_
TP8,WEL1102,39,1,_
TP8,WGN1101,412,1,_
TP8,WHU1101,151,1,_
TP8,WIL1101,477,1,_
TP8,WIL2201,478,1,_
TP8,WIR1101,95,1,_
TP8,WIR1102,736,1,_
TP8,WKM2202,282,1,_
TP8,WKO1101,153,1,_
TP8,WMG1101,746,1,_
TP8,WMG1102,517,1,_
TP8,WPA2201,284,1,_
TP8,WPR2202,538,1,_
TP8,WPR2203,537,1,_
TP8,WPT1101,747,1,_
TP8,WPT1102,519,1,_
TP8,WPW1101,414,1,_
TP8,WPW1102,415,1,_
TP8,WRD2201,44,1,_
TP8,WRK2201,292,1,_
TP8,WTK1101,666,1,_
TP8,WTK1102,667,1,_
TP8,WTK2201,668,1,_
TP8,WTU2201,741,1,_
TP8,WTU2202,312,1,_
TP8,WVY1101,353,1,_
TP9,ARA2201_ARA0,160,0.333333333,_
TP9,ARA2201_ARA0,161,0.333333333,_
TP9,ARA2201_ARA0,162,0.333333333,_
TP9,ARG1101_BRR0,486,1,_
TP9,ARI1101_ARI0,100,0.25,_
TP9,ARI1101_ARI0,97,0.25,_
TP9,ARI1101_ARI0,98,0.25,_
TP9,ARI1101_ARI0,99,0.25,_
TP9,ARI1102_ARI0,96,1,_
TP9,ASB0661_HBK0,554,1,_
TP9,ATI2201_ATI0,164,1,_
TP9,AVI2201_AVI0,599,0.25,_
TP9,AVI2201_AVI0,600,0.25,_
TP9,AVI2201_AVI0,601,0.25,_
TP9,AVI2201_AVI0,602,0.25,_
TP9,BEN2202_BEN0,606,0.166666667,_
TP9,BEN2202_BEN0,607,0.166666667,_
TP9,BEN2202_BEN0,608,0.166666667,_
TP9,BEN2202_BEN0,609,0.166666667,_
TP9,BEN2202_BEN0,610,0.166666667,_
TP9,BEN2202_BEN0,611,0.166666667,_
TP9,BOB1101,46,1,_
TP9,BPE0331_TWF0,408,1,_
TP9,BWK1101_WPI0,731,1,_
TP9,COL0661_COL0,574,0.447368421,_
TP9,COL0661_COL0,750,0.552631579,_
TP9,CPK0331,418,1,_
TP9,CYD2201_CYD0,674,0.25,_
TP9,CYD2201_CYD0,675,0.25,_
TP9,CYD2201_CYD0,676,0.25,_
TP9,CYD2201_CYD0,677,0.25,_
TP9,GLN0332_GLN0,50,1,_
TP9,HAM0331,109,1,_
TP9,HIN0331,114,1,_
TP9,HLY2201_HLY1,119,1,_
TP9,HLY2201_HLY2,118,1,_
TP9,HLY2201_HLY5,120,1,_
TP9,HLY2201_HLY6,117,1,_
TP9,HWA1101_PTA1,337,1,_
TP9,HWA1101_PTA2,337,1,_
TP9,HWA1101_PTA3,337,1,_
TP9,HWA1102_WAA0,348,0.416909621,_
TP9,HWA1102_WAA0,350,0.583090379,_
TP9,HWA1102_WAA1,348,0.416909621,_
TP9,HWA1102_WAA1,350,0.583090379,_
TP9,HWB0331_MAH0,700,1,_
TP9,HWB0331_WPI0,730,1,_
TP9,ISL0331,525,1,_
TP9,KAW0111,179,1,_
TP9,KAW0112_ONU0,235,0.29467381,_
TP9,KAW0112_ONU0,236,0.204853451,_
TP9,KAW0112_ONU0,237,0.126063662,_
TP9,KAW0112_ONU0,238,0.374409077,_
TP9,KAW0113,178,1,_
TP9,KAW1101_KAG0,174,1,_
TP9,KIN0112_KIN0,125,1,_
TP9,KIN0331,127,1,_
TP9,KPA1101_KPI1,323,1,_
TP9,KPO1101_KPO0,130,0.333333333,_
TP9,KPO1101_KPO0,131,0.333333333,_
TP9,KPO1101_KPO0,132,0.333333333,_
TP9,KPU0661,134,1,_
TP9,KUM0661_KUM0,593,1,_
TP9,LTN0331_TWF0,407,1,_
TP9,MAN2201_MAN0,702,0.142857143,_
TP9,MAN2201_MAN0,703,0.142857143,_
TP9,MAN2201_MAN0,704,0.142857143,_
TP9,MAN2201_MAN0,705,0.142857143,_
TP9,MAN2201_MAN0,706,0.142857143,_
TP9,MAN2201_MAN0,707,0.142857143,_
TP9,MAN2201_MAN0,708,0.142857143,_
TP9,MAT1101_ANI0,154,0.5,_
TP9,MAT1101_ANI0,155,0.5,_
TP9,MAT1101_MAT0,195,0.5,_
TP9,MAT1101_MAT0,196,0.5,_
TP9,MHO0331_MHO0,373,1,_
TP9,MKE1101_MKE1,325,0.5,_
TP9,MKE1101_MKE1,326,0.5,_
TP9,MPE1101,27,1,_
TP9,MTI2201_MTI0,201,0.1,_
TP9,MTI2201_MTI0,202,0.1,_
TP9,MTI2201_MTI0,203,0.1,_
TP9,MTI2201_MTI0,204,0.1,_
TP9,MTI2201_MTI0,205,0.1,_
TP9,MTI2201_MTI0,206,0.1,_
TP9,MTI2201_MTI0,207,0.1,_
TP9,MTI2201_MTI0,208,0.1,_
TP9,MTI2201_MTI0,209,0.1,_
TP9,MTI2201_MTI0,210,0.1,_
TP9,NAP2201_NAP0,214,1,_
TP9,NAP2202_NTM0,216,0.5,_
TP9,NAP2202_NTM0,217,0.5,_
TP9,NMA0331_WHL0,729,1,_
TP9,NSY0331_PAE0,651,1,_
TP9,OHA2201_OHA0,636,0.25,_
TP9,OHA2201_OHA0,637,0.25,_
TP9,OHA2201_OHA0,638,0.25,_
TP9,OHA2201_OHA0,639,0.25,_
TP9,OHB2201_OHB0,641,0.25,_
TP9,OHB2201_OHB0,642,0.25,_
TP9,OHB2201_OHB0,643,0.25,_
TP9,OHB2201_OHB0,644,0.25,_
TP9,OHC2201_OHC0,646,0.25,_
TP9,OHC2201_OHC0,647,0.25,_
TP9,OHC2201_OHC0,648,0.25,_
TP9,OHC2201_OHC0,649,0.25,_
TP9,OHK2201_OHK0,219,0.25,_
TP9,OHK2201_OHK0,220,0.25,_
TP9,OHK2201_OHK0,221,0.25,_
TP9,OHK2201_OHK0,222,0.25,_
TP9,OKI2201_OKI0,228,0.099099099,_
TP9,OKI2201_OKI0,230,0.450450451,_
TP9,OKI2201_OKI0,231,0.450450451,_
TP9,PEN0331,81,1,_
TP9,PPI2201_PPI0,241,1,_
TP9,PRM0331,465,1,_
TP9,ROT1101_WHE0,272,1,_
TP9,ROX1101_ROX0,714,0.333333333,_
TP9,ROX1101_ROX0,715,0.333333333,_
TP9,ROX1101_ROX0,716,0.333333333,_
TP9,ROX2201_ROX0,717,0.2,_
TP9,ROX2201_ROX0,718,0.2,_
TP9,ROX2201_ROX0,719,0.2,_
TP9,ROX2201_ROX0,720,0.2,_
TP9,ROX2201_ROX0,721,0.2,_
TP9,RPO2201_RPO0,386,0.5,_
TP9,RPO2201_RPO0,387,0.5,_
TP9,SFD2201_SFD21,340,1,_
TP9,SFD2201_SFD22,341,1,_
TP9,SFD2201_SPL0,346,1,_
TP9,STK0661_COB0,491,1,_
TP9,TGA0331_KMI0,183,1,_
TP9,THI2201_THI1,253,1,_
TP9,THI2201_THI2,254,1,_
TP9,TKA0111_TKA1,560,1,_
TP9,TKB2201_TKB1,655,0.5,_
TP9,TKB2201_TKB1,656,0.5,_
TP9,TKU2201_TKU0,391,0.25,_
TP9,TKU2201_TKU0,392,0.25,_
TP9,TKU2201_TKU0,393,0.25,_
TP9,TKU2201_TKU0,394,0.25,_
TP9,TUI1101_KTW0,298,0.5,_
TP9,TUI1101_KTW0,299,0.5,_
TP9,TUI1101_PRI0,300,0.5,_
TP9,TUI1101_PRI0,301,0.5,_
TP9,TUI1101_TUI0,302,0.333333333,_
TP9,TUI1101_TUI0,303,0.333333333,_
TP9,TUI1101_TUI0,304,0.333333333,_
TP9,TWC2201_NZW0,404,1,_
TP9,TWC2201_TWF0,405,1,_
TP9,TWH0331_TRC1,142,1,_
TP9,TWH0331_TUK0,147,1,_
TP9,WDV1101_TAP0,389,1,_
TP9,WGN0331,411,1,_
TP9,WHI0111,306,1,_
TP9,WHI2201_WHI0,307,0.333333333,_
TP9,WHI2201_WHI0,308,0.333333333,_
TP9,WHI2201_WHI0,309,0.333333333,_
TP9,WHU0331,150,1,_
TP9,WIL0331_MCK0,482,1,_
TP9,WKM2201_MOK0,198,0.524257784,_
TP9,WKM2201_MOK0,199,0.475742216,_
TP9,WKM2201_WKM0,274,0.25,_
TP9,WKM2201_WKM0,275,0.25,_
TP9,WKM2201_WKM0,276,0.25,_
TP9,WKM2201_WKM0,277,0.25,_
TP9,WKO0331,152,1,_
TP9,WPA2201_WPA0,283,1,_
TP9,WRK0331_RKA0,740,1,_
TP9,WRK0331_TAA0,248,1,_
TP9,WRK2201_WRK0,285,0.340664962,_
TP9,WRK2201_WRK0,286,0.170332481,_
TP9,WRK2201_WRK0,287,0.19028133,_
TP9,WRK2201_WRK0,288,0.211764706,_
TP9,WRK2201_WRK0,289,0.086956522,_
TP9,WTK0111_WTK0,660,1,_
TP9,WWD1102_WWD0,479,1,_
TP9,WWD1103_WWD0,744,1,_
TP9,KAW0112_DLS0,176,1,_
TP9,KAW0113_DLS1,178,1,_
TP9,ABY0111,541,1,_
TP9,ALB0331,4,1,_
TP9,ALB1101,41,1,_
TP9,APS0111,569,1,_
TP9,ARG1101,487,1,_
TP9,ASB0331,543,1,_
TP9,ASB0661,544,1,_
TP9,ASY0111,520,0.5,_
TP9,ASY0111,748,0.5,_
TP9,ATU1101,488,1,_
TP9,BAL0331,669,1,_
TP9,BDE0111,671,1,_
TP9,BLN0331,489,1,_
TP9,BOB0331,45,1,_
TP9,BPD1101,618,1,_
TP9,BPE0331,357,1,_
TP9,BPE0551,358,0.5,_
TP9,BPE0551,359,0.5,_
TP9,BPT1101,619,1,_
TP9,BRB0331,8,1,_
TP9,BRK0331,315,1,_
TP9,BRY0661,549,1,_
TP9,BWK1101,673,1,_
TP9,CBG0111,105,1,_
TP9,CLH0111,572,1,_
TP9,CML0331,620,1,_
TP9,COL0111,575,1,_
TP9,COL0661,576,1,_
TP9,CPK0111,416,0.5,_
TP9,CPK0111,417,0.5,_
TP9,CST0331,317,1,_
TP9,CUL0331,493,1,_
TP9,CUL0661,494,1,_
TP9,CYD0331,678,1,_
TP9,CYD2201,679,1,_
TP9,DOB0331,579,1,_
TP9,DVK0111,366,1,_
TP9,EDG0331,168,1,_
TP9,EDN0331,680,1,_
TP9,FHL0331,293,1,_
TP9,FKN0331,628,1,_
TP9,GFD0331,426,1,_
TP9,GLN0331,733,1,_
TP9,GLN0332,51,1,_
TP9,GOR0331,682,1,_
TP9,GYM0661,585,1,_
TP9,GYT0331,429,1,_
TP9,HAM0111,108,1,_
TP9,HAM0551,110,1,_
TP9,HAM0551,5039,0,_
TP9,HAY0111,434,1,_
TP9,HAY0331,443,1,_
TP9,HEN0331,12,1,_
TP9,HEP0331,17,1,_
TP9,HKK0661,587,1,_
TP9,HLY0331,121,1,_
TP9,HOB1101,56,1,_
TP9,HOR0331,589,1,_
TP9,HOR0661,590,1,_
TP9,HTI0331,123,1,_
TP9,HUI0331,319,1,_
TP9,HWA0331,321,1,_
TP9,HWA0332,742,1,_
TP9,HWA1101,322,1,_
TP9,HWA1102,322,1,_
TP9,HWB0331,688,1,_
TP9,HWB0332,753,1,_
TP9,HWB1101,693,1,_
TP9,INV0331,696,1,_
TP9,ISL0661,526,1,_
TP9,KAI0111,531,1,_
TP9,KAW0112,176,1,_
TP9,KAW1101,181,1,_
TP9,KBY0661,591,1,_
TP9,KBY0662,591,1,_
TP9,KIK0111,745,1,_
TP9,KIN0111,126,1,_
TP9,KIN0112,125,1,_
TP9,KIN0113,738,1,_
TP9,KMO0331,187,1,_
TP9,KOE1101,20,1,_
TP9,KPA1101,324,1,_
TP9,KUM0661,593,1,_
TP9,KWA0111,451,1,_
TP9,LFD1101,192,1,_
TP9,LFD1102,192,1,_
TP9,LTN0331,370,1,_
TP9,MAN2201,701,1,_
TP9,MAT1101,156,0.909090909,_
TP9,MAT1101,197,0.090909091,_
TP9,MCH0111,503,1,_
TP9,MER0331,60,1,_
TP9,MGM0331,454,1,_
TP9,MHO0331,374,1,_
TP9,MKE1101,325,0.5,_
TP9,MKE1101,326,0.5,_
TP9,MLG0111,456,1,_
TP9,MLG0331,457,1,_
TP9,MNG0331,61,1,_
TP9,MNG1101,62,1,_
TP9,MNI0111,328,1,_
TP9,MST0331,460,1,_
TP9,MTM0331,212,1,_
TP9,MTN0331,377,1,_
TP9,MTO0331,28,1,_
TP9,MTR0331,380,1,_
TP9,NAP2201,214,1,_
TP9,NAP2202,215,1,_
TP9,NMA0331,711,1,_
TP9,NPK0331,382,1,_
TP9,NPL0331,331,1,_
TP9,NSY0331,632,1,_
TP9,OAM0331,634,1,_
TP9,OKN0111,384,1,_
TP9,ONG0331,137,1,_
TP9,OPK0331,335,1,_
TP9,ORO1101,507,1,_
TP9,ORO1102,508,1,_
TP9,OTA0221,66,1,_
TP9,OTI0111,595,1,_
TP9,OWH0111,239,1,_
TP9,PAK0331,75,1,_
TP9,PAO1101,139,1,_
TP9,PEN0221,79,1,_
TP9,PEN0251,80,1,_
TP9,PEN1101,56,0.190798081,_
TP9,PEN1101,58,0.645660707,_
TP9,PEN1101,88,0.163541212,_
TP9,PNI0331,462,1,_
TP9,PPI2201,241,0.5,_
TP9,PPI2201,242,0.5,_
TP9,RDF0331,295,1,_
TP9,RFN1101,506,1,_
TP9,RFN1102,505,1,_
TP9,ROS0221,89,1,_
TP9,ROS1101,90,1,_
TP9,ROT0111,245,1,_
TP9,ROT0331,246,1,_
TP9,ROT1101,247,1,_
TP9,SBK0331,533,1,_
TP9,SBK0661,534,1,_
TP9,SDN0331,725,1,_
TP9,SFD0331,342,1,_
TP9,SFD2201,345,1,_
TP9,STK0331,511,1,_
TP9,STK0661,512,1,_
TP9,STU0111,653,1,_
TP9,SVL0331,32,1,_
TP9,SWN0251,36,1,_
TP9,SWN2201,37,1,_
TP9,TAK0331,91,1,_
TP9,TGA0111,250,1,_
TP9,TGA0331,251,1,_
TP9,THI2201,255,1,_
TP9,TIM0111,556,1,_
TP9,TKA0331,561,1,_
TP9,TKH0111,256,1,_
TP9,TKR0331,470,1,_
TP9,TKU0331,395,1,_
TP9,TMI0331,258,1,_
TP9,TMK0331,563,1,_
TP9,TMN0551,397,0.5,_
TP9,TMN0551,398,0.5,_
TP9,TMU0111,140,1,_
TP9,TNG0111,400,1,_
TP9,TNG0551,401,0.5,_
TP9,TNG0551,402,0.5,_
TP9,TRK0111,260,1,_
TP9,TUI1101,305,1,_
TP9,TWC2201,406,1,_
TP9,TWH0331,143,0.253164557,_
TP9,TWH0331,148,0.746835443,_
TP9,TWI2201,728,1,_
TP9,TWZ0331,658,1,_
TP9,UHT0331,472,1,_
TP9,WAI0111,269,1,_
TP9,WDV0111,409,1,_
TP9,WDV1101,410,1,_
TP9,WEL0331,38,1,_
TP9,WHI2201,310,1,_
TP9,WIL0331,475,1,_
TP9,WIR0331,94,1,_
TP9,WKM2201,278,1,_
TP9,WPR0331,535,1,_
TP9,WPR0661,536,1,_
TP9,WPT0111,518,1,_
TP9,WPW0331,413,1,_
TP9,WRD0331,41,1,_
TP9,WRK0331,290,1,_
TP9,WTK0111,660,1,_
TP9,WTK0331,5173,1,_
TP9,WTU0331,311,1,_
TP9,WVY0111,352,1,_
TP9,WWD1102,481,1,_
TP9,WWD1103,480,1,_
TP9,ABY1101,542,1,_
TP9,ALB2201,7,1,_
TP9,APS0661,570,1,_
TP9,ARA2201,163,1,_
TP9,ARI1101,737,1,_
TP9,ARI1102,101,1,_
TP9,ASB2201,545,1,_
TP9,ASY0661,521,1,_
TP9,ATI2201,164,1,_
TP9,AVI2201,603,1,_
TP9,BAL1101,670,1,_
TP9,BDE1101,672,1,_
TP9,BEN2201,617,1,_
TP9,BEN2202,617,1,_
TP9,BEN3502,615,1,_
TP9,BEN3503,616,1,_
TP9,BHL2201,47,1,_
TP9,BHL2202,5013,1,_
TP9,BLN1101,490,1,_
TP9,BPC1101,598,1,_
TP9,BPE1101,363,1,_
TP9,BPE2201,364,1,_
TP9,BRB2201,9,1,_
TP9,BRK2201,316,1,_
TP9,BRK2202,316,1,_
TP9,BRY2201,553,1,_
TP9,CBG1101,107,1,_
TP9,CBG1102,106,1,_
TP9,CLH0661,573,1,_
TP9,CML1101,625,1,_
TP9,CML1102,624,1,_
TP9,CML2201,627,1,_
TP9,CML2202,626,1,_
TP9,CPK1101,419,1,_
TP9,CPK1102,420,1,_
TP9,CPK1103,421,1,_
TP9,CST1101,318,1,_
TP9,CUL2202,495,1,_
TP9,CUL2203,496,1,_
TP9,DOB0661,580,1,_
TP9,DOB1101,584,1,_
TP9,DOB1102,583,1,_
TP9,DRY2201,49,1,_
TP9,DRY2202,49,1,_
TP9,DVK1101,367,1,_
TP9,DVK1102,368,1,_
TP9,EDG1101,171,1,_
TP9,EDG1102,171,1,_
TP9,EDG2201,172,1,_
TP9,EDN1101,681,1,_
TP9,FHL1101,294,1,_
TP9,FKN1101,630,1,_
TP9,FKN1102,629,1,_
TP9,GFD1101,428,1,_
TP9,GFD1102,427,1,_
TP9,GLN2201,53,1,_
TP9,GNY1101,597,1,_
TP9,GOR1101,683,1,_
TP9,GOR1102,683,1,_
TP9,GYT1101,430,1,_
TP9,GYT1102,431,1,_
TP9,HAM1101,112,1,_
TP9,HAM2201,113,1,_
TP9,HAY1101,447,1,_
TP9,HAY2201,450,1,_
TP9,HAY3502,449,1,_
TP9,HAY3503,448,1,_
TP9,HEN1101,15,1,_
TP9,HEN2201,16,1,_
TP9,HEP1101,18,1,_
TP9,HIN1101,115,1,_
TP9,HLY2201,116,1,_
TP9,HOB2201,57,1,_
TP9,HPI2201,19,1,_
TP9,HPI2202,19,1,_
TP9,HTI1101,124,1,_
TP9,HUI1101,320,1,_
TP9,HWA1001,322,1,_
TP9,HWB2201,694,1,_
TP9,IGH1101,497,1,_
TP9,INV1101,698,1,_
TP9,INV2201,699,1,_
TP9,INV2202,699,1,_
TP9,ISL2201,530,1,_
TP9,KAI0661,532,1,_
TP9,KAW2201,182,1,_
TP9,KBT0661,567,1,_
TP9,KBT0662,566,1,_
TP9,KIK1101,501,1,_
TP9,KIK2201,502,1,_
TP9,KIN1101,129,1,_
TP9,KIN1102,129,1,_
TP9,KMO1101,190,1,_
TP9,KMO1102,190,1,_
TP9,KMO1103,190,1,_
TP9,KMO2201,191,1,_
TP9,KPO1101,133,1,_
TP9,KPU1101,739,1,_
TP9,KPU1102,5053,1,_
TP9,KWA1101,452,1,_
TP9,KWA1102,453,1,_
TP9,LIV2201,631,1,_
TP9,LTN2201,371,1,_
TP9,LTN2202,372,1,_
TP9,MCH1101,504,1,_
TP9,MDN1101,25,1,_
TP9,MDN2201,26,1,_
TP9,MGM1101,455,1,_
TP9,MHO1101,375,1,_
TP9,MHO1102,376,1,_
TP9,MHT1102,422,1,_
TP9,MHT1103,423,1,_
TP9,MKT1101,314,1,_
TP9,MLG1101,459,1,_
TP9,MLG1102,458,1,_
TP9,MNI1101,329,1,_
TP9,MST1101,461,1,_
TP9,MTI2201,211,1,_
TP9,MTM1101,213,1,_
TP9,MTN1101,379,1,_
TP9,MTN1102,378,1,_
TP9,MTO1101,29,1,_
TP9,MTO1102,30,1,_
TP9,MTR1101,381,1,_
TP9,MVE1101,102,1,_
TP9,MVE1102,103,1,_
TP9,NGA1101,31,1,_
TP9,NMA2201,712,1,_
TP9,NPK1101,383,1,_
TP9,NPL1101,333,1,_
TP9,NPL2201,334,1,_
TP9,NSY2201,633,1,_
TP9,OAM1101,635,1,_
TP9,OAM1102,752,1,_
TP9,OHA2201,640,1,_
TP9,OHB2201,645,1,_
TP9,OHC2201,650,1,_
TP9,OHK2201,223,1,_
TP9,OHW2201,136,1,_
TP9,OHW2202,136,1,_
TP9,OKE1101,224,1,_
TP9,OKI2201,227,0.5,_
TP9,OKI2201,229,0.5,_
TP9,OKN1101,385,1,_
TP9,ONG1101,138,1,_
TP9,OPI2201,540,1,_
TP9,OPI2202,539,1,_
TP9,OPK1101,743,1,_
TP9,OPK1102,336,1,_
TP9,OTA1103,70,1,_
TP9,OTA1104,734,1,_
TP9,OTA1105,70,1,_
TP9,OTA1106,734,1,_
TP9,OTA1107,70,1,_
TP9,OTA1108,734,1,_
TP9,OTA1109,70,1,_
TP9,OTA110A,734,1,_
TP9,OTA2201,72,1,_
TP9,OTA2202,73,1,_
TP9,OTA2203,71,1,_
TP9,OTI0661,596,1,_
TP9,OWH1101,240,1,_
TP9,PAK2201,76,1,_
TP9,PEN0222,79,1,_
TP9,PEN2201,87,1,_
TP9,PIE1101,173,1,_
TP9,PNI1101,463,1,_
TP9,PNI1102,464,1,_
TP9,PRM2201,468,1,_
TP9,PRM2202,469,1,_
TP9,PRT2201,425,1,_
TP9,PRT2202,424,1,_
TP9,RDF1101,296,1,_
TP9,RDF1102,296,1,_
TP9,RDF2201,297,1,_
TP9,RFC1101,483,1,_
TP9,ROT1102,247,1,_
TP9,ROX1101,723,1,_
TP9,ROX2201,724,1,_
TP9,RPO2201,388,1,_
TP9,RTO1101,104,1,_
TP9,RTR1101,365,1,_
TP9,SDN2201,726,1,_
TP9,SFD1101,344,1,_
TP9,STK1101,515,1,_
TP9,STK2201,516,1,_
TP9,STU1101,654,1,_
TP9,SVL2201,33,1,_
TP9,SVL2202,34,1,_
TP9,TAK2201,92,1,_
TP9,TAK2202,93,1,_
TP9,TGA1101,252,1,_
TP9,TIM1101,557,1,_
TP9,TIM2201,559,1,_
TP9,TIM2202,558,1,_
TP9,TKA0111,560,1,_
TP9,TKA1101,562,1,_
TP9,TKB2201,657,1,_
TP9,TKH0501,257,1,_
TP9,TKR1101,471,1,_
TP9,TKU2201,396,1,_
TP9,TMH2201,727,1,_
TP9,TMI1101,259,1,_
TP9,TMK1101,5163,1,_
TP9,TMK1102,565,1,_
TP9,TMN2201,399,1,_
TP9,TMU1101,141,1,_
TP9,TNG2201,403,1,_
TP9,TRK1101,267,1,_
TP9,TRK1102,267,1,_
TP9,TRK2201,268,1,_
TP9,TWH2201,149,1,_
TP9,TWT2201,369,1,_
TP9,TWZ2201,659,1,_
TP9,TWZ2202,659,1,_
TP9,UHT1101,473,1,_
TP9,WAI0501,270,1,_
TP9,WAI1101,271,1,_
TP9,WDV1102,410,1,_
TP9,WEL1101,40,1,_
TP9,WEL1102,39,1,_
TP9,WGN1101,412,1,_
TP9,WHU1101,151,1,_
TP9,WIL1101,477,1,_
TP9,WIL2201,478,1,_
TP9,WIR1101,95,1,_
TP9,WIR1102,736,1,_
TP9,WKM2202,282,1,_
TP9,WKO1101,153,1,_
TP9,WMG1101,746,1,_
TP9,WMG1102,517,1,_
TP9,WPA2201,284,1,_
TP9,WPR2202,538,1,_
TP9,WPR2203,537,1,_
TP9,WPT1101,747,1,_
TP9,WPT1102,519,1,_
TP9,WPW1101,414,1,_
TP9,WPW1102,415,1,_
TP9,WRD2201,44,1,_
TP9,WRK2201,292,1,_
TP9,WTK1101,666,1,_
TP9,WTK1102,667,1,_
TP9,WTK2201,668,1,_
TP9,WTU2201,741,1,_
TP9,WTU2202,312,1,_
TP9,WVY1101,353,1,_
TP10,ARA2201_ARA0,160,0.333333333,_
TP10,ARA2201_ARA0,161,0.333333333,_
TP10,ARA2201_ARA0,162,0.333333333,_
TP10,ARG1101_BRR0,486,1,_
TP10,ARI1101_ARI0,100,0.25,_
TP10,ARI1101_ARI0,97,0.25,_
TP10,ARI1101_ARI0,98,0.25,_
TP10,ARI1101_ARI0,99,0.25,_
TP10,ARI1102_ARI0,96,1,_
TP10,ASB0661_HBK0,554,1,_
TP10,ATI2201_ATI0,164,1,_
TP10,AVI2201_AVI0,599,0.25,_
TP10,AVI2201_AVI0,600,0.25,_
TP10,AVI2201_AVI0,601,0.25,_
TP10,AVI2201_AVI0,602,0.25,_
TP10,BEN2202_BEN0,606,0.166666667,_
TP10,BEN2202_BEN0,607,0.166666667,_
TP10,BEN2202_BEN0,608,0.166666667,_
TP10,BEN2202_BEN0,609,0.166666667,_
TP10,BEN2202_BEN0,610,0.166666667,_
TP10,BEN2202_BEN0,611,0.166666667,_
TP10,BOB1101,46,1,_
TP10,BPE0331_TWF0,408,1,_
TP10,BWK1101_WPI0,731,1,_
TP10,COL0661_COL0,574,0.447368421,_
TP10,COL0661_COL0,750,0.552631579,_
TP10,CPK0331,418,1,_
TP10,CYD2201_CYD0,674,0.25,_
TP10,CYD2201_CYD0,675,0.25,_
TP10,CYD2201_CYD0,676,0.25,_
TP10,CYD2201_CYD0,677,0.25,_
TP10,GLN0332_GLN0,50,1,_
TP10,HAM0331,109,1,_
TP10,HIN0331,114,1,_
TP10,HLY2201_HLY1,119,1,_
TP10,HLY2201_HLY2,118,1,_
TP10,HLY2201_HLY5,120,1,_
TP10,HLY2201_HLY6,117,1,_
TP10,HWA1101_PTA1,337,1,_
TP10,HWA1101_PTA2,337,1,_
TP10,HWA1101_PTA3,337,1,_
TP10,HWA1102_WAA0,348,0.416909621,_
TP10,HWA1102_WAA0,350,0.583090379,_
TP10,HWA1102_WAA1,348,0.416909621,_
TP10,HWA1102_WAA1,350,0.583090379,_
TP10,HWB0331_MAH0,700,1,_
TP10,HWB0331_WPI0,730,1,_
TP10,ISL0331,525,1,_
TP10,KAW0111,179,1,_
TP10,KAW0112_ONU0,235,0.29467381,_
TP10,KAW0112_ONU0,236,0.204853451,_
TP10,KAW0112_ONU0,237,0.126063662,_
TP10,KAW0112_ONU0,238,0.374409077,_
TP10,KAW0113,178,1,_
TP10,KAW1101_KAG0,174,1,_
TP10,KIN0112_KIN0,125,1,_
TP10,KIN0331,127,1,_
TP10,KPA1101_KPI1,323,1,_
TP10,KPO1101_KPO0,130,0.333333333,_
TP10,KPO1101_KPO0,131,0.333333333,_
TP10,KPO1101_KPO0,132,0.333333333,_
TP10,KPU0661,134,1,_
TP10,KUM0661_KUM0,593,1,_
TP10,LTN0331_TWF0,407,1,_
TP10,MAN2201_MAN0,702,0.142857143,_
TP10,MAN2201_MAN0,703,0.142857143,_
TP10,MAN2201_MAN0,704,0.142857143,_
TP10,MAN2201_MAN0,705,0.142857143,_
TP10,MAN2201_MAN0,706,0.142857143,_
TP10,MAN2201_MAN0,707,0.142857143,_
TP10,MAN2201_MAN0,708,0.142857143,_
TP10,MAT1101_ANI0,154,0.5,_
TP10,MAT1101_ANI0,155,0.5,_
TP10,MAT1101_MAT0,195,0.5,_
TP10,MAT1101_MAT0,196,0.5,_
TP10,MHO0331_MHO0,373,1,_
TP10,MKE1101_MKE1,325,0.5,_
TP10,MKE1101_MKE1,326,0.5,_
TP10,MPE1101,27,1,_
TP10,MTI2201_MTI0,201,0.1,_
TP10,MTI2201_MTI0,202,0.1,_
TP10,MTI2201_MTI0,203,0.1,_
TP10,MTI2201_MTI0,204,0.1,_
TP10,MTI2201_MTI0,205,0.1,_
TP10,MTI2201_MTI0,206,0.1,_
TP10,MTI2201_MTI0,207,0.1,_
TP10,MTI2201_MTI0,208,0.1,_
TP10,MTI2201_MTI0,209,0.1,_
TP10,MTI2201_MTI0,210,0.1,_
TP10,NAP2201_NAP0,214,1,_
TP10,NAP2202_NTM0,216,0.5,_
TP10,NAP2202_NTM0,217,0.5,_
TP10,NMA0331_WHL0,729,1,_
TP10,NSY0331_PAE0,651,1,_
TP10,OHA2201_OHA0,636,0.25,_
TP10,OHA2201_OHA0,637,0.25,_
TP10,OHA2201_OHA0,638,0.25,_
TP10,OHA2201_OHA0,639,0.25,_
TP10,OHB2201_OHB0,641,0.25,_
TP10,OHB2201_OHB0,642,0.25,_
TP10,OHB2201_OHB0,643,0.25,_
TP10,OHB2201_OHB0,644,0.25,_
TP10,OHC2201_OHC0,646,0.25,_
TP10,OHC2201_OHC0,647,0.25,_
TP10,OHC2201_OHC0,648,0.25,_
TP10,OHC2201_OHC0,649,0.25,_
TP10,OHK2201_OHK0,219,0.25,_
TP10,OHK2201_OHK0,220,0.25,_
TP10,OHK2201_OHK0,221,0.25,_
TP10,OHK2201_OHK0,222,0.25,_
TP10,OKI2201_OKI0,228,0.099099099,_
TP10,OKI2201_OKI0,230,0.450450451,_
TP10,OKI2201_OKI0,231,0.450450451,_
TP10,PEN0331,81,1,_
TP10,PPI2201_PPI0,241,1,_
TP10,PRM0331,465,1,_
TP10,ROT1101_WHE0,272,1,_
TP10,ROX1101_ROX0,714,0.333333333,_
TP10,ROX1101_ROX0,715,0.333333333,_
TP10,ROX1101_ROX0,716,0.333333333,_
TP10,ROX2201_ROX0,717,0.2,_
TP10,ROX2201_ROX0,718,0.2,_
TP10,ROX2201_ROX0,719,0.2,_
TP10,ROX2201_ROX0,720,0.2,_
TP10,ROX2201_ROX0,721,0.2,_
TP10,RPO2201_RPO0,386,0.5,_
TP10,RPO2201_RPO0,387,0.5,_
TP10,SFD2201_SFD21,340,1,_
TP10,SFD2201_SFD22,341,1,_
TP10,SFD2201_SPL0,346,1,_
TP10,STK0661_COB0,491,1,_
TP10,TGA0331_KMI0,183,1,_
TP10,THI2201_THI1,253,1,_
TP10,THI2201_THI2,254,1,_
TP10,TKA0111_TKA1,560,1,_
TP10,TKB2201_TKB1,655,0.5,_
TP10,TKB2201_TKB1,656,0.5,_
TP10,TKU2201_TKU0,391,0.25,_
TP10,TKU2201_TKU0,392,0.25,_
TP10,TKU2201_TKU0,393,0.25,_
TP10,TKU2201_TKU0,394,0.25,_
TP10,TUI1101_KTW0,298,0.5,_
TP10,TUI1101_KTW0,299,0.5,_
TP10,TUI1101_PRI0,300,0.5,_
TP10,TUI1101_PRI0,301,0.5,_
TP10,TUI1101_TUI0,302,0.333333333,_
TP10,TUI1101_TUI0,303,0.333333333,_
TP10,TUI1101_TUI0,304,0.333333333,_
TP10,TWC2201_NZW0,404,1,_
TP10,TWC2201_TWF0,405,1,_
TP10,TWH0331_TRC1,142,1,_
TP10,TWH0331_TUK0,147,1,_
TP10,WDV1101_TAP0,389,1,_
TP10,WGN0331,411,1,_
TP10,WHI0111,306,1,_
TP10,WHI2201_WHI0,307,0.333333333,_
TP10,WHI2201_WHI0,308,0.333333333,_
TP10,WHI2201_WHI0,309,0.333333333,_
TP10,WHU0331,150,1,_
TP10,WIL0331_MCK0,482,1,_
TP10,WKM2201_MOK0,198,0.524257784,_
TP10,WKM2201_MOK0,199,0.475742216,_
TP10,WKM2201_WKM0,274,0.25,_
TP10,WKM2201_WKM0,275,0.25,_
TP10,WKM2201_WKM0,276,0.25,_
TP10,WKM2201_WKM0,277,0.25,_
TP10,WKO0331,152,1,_
TP10,WPA2201_WPA0,283,1,_
TP10,WRK0331_RKA0,740,1,_
TP10,WRK0331_TAA0,248,1,_
TP10,WRK2201_WRK0,285,0.340664962,_
TP10,WRK2201_WRK0,286,0.170332481,_
TP10,WRK2201_WRK0,287,0.19028133,_
TP10,WRK2201_WRK0,288,0.211764706,_
TP10,WRK2201_WRK0,289,0.086956522,_
TP10,WTK0111_WTK0,660,1,_
TP10,WWD1102_WWD0,479,1,_
TP10,WWD1103_WWD0,744,1,_
TP10,KAW0112_DLS0,176,1,_
TP10,KAW0113_DLS1,178,1,_
TP10,ABY0111,541,1,_
TP10,ALB0331,4,1,_
TP10,ALB1101,41,1,_
TP10,APS0111,569,1,_
TP10,ARG1101,487,1,_
TP10,ASB0331,543,1,_
TP10,ASB0661,544,1,_
TP10,ASY0111,520,0.5,_
TP10,ASY0111,748,0.5,_
TP10,ATU1101,488,1,_
TP10,BAL0331,669,1,_
TP10,BDE0111,671,1,_
TP10,BLN0331,489,1,_
TP10,BOB0331,45,1,_
TP10,BPD1101,618,1,_
TP10,BPE0331,357,1,_
TP10,BPE0551,358,0.5,_
TP10,BPE0551,359,0.5,_
TP10,BPT1101,619,1,_
TP10,BRB0331,8,1,_
TP10,BRK0331,315,1,_
TP10,BRY0661,549,1,_
TP10,BWK1101,673,1,_
TP10,CBG0111,105,1,_
TP10,CLH0111,572,1,_
TP10,CML0331,620,1,_
TP10,COL0111,575,1,_
TP10,COL0661,576,1,_
TP10,CPK0111,416,0.5,_
TP10,CPK0111,417,0.5,_
TP10,CST0331,317,1,_
TP10,CUL0331,493,1,_
TP10,CUL0661,494,1,_
TP10,CYD0331,678,1,_
TP10,CYD2201,679,1,_
TP10,DOB0331,579,1,_
TP10,DVK0111,366,1,_
TP10,EDG0331,168,1,_
TP10,EDN0331,680,1,_
TP10,FHL0331,293,1,_
TP10,FKN0331,628,1,_
TP10,GFD0331,426,1,_
TP10,GLN0331,733,1,_
TP10,GLN0332,51,1,_
TP10,GOR0331,682,1,_
TP10,GYM0661,585,1,_
TP10,GYT0331,429,1,_
TP10,HAM0111,108,1,_
TP10,HAM0551,110,1,_
TP10,HAM0551,5039,0,_
TP10,HAY0111,434,1,_
TP10,HAY0331,443,1,_
TP10,HEN0331,12,1,_
TP10,HEP0331,17,1,_
TP10,HKK0661,587,1,_
TP10,HLY0331,121,1,_
TP10,HOB1101,56,1,_
TP10,HOR0331,589,1,_
TP10,HOR0661,590,1,_
TP10,HTI0331,123,1,_
TP10,HUI0331,319,1,_
TP10,HWA0331,321,1,_
TP10,HWA0332,742,1,_
TP10,HWA1101,322,1,_
TP10,HWA1102,322,1,_
TP10,HWB0331,688,1,_
TP10,HWB0332,753,1,_
TP10,HWB1101,693,1,_
TP10,INV0331,696,1,_
TP10,ISL0661,526,1,_
TP10,KAI0111,531,1,_
TP10,KAW0112,176,1,_
TP10,KAW1101,181,1,_
TP10,KBY0661,591,1,_
TP10,KBY0662,591,1,_
TP10,KIK0111,745,1,_
TP10,KIN0111,126,1,_
TP10,KIN0112,125,1,_
TP10,KIN0113,738,1,_
TP10,KMO0331,187,1,_
TP10,KOE1101,20,1,_
TP10,KPA1101,324,1,_
TP10,KUM0661,593,1,_
TP10,KWA0111,451,1,_
TP10,LFD1101,192,1,_
TP10,LFD1102,192,1,_
TP10,LTN0331,370,1,_
TP10,MAN2201,701,1,_
TP10,MAT1101,156,0.909090909,_
TP10,MAT1101,197,0.090909091,_
TP10,MCH0111,503,1,_
TP10,MER0331,60,1,_
TP10,MGM0331,454,1,_
TP10,MHO0331,374,1,_
TP10,MKE1101,325,0.5,_
TP10,MKE1101,326,0.5,_
TP10,MLG0111,456,1,_
TP10,MLG0331,457,1,_
TP10,MNG0331,61,1,_
TP10,MNG1101,62,1,_
TP10,MNI0111,328,1,_
TP10,MST0331,460,1,_
TP10,MTM0331,212,1,_
TP10,MTN0331,377,1,_
TP10,MTO0331,28,1,_
TP10,MTR0331,380,1,_
TP10,NAP2201,214,1,_
TP10,NAP2202,215,1,_
TP10,NMA0331,711,1,_
TP10,NPK0331,382,1,_
TP10,NPL0331,331,1,_
TP10,NSY0331,632,1,_
TP10,OAM0331,634,1,_
TP10,OKN0111,384,1,_
TP10,ONG0331,137,1,_
TP10,OPK0331,335,1,_
TP10,ORO1101,507,1,_
TP10,ORO1102,508,1,_
TP10,OTA0221,66,1,_
TP10,OTI0111,595,1,_
TP10,OWH0111,239,1,_
TP10,PAK0331,75,1,_
TP10,PAO1101,139,1,_
TP10,PEN0221,79,1,_
TP10,PEN0251,80,1,_
TP10,PEN1101,56,0.190798081,_
TP10,PEN1101,58,0.645660707,_
TP10,PEN1101,88,0.163541212,_
TP10,PNI0331,462,1,_
TP10,PPI2201,241,0.5,_
TP10,PPI2201,242,0.5,_
TP10,RDF0331,295,1,_
TP10,RFN1101,506,1,_
TP10,RFN1102,505,1,_
TP10,ROS0221,89,1,_
TP10,ROS1101,90,1,_
TP10,ROT0111,245,1,_
TP10,ROT0331,246,1,_
TP10,ROT1101,247,1,_
TP10,SBK0331,533,1,_
TP10,SBK0661,534,1,_
TP10,SDN0331,725,1,_
TP10,SFD0331,342,1,_
TP10,SFD2201,345,1,_
TP10,STK0331,511,1,_
TP10,STK0661,512,1,_
TP10,STU0111,653,1,_
TP10,SVL0331,32,1,_
TP10,SWN0251,36,1,_
TP10,SWN2201,37,1,_
TP10,TAK0331,91,1,_
TP10,TGA0111,250,1,_
TP10,TGA0331,251,1,_
TP10,THI2201,255,1,_
TP10,TIM0111,556,1,_
TP10,TKA0331,561,1,_
TP10,TKH0111,256,1,_
TP10,TKR0331,470,1,_
TP10,TKU0331,395,1,_
TP10,TMI0331,258,1,_
TP10,TMK0331,563,1,_
TP10,TMN0551,397,0.5,_
TP10,TMN0551,398,0.5,_
TP10,TMU0111,140,1,_
TP10,TNG0111,400,1,_
TP10,TNG0551,401,0.5,_
TP10,TNG0551,402,0.5,_
TP10,TRK0111,260,1,_
TP10,TUI1101,305,1,_
TP10,TWC2201,406,1,_
TP10,TWH0331,143,0.253164557,_
TP10,TWH0331,148,0.746835443,_
TP10,TWI2201,728,1,_
TP10,TWZ0331,658,1,_
TP10,UHT0331,472,1,_
TP10,WAI0111,269,1,_
TP10,WDV0111,409,1,_
TP10,WDV1101,410,1,_
TP10,WEL0331,38,1,_
TP10,WHI2201,310,1,_
TP10,WIL0331,475,1,_
TP10,WIR0331,94,1,_
TP10,WKM2201,278,1,_
TP10,WPR0331,535,1,_
TP10,WPR0661,536,1,_
TP10,WPT0111,518,1,_
TP10,WPW0331,413,1,_
TP10,WRD0331,41,1,_
TP10,WRK0331,290,1,_
TP10,WTK0111,660,1,_
TP10,WTK0331,5173,1,_
TP10,WTU0331,311,1,_
TP10,WVY0111,352,1,_
TP10,WWD1102,481,1,_
TP10,WWD1103,480,1,_
TP10,ABY1101,542,1,_
TP10,ALB2201,7,1,_
TP10,APS0661,570,1,_
TP10,ARA2201,163,1,_
TP10,ARI1101,737,1,_
TP10,ARI1102,101,1,_
TP10,ASB2201,545,1,_
TP10,ASY0661,521,1,_
TP10,ATI2201,164,1,_
TP10,AVI2201,603,1,_
TP10,BAL1101,670,1,_
TP10,BDE1101,672,1,_
TP10,BEN2201,617,1,_
TP10,BEN2202,617,1,_
TP10,BEN3502,615,1,_
TP10,BEN3503,616,1,_
TP10,BHL2201,47,1,_
TP10,BHL2202,5013,1,_
TP10,BLN1101,490,1,_
TP10,BPC1101,598,1,_
TP10,BPE1101,363,1,_
TP10,BPE2201,364,1,_
TP10,BRB2201,9,1,_
TP10,BRK2201,316,1,_
TP10,BRK2202,316,1,_
TP10,BRY2201,553,1,_
TP10,CBG1101,107,1,_
TP10,CBG1102,106,1,_
TP10,CLH0661,573,1,_
TP10,CML1101,625,1,_
TP10,CML1102,624,1,_
TP10,CML2201,627,1,_
TP10,CML2202,626,1,_
TP10,CPK1101,419,1,_
TP10,CPK1102,420,1,_
TP10,CPK1103,421,1,_
TP10,CST1101,318,1,_
TP10,CUL2202,495,1,_
TP10,CUL2203,496,1,_
TP10,DOB0661,580,1,_
TP10,DOB1101,584,1,_
TP10,DOB1102,583,1,_
TP10,DRY2201,49,1,_
TP10,DRY2202,49,1,_
TP10,DVK1101,367,1,_
TP10,DVK1102,368,1,_
TP10,EDG1101,171,1,_
TP10,EDG1102,171,1,_
TP10,EDG2201,172,1,_
TP10,EDN1101,681,1,_
TP10,FHL1101,294,1,_
TP10,FKN1101,630,1,_
TP10,FKN1102,629,1,_
TP10,GFD1101,428,1,_
TP10,GFD1102,427,1,_
TP10,GLN2201,53,1,_
TP10,GNY1101,597,1,_
TP10,GOR1101,683,1,_
TP10,GOR1102,683,1,_
TP10,GYT1101,430,1,_
TP10,GYT1102,431,1,_
TP10,HAM1101,112,1,_
TP10,HAM2201,113,1,_
TP10,HAY1101,447,1,_
TP10,HAY2201,450,1,_
TP10,HAY3502,449,1,_
TP10,HAY3503,448,1,_
TP10,HEN1101,15,1,_
TP10,HEN2201,16,1,_
TP10,HEP1101,18,1,_
TP10,HIN1101,115,1,_
TP10,HLY2201,116,1,_
TP10,HOB2201,57,1,_
TP10,HPI2201,19,1,_
TP10,HPI2202,19,1,_
TP10,HTI1101,124,1,_
TP10,HUI1101,320,1,_
TP10,HWA1001,322,1,_
TP10,HWB2201,694,1,_
TP10,IGH1101,497,1,_
TP10,INV1101,698,1,_
TP10,INV2201,699,1,_
TP10,INV2202,699,1,_
TP10,ISL2201,530,1,_
TP10,KAI0661,532,1,_
TP10,KAW2201,182,1,_
TP10,KBT0661,567,1,_
TP10,KBT0662,566,1,_
TP10,KIK1101,501,1,_
TP10,KIK2201,502,1,_
TP10,KIN1101,129,1,_
TP10,KIN1102,129,1,_
TP10,KMO1101,190,1,_
TP10,KMO1102,190,1,_
TP10,KMO1103,190,1,_
TP10,KMO2201,191,1,_
TP10,KPO1101,133,1,_
TP10,KPU1101,739,1,_
TP10,KPU1102,5053,1,_
TP10,KWA1101,452,1,_
TP10,KWA1102,453,1,_
TP10,LIV2201,631,1,_
TP10,LTN2201,371,1,_
TP10,LTN2202,372,1,_
TP10,MCH1101,504,1,_
TP10,MDN1101,25,1,_
TP10,MDN2201,26,1,_
TP10,MGM1101,455,1,_
TP10,MHO1101,375,1,_
TP10,MHO1102,376,1,_
TP10,MHT1102,422,1,_
TP10,MHT1103,423,1,_
TP10,MKT1101,314,1,_
TP10,MLG1101,459,1,_
TP10,MLG1102,458,1,_
TP10,MNI1101,329,1,_
TP10,MST1101,461,1,_
TP10,MTI2201,211,1,_
TP10,MTM1101,213,1,_
TP10,MTN1101,379,1,_
TP10,MTN1102,378,1,_
TP10,MTO1101,29,1,_
TP10,MTO1102,30,1,_
TP10,MTR1101,381,1,_
TP10,MVE1101,102,1,_
TP10,MVE1102,103,1,_
TP10,NGA1101,31,1,_
TP10,NMA2201,712,1,_
TP10,NPK1101,383,1,_
TP10,NPL1101,333,1,_
TP10,NPL2201,334,1,_
TP10,NSY2201,633,1,_
TP10,OAM1101,635,1,_
TP10,OAM1102,752,1,_
TP10,OHA2201,640,1,_
TP10,OHB2201,645,1,_
TP10,OHC2201,650,1,_
TP10,OHK2201,223,1,_
TP10,OHW2201,136,1,_
TP10,OHW2202,136,1,_
TP10,OKE1101,224,1,_
TP10,OKI2201,227,0.5,_
TP10,OKI2201,229,0.5,_
TP10,OKN1101,385,1,_
TP10,ONG1101,138,1,_
TP10,OPI2201,540,1,_
TP10,OPI2202,539,1,_
TP10,OPK1101,743,1,_
TP10,OPK1102,336,1,_
TP10,OTA1103,70,1,_
TP10,OTA1104,734,1,_
TP10,OTA1105,70,1,_
TP10,OTA1106,734,1,_
TP10,OTA1107,70,1,_
TP10,OTA1108,734,1,_
TP10,OTA1109,70,1,_
TP10,OTA110A,734,1,_
TP10,OTA2201,72,1,_
TP10,OTA2202,73,1,_
TP10,OTA2203,71,1,_
TP10,OTI0661,596,1,_
TP10,OWH1101,240,1,_
TP10,PAK2201,76,1,_
TP10,PEN0222,79,1,_
TP10,PEN2201,87,1,_
TP10,PIE1101,173,1,_
TP10,PNI1101,463,1,_
TP10,PNI1102,464,1,_
TP10,PRM2201,468,1,_
TP10,PRM2202,469,1,_
TP10,PRT2201,425,1,_
TP10,PRT2202,424,1,_
TP10,RDF1101,296,1,_
TP10,RDF1102,296,1,_
TP10,RDF2201,297,1,_
TP10,RFC1101,483,1,_
TP10,ROT1102,247,1,_
TP10,ROX1101,723,1,_
TP10,ROX2201,724,1,_
TP10,RPO2201,388,1,_
TP10,RTO1101,104,1,_
TP10,RTR1101,365,1,_
TP10,SDN2201,726,1,_
TP10,SFD1101,344,1,_
TP10,STK1101,515,1,_
TP10,STK2201,516,1,_
TP10,STU1101,654,1,_
TP10,SVL2201,33,1,_
TP10,SVL2202,34,1,_
TP10,TAK2201,92,1,_
TP10,TAK2202,93,1,_
TP10,TGA1101,252,1,_
TP10,TIM1101,557,1,_
TP10,TIM2201,559,1,_
TP10,TIM2202,558,1,_
TP10,TKA0111,560,1,_
TP10,TKA1101,562,1,_
TP10,TKB2201,657,1,_
TP10,TKH0501,257,1,_
TP10,TKR1101,471,1,_
TP10,TKU2201,396,1,_
TP10,TMH2201,727,1,_
TP10,TMI1101,259,1,_
TP10,TMK1101,5163,1,_
TP10,TMK1102,565,1,_
TP10,TMN2201,399,1,_
TP10,TMU1101,141,1,_
TP10,TNG2201,403,1,_
TP10,TRK1101,267,1,_
TP10,TRK1102,267,1,_
TP10,TRK2201,268,1,_
TP10,TWH2201,149,1,_
TP10,TWT2201,369,1,_
TP10,TWZ2201,659,1,_
TP10,TWZ2202,659,1,_
TP10,UHT1101,473,1,_
TP10,WAI0501,270,1,_
TP10,WAI1101,271,1,_
TP10,WDV1102,410,1,_
TP10,WEL1101,40,1,_
TP10,WEL1102,39,1,_
TP10,WGN1101,412,1,_
TP10,WHU1101,151,1,_
TP10,WIL1101,477,1,_
TP10,WIL2201,478,1,_
TP10,WIR1101,95,1,_
TP10,WIR1102,736,1,_
TP10,WKM2202,282,1,_
TP10,WKO1101,153,1,_
TP10,WMG1101,746,1,_
TP10,WMG1102,517,1,_
TP10,WPA2201,284,1,_
TP10,WPR2202,538,1,_
TP10,WPR2203,537,1,_
TP10,WPT1101,747,1,_
TP10,WPT1102,519,1,_
TP10,WPW1101,414,1,_
TP10,WPW1102,415,1,_
TP10,WRD2201,44,1,_
TP10,WRK2201,292,1,_
TP10,WTK1101,666,1,_
TP10,WTK1102,667,1,_
TP10,WTK2201,668,1,_
TP10,WTU2201,741,1,_
TP10,WTU2202,312,1,_
TP10,WVY1101,353,1,_
TP11,ARA2201_ARA0,160,0.333333333,_
TP11,ARA2201_ARA0,161,0.333333333,_
TP11,ARA2201_ARA0,162,0.333333333,_
TP11,ARG1101_BRR0,486,1,_
TP11,ARI1101_ARI0,100,0.25,_
TP11,ARI1101_ARI0,97,0.25,_
TP11,ARI1101_ARI0,98,0.25,_
TP11,ARI1101_ARI0,99,0.25,_
TP11,ARI1102_ARI0,96,1,_
TP11,ASB0661_HBK0,554,1,_
TP11,ATI2201_ATI0,164,1,_
TP11,AVI2201_AVI0,599,0.25,_
TP11,AVI2201_AVI0,600,0.25,_
TP11,AVI2201_AVI0,601,0.25,_
TP11,AVI2201_AVI0,602,0.25,_
TP11,BEN2202_BEN0,606,0.166666667,_
TP11,BEN2202_BEN0,607,0.166666667,_
TP11,BEN2202_BEN0,608,0.166666667,_
TP11,BEN2202_BEN0,609,0.166666667,_
TP11,BEN2202_BEN0,610,0.166666667,_
TP11,BEN2202_BEN0,611,0.166666667,_
TP11,BOB1101,46,1,_
TP11,BPE0331_TWF0,408,1,_
TP11,BWK1101_WPI0,731,1,_
TP11,COL0661_COL0,574,0.447368421,_
TP11,COL0661_COL0,750,0.552631579,_
TP11,CPK0331,418,1,_
TP11,CYD2201_CYD0,674,0.25,_
TP11,CYD2201_CYD0,675,0.25,_
TP11,CYD2201_CYD0,676,0.25,_
TP11,CYD2201_CYD0,677,0.25,_
TP11,GLN0332_GLN0,50,1,_
TP11,HAM0331,109,1,_
TP11,HIN0331,114,1,_
TP11,HLY2201_HLY1,119,1,_
TP11,HLY2201_HLY2,118,1,_
TP11,HLY2201_HLY5,120,1,_
TP11,HLY2201_HLY6,117,1,_
TP11,HWA1101_PTA1,337,1,_
TP11,HWA1101_PTA2,337,1,_
TP11,HWA1101_PTA3,337,1,_
TP11,HWA1102_WAA0,348,0.416909621,_
TP11,HWA1102_WAA0,350,0.583090379,_
TP11,HWA1102_WAA1,348,0.416909621,_
TP11,HWA1102_WAA1,350,0.583090379,_
TP11,HWB0331_MAH0,700,1,_
TP11,HWB0331_WPI0,730,1,_
TP11,ISL0331,525,1,_
TP11,KAW0111,179,1,_
TP11,KAW0112_ONU0,235,0.29467381,_
TP11,KAW0112_ONU0,236,0.204853451,_
TP11,KAW0112_ONU0,237,0.126063662,_
TP11,KAW0112_ONU0,238,0.374409077,_
TP11,KAW0113,178,1,_
TP11,KAW1101_KAG0,174,1,_
TP11,KIN0112_KIN0,125,1,_
TP11,KIN0331,127,1,_
TP11,KPA1101_KPI1,323,1,_
TP11,KPO1101_KPO0,130,0.333333333,_
TP11,KPO1101_KPO0,131,0.333333333,_
TP11,KPO1101_KPO0,132,0.333333333,_
TP11,KPU0661,134,1,_
TP11,KUM0661_KUM0,593,1,_
TP11,LTN0331_TWF0,407,1,_
TP11,MAN2201_MAN0,702,0.142857143,_
TP11,MAN2201_MAN0,703,0.142857143,_
TP11,MAN2201_MAN0,704,0.142857143,_
TP11,MAN2201_MAN0,705,0.142857143,_
TP11,MAN2201_MAN0,706,0.142857143,_
TP11,MAN2201_MAN0,707,0.142857143,_
TP11,MAN2201_MAN0,708,0.142857143,_
TP11,MAT1101_ANI0,154,0.5,_
TP11,MAT1101_ANI0,155,0.5,_
TP11,MAT1101_MAT0,195,0.5,_
TP11,MAT1101_MAT0,196,0.5,_
TP11,MHO0331_MHO0,373,1,_
TP11,MKE1101_MKE1,325,0.5,_
TP11,MKE1101_MKE1,326,0.5,_
TP11,MPE1101,27,1,_
TP11,MTI2201_MTI0,201,0.1,_
TP11,MTI2201_MTI0,202,0.1,_
TP11,MTI2201_MTI0,203,0.1,_
TP11,MTI2201_MTI0,204,0.1,_
TP11,MTI2201_MTI0,205,0.1,_
TP11,MTI2201_MTI0,206,0.1,_
TP11,MTI2201_MTI0,207,0.1,_
TP11,MTI2201_MTI0,208,0.1,_
TP11,MTI2201_MTI0,209,0.1,_
TP11,MTI2201_MTI0,210,0.1,_
TP11,NAP2201_NAP0,214,1,_
TP11,NAP2202_NTM0,216,0.5,_
TP11,NAP2202_NTM0,217,0.5,_
TP11,NMA0331_WHL0,729,1,_
TP11,NSY0331_PAE0,651,1,_
TP11,OHA2201_OHA0,636,0.25,_
TP11,OHA2201_OHA0,637,0.25,_
TP11,OHA2201_OHA0,638,0.25,_
TP11,OHA2201_OHA0,639,0.25,_
TP11,OHB2201_OHB0,641,0.25,_
TP11,OHB2201_OHB0,642,0.25,_
TP11,OHB2201_OHB0,643,0.25,_
TP11,OHB2201_OHB0,644,0.25,_
TP11,OHC2201_OHC0,646,0.25,_
TP11,OHC2201_OHC0,647,0.25,_
TP11,OHC2201_OHC0,648,0.25,_
TP11,OHC2201_OHC0,649,0.25,_
TP11,OHK2201_OHK0,219,0.25,_
TP11,OHK2201_OHK0,220,0.25,_
TP11,OHK2201_OHK0,221,0.25,_
TP11,OHK2201_OHK0,222,0.25,_
TP11,OKI2201_OKI0,228,0.099099099,_
TP11,OKI2201_OKI0,230,0.450450451,_
TP11,OKI2201_OKI0,231,0.450450451,_
TP11,PEN0331,81,1,_
TP11,PPI2201_PPI0,241,1,_
TP11,PRM0331,465,1,_
TP11,ROT1101_WHE0,272,1,_
TP11,ROX1101_ROX0,714,0.333333333,_
TP11,ROX1101_ROX0,715,0.333333333,_
TP11,ROX1101_ROX0,716,0.333333333,_
TP11,ROX2201_ROX0,717,0.2,_
TP11,ROX2201_ROX0,718,0.2,_
TP11,ROX2201_ROX0,719,0.2,_
TP11,ROX2201_ROX0,720,0.2,_
TP11,ROX2201_ROX0,721,0.2,_
TP11,RPO2201_RPO0,386,0.5,_
TP11,RPO2201_RPO0,387,0.5,_
TP11,SFD2201_SFD21,340,1,_
TP11,SFD2201_SFD22,341,1,_
TP11,SFD2201_SPL0,346,1,_
TP11,STK0661_COB0,491,1,_
TP11,TGA0331_KMI0,183,1,_
TP11,THI2201_THI1,253,1,_
TP11,THI2201_THI2,254,1,_
TP11,TKA0111_TKA1,560,1,_
TP11,TKB2201_TKB1,655,0.5,_
TP11,TKB2201_TKB1,656,0.5,_
TP11,TKU2201_TKU0,391,0.25,_
TP11,TKU2201_TKU0,392,0.25,_
TP11,TKU2201_TKU0,393,0.25,_
TP11,TKU2201_TKU0,394,0.25,_
TP11,TUI1101_KTW0,298,0.5,_
TP11,TUI1101_KTW0,299,0.5,_
TP11,TUI1101_PRI0,300,0.5,_
TP11,TUI1101_PRI0,301,0.5,_
TP11,TUI1101_TUI0,302,0.333333333,_
TP11,TUI1101_TUI0,303,0.333333333,_
TP11,TUI1101_TUI0,304,0.333333333,_
TP11,TWC2201_NZW0,404,1,_
TP11,TWC2201_TWF0,405,1,_
TP11,TWH0331_TRC1,142,1,_
TP11,TWH0331_TUK0,147,1,_
TP11,WDV1101_TAP0,389,1,_
TP11,WGN0331,411,1,_
TP11,WHI0111,306,1,_
TP11,WHI2201_WHI0,307,0.333333333,_
TP11,WHI2201_WHI0,308,0.333333333,_
TP11,WHI2201_WHI0,309,0.333333333,_
TP11,WHU0331,150,1,_
TP11,WIL0331_MCK0,482,1,_
TP11,WKM2201_MOK0,198,0.524257784,_
TP11,WKM2201_MOK0,199,0.475742216,_
TP11,WKM2201_WKM0,274,0.25,_
TP11,WKM2201_WKM0,275,0.25,_
TP11,WKM2201_WKM0,276,0.25,_
TP11,WKM2201_WKM0,277,0.25,_
TP11,WKO0331,152,1,_
TP11,WPA2201_WPA0,283,1,_
TP11,WRK0331_RKA0,740,1,_
TP11,WRK0331_TAA0,248,1,_
TP11,WRK2201_WRK0,285,0.340664962,_
TP11,WRK2201_WRK0,286,0.170332481,_
TP11,WRK2201_WRK0,287,0.19028133,_
TP11,WRK2201_WRK0,288,0.211764706,_
TP11,WRK2201_WRK0,289,0.086956522,_
TP11,WTK0111_WTK0,660,1,_
TP11,WWD1102_WWD0,479,1,_
TP11,WWD1103_WWD0,744,1,_
TP11,KAW0112_DLS0,176,1,_
TP11,KAW0113_DLS1,178,1,_
TP11,ABY0111,541,1,_
TP11,ALB0331,4,1,_
TP11,ALB1101,41,1,_
TP11,APS0111,569,1,_
TP11,ARG1101,487,1,_
TP11,ASB0331,543,1,_
TP11,ASB0661,544,1,_
TP11,ASY0111,520,0.5,_
TP11,ASY0111,748,0.5,_
TP11,ATU1101,488,1,_
TP11,BAL0331,669,1,_
TP11,BDE0111,671,1,_
TP11,BLN0331,489,1,_
TP11,BOB0331,45,1,_
TP11,BPD1101,618,1,_
TP11,BPE0331,357,1,_
TP11,BPE0551,358,0.5,_
TP11,BPE0551,359,0.5,_
TP11,BPT1101,619,1,_
TP11,BRB0331,8,1,_
TP11,BRK0331,315,1,_
TP11,BRY0661,549,1,_
TP11,BWK1101,673,1,_
TP11,CBG0111,105,1,_
TP11,CLH0111,572,1,_
TP11,CML0331,620,1,_
TP11,COL0111,575,1,_
TP11,COL0661,576,1,_
TP11,CPK0111,416,0.5,_
TP11,CPK0111,417,0.5,_
TP11,CST0331,317,1,_
TP11,CUL0331,493,1,_
TP11,CUL0661,494,1,_
TP11,CYD0331,678,1,_
TP11,CYD2201,679,1,_
TP11,DOB0331,579,1,_
TP11,DVK0111,366,1,_
TP11,EDG0331,168,1,_
TP11,EDN0331,680,1,_
TP11,FHL0331,293,1,_
TP11,FKN0331,628,1,_
TP11,GFD0331,426,1,_
TP11,GLN0331,733,1,_
TP11,GLN0332,51,1,_
TP11,GOR0331,682,1,_
TP11,GYM0661,585,1,_
TP11,GYT0331,429,1,_
TP11,HAM0111,108,1,_
TP11,HAM0551,110,1,_
TP11,HAM0551,5038,0,_
TP11,HAY0111,434,1,_
TP11,HAY0331,443,1,_
TP11,HEN0331,12,1,_
TP11,HEP0331,17,1,_
TP11,HKK0661,587,1,_
TP11,HLY0331,121,1,_
TP11,HOB1101,56,1,_
TP11,HOR0331,589,1,_
TP11,HOR0661,590,1,_
TP11,HTI0331,123,1,_
TP11,HUI0331,319,1,_
TP11,HWA0331,321,1,_
TP11,HWA0332,742,1,_
TP11,HWA1101,322,1,_
TP11,HWA1102,322,1,_
TP11,HWB0331,688,1,_
TP11,HWB0332,753,1,_
TP11,HWB1101,693,1,_
TP11,INV0331,696,1,_
TP11,ISL0661,526,1,_
TP11,KAI0111,531,1,_
TP11,KAW0112,176,1,_
TP11,KAW1101,181,1,_
TP11,KBY0661,591,1,_
TP11,KBY0662,591,1,_
TP11,KIK0111,745,1,_
TP11,KIN0111,126,1,_
TP11,KIN0112,125,1,_
TP11,KIN0113,738,1,_
TP11,KMO0331,187,1,_
TP11,KOE1101,20,1,_
TP11,KPA1101,324,1,_
TP11,KUM0661,593,1,_
TP11,KWA0111,451,1,_
TP11,LFD1101,192,1,_
TP11,LFD1102,192,1,_
TP11,LTN0331,370,1,_
TP11,MAN2201,701,1,_
TP11,MAT1101,156,0.909090909,_
TP11,MAT1101,197,0.090909091,_
TP11,MCH0111,503,1,_
TP11,MER0331,60,1,_
TP11,MGM0331,454,1,_
TP11,MHO0331,374,1,_
TP11,MKE1101,325,0.5,_
TP11,MKE1101,326,0.5,_
TP11,MLG0111,456,1,_
TP11,MLG0331,457,1,_
TP11,MNG0331,61,1,_
TP11,MNG1101,62,1,_
TP11,MNI0111,328,1,_
TP11,MST0331,460,1,_
TP11,MTM0331,212,1,_
TP11,MTN0331,377,1,_
TP11,MTO0331,28,1,_
TP11,MTR0331,380,1,_
TP11,NAP2201,214,1,_
TP11,NAP2202,215,1,_
TP11,NMA0331,711,1,_
TP11,NPK0331,382,1,_
TP11,NPL0331,331,1,_
TP11,NSY0331,632,1,_
TP11,OAM0331,634,1,_
TP11,OKN0111,384,1,_
TP11,ONG0331,137,1,_
TP11,OPK0331,335,1,_
TP11,ORO1101,507,1,_
TP11,ORO1102,508,1,_
TP11,OTA0221,66,1,_
TP11,OTI0111,595,1,_
TP11,OWH0111,239,1,_
TP11,PAK0331,75,1,_
TP11,PAO1101,139,1,_
TP11,PEN0221,79,1,_
TP11,PEN0251,80,1,_
TP11,PEN1101,56,0.190798081,_
TP11,PEN1101,58,0.645660707,_
TP11,PEN1101,88,0.163541212,_
TP11,PNI0331,462,1,_
TP11,PPI2201,241,0.5,_
TP11,PPI2201,242,0.5,_
TP11,RDF0331,295,1,_
TP11,RFN1101,506,1,_
TP11,RFN1102,505,1,_
TP11,ROS0221,89,1,_
TP11,ROS1101,90,1,_
TP11,ROT0111,245,1,_
TP11,ROT0331,246,1,_
TP11,ROT1101,247,1,_
TP11,SBK0331,533,1,_
TP11,SBK0661,534,1,_
TP11,SDN0331,725,1,_
TP11,SFD0331,342,1,_
TP11,SFD2201,345,1,_
TP11,STK0331,511,1,_
TP11,STK0661,512,1,_
TP11,STU0111,653,1,_
TP11,SVL0331,32,1,_
TP11,SWN0251,36,1,_
TP11,SWN2201,37,1,_
TP11,TAK0331,91,1,_
TP11,TGA0111,250,1,_
TP11,TGA0331,251,1,_
TP11,THI2201,255,1,_
TP11,TIM0111,556,1,_
TP11,TKA0331,561,1,_
TP11,TKH0111,256,1,_
TP11,TKR0331,470,1,_
TP11,TKU0331,395,1,_
TP11,TMI0331,258,1,_
TP11,TMK0331,563,1,_
TP11,TMN0551,397,0.5,_
TP11,TMN0551,398,0.5,_
TP11,TMU0111,140,1,_
TP11,TNG0111,400,1,_
TP11,TNG0551,401,0.5,_
TP11,TNG0551,402,0.5,_
TP11,TRK0111,260,1,_
TP11,TUI1101,305,1,_
TP11,TWC2201,406,1,_
TP11,TWH0331,143,0.253164557,_
TP11,TWH0331,148,0.746835443,_
TP11,TWI2201,728,1,_
TP11,TWZ0331,658,1,_
TP11,UHT0331,472,1,_
TP11,WAI0111,269,1,_
TP11,WDV0111,409,1,_
TP11,WDV1101,410,1,_
TP11,WEL0331,38,1,_
TP11,WHI2201,310,1,_
TP11,WIL0331,475,1,_
TP11,WIR0331,94,1,_
TP11,WKM2201,278,1,_
TP11,WPR0331,535,1,_
TP11,WPR0661,536,1,_
TP11,WPT0111,518,1,_
TP11,WPW0331,413,1,_
TP11,WRD0331,41,1,_
TP11,WRK0331,290,1,_
TP11,WTK0111,660,1,_
TP11,WTK0331,5172,1,_
TP11,WTU0331,311,1,_
TP11,WVY0111,352,1,_
TP11,WWD1102,481,1,_
TP11,WWD1103,480,1,_
TP11,ABY1101,542,1,_
TP11,ALB2201,7,1,_
TP11,APS0661,570,1,_
TP11,ARA2201,163,1,_
TP11,ARI1101,737,1,_
TP11,ARI1102,101,1,_
TP11,ASB2201,545,1,_
TP11,ASY0661,521,1,_
TP11,ATI2201,164,1,_
TP11,AVI2201,603,1,_
TP11,BAL1101,670,1,_
TP11,BDE1101,672,1,_
TP11,BEN2201,617,1,_
TP11,BEN2202,617,1,_
TP11,BEN3502,615,1,_
TP11,BEN3503,616,1,_
TP11,BHL2201,47,1,_
TP11,BHL2202,5013,1,_
TP11,BLN1101,490,1,_
TP11,BPC1101,598,1,_
TP11,BPE1101,363,1,_
TP11,BPE2201,364,1,_
TP11,BRB2201,9,1,_
TP11,BRK2201,316,1,_
TP11,BRK2202,316,1,_
TP11,BRY2201,553,1,_
TP11,CBG1101,107,1,_
TP11,CBG1102,106,1,_
TP11,CLH0661,573,1,_
TP11,CML1101,625,1,_
TP11,CML1102,624,1,_
TP11,CML2201,627,1,_
TP11,CML2202,626,1,_
TP11,CPK1101,419,1,_
TP11,CPK1102,420,1,_
TP11,CPK1103,421,1,_
TP11,CST1101,318,1,_
TP11,CUL2202,495,1,_
TP11,CUL2203,496,1,_
TP11,DOB0661,580,1,_
TP11,DOB1101,584,1,_
TP11,DOB1102,583,1,_
TP11,DRY2201,49,1,_
TP11,DRY2202,49,1,_
TP11,DVK1101,367,1,_
TP11,DVK1102,368,1,_
TP11,EDG1101,171,1,_
TP11,EDG1102,171,1,_
TP11,EDG2201,172,1,_
TP11,EDN1101,681,1,_
TP11,FHL1101,294,1,_
TP11,FKN1101,630,1,_
TP11,FKN1102,629,1,_
TP11,GFD1101,428,1,_
TP11,GFD1102,427,1,_
TP11,GLN2201,53,1,_
TP11,GNY1101,597,1,_
TP11,GOR1101,683,1,_
TP11,GOR1102,683,1,_
TP11,GYT1101,430,1,_
TP11,GYT1102,431,1,_
TP11,HAM1101,112,1,_
TP11,HAM2201,113,1,_
TP11,HAY1101,447,1,_
TP11,HAY2201,450,1,_
TP11,HAY3502,449,1,_
TP11,HAY3503,448,1,_
TP11,HEN1101,15,1,_
TP11,HEN2201,16,1,_
TP11,HEP1101,18,1,_
TP11,HIN1101,115,1,_
TP11,HLY2201,116,1,_
TP11,HOB2201,57,1,_
TP11,HPI2201,19,1,_
TP11,HPI2202,19,1,_
TP11,HTI1101,124,1,_
TP11,HUI1101,320,1,_
TP11,HWA1001,322,1,_
TP11,HWB2201,694,1,_
TP11,IGH1101,497,1,_
TP11,INV1101,698,1,_
TP11,INV2201,699,1,_
TP11,INV2202,699,1,_
TP11,ISL2201,530,1,_
TP11,KAI0661,532,1,_
TP11,KAW2201,182,1,_
TP11,KBT0661,567,1,_
TP11,KBT0662,566,1,_
TP11,KIK1101,501,1,_
TP11,KIK2201,502,1,_
TP11,KIN1101,129,1,_
TP11,KIN1102,129,1,_
TP11,KMO1101,190,1,_
TP11,KMO1102,190,1,_
TP11,KMO1103,190,1,_
TP11,KMO2201,191,1,_
TP11,KPO1101,133,1,_
TP11,KPU1101,739,1,_
TP11,KPU1102,5052,1,_
TP11,KWA1101,452,1,_
TP11,KWA1102,453,1,_
TP11,LIV2201,631,1,_
TP11,LTN2201,371,1,_
TP11,LTN2202,372,1,_
TP11,MCH1101,504,1,_
TP11,MDN1101,25,1,_
TP11,MDN2201,26,1,_
TP11,MGM1101,455,1,_
TP11,MHO1101,375,1,_
TP11,MHO1102,376,1,_
TP11,MHT1102,422,1,_
TP11,MHT1103,423,1,_
TP11,MKT1101,314,1,_
TP11,MLG1101,459,1,_
TP11,MLG1102,458,1,_
TP11,MNI1101,329,1,_
TP11,MST1101,461,1,_
TP11,MTI2201,211,1,_
TP11,MTM1101,213,1,_
TP11,MTN1101,379,1,_
TP11,MTN1102,378,1,_
TP11,MTO1101,29,1,_
TP11,MTO1102,30,1,_
TP11,MTR1101,381,1,_
TP11,MVE1101,102,1,_
TP11,MVE1102,103,1,_
TP11,NGA1101,31,1,_
TP11,NMA2201,712,1,_
TP11,NPK1101,383,1,_
TP11,NPL1101,333,1,_
TP11,NPL2201,334,1,_
TP11,NSY2201,633,1,_
TP11,OAM1101,635,1,_
TP11,OAM1102,752,1,_
TP11,OHA2201,640,1,_
TP11,OHB2201,645,1,_
TP11,OHC2201,650,1,_
TP11,OHK2201,223,1,_
TP11,OHW2201,136,1,_
TP11,OHW2202,136,1,_
TP11,OKE1101,224,1,_
TP11,OKI2201,227,0.5,_
TP11,OKI2201,229,0.5,_
TP11,OKN1101,385,1,_
TP11,ONG1101,138,1,_
TP11,OPI2201,540,1,_
TP11,OPI2202,539,1,_
TP11,OPK1101,743,1,_
TP11,OPK1102,336,1,_
TP11,OTA1103,70,1,_
TP11,OTA1104,734,1,_
TP11,OTA1105,70,1,_
TP11,OTA1106,734,1,_
TP11,OTA1107,70,1,_
TP11,OTA1108,734,1,_
TP11,OTA1109,70,1,_
TP11,OTA110A,734,1,_
TP11,OTA2201,72,1,_
TP11,OTA2202,73,1,_
TP11,OTA2203,71,1,_
TP11,OTI0661,596,1,_
TP11,OWH1101,240,1,_
TP11,PAK2201,76,1,_
TP11,PEN0222,79,1,_
TP11,PEN2201,87,1,_
TP11,PIE1101,173,1,_
TP11,PNI1101,463,1,_
TP11,PNI1102,464,1,_
TP11,PRM2201,468,1,_
TP11,PRM2202,469,1,_
TP11,PRT2201,425,1,_
TP11,PRT2202,424,1,_
TP11,RDF1101,296,1,_
TP11,RDF1102,296,1,_
TP11,RDF2201,297,1,_
TP11,RFC1101,483,1,_
TP11,ROT1102,247,1,_
TP11,ROX1101,723,1,_
TP11,ROX2201,724,1,_
TP11,RPO2201,388,1,_
TP11,RTO1101,104,1,_
TP11,RTR1101,365,1,_
TP11,SDN2201,726,1,_
TP11,SFD1101,344,1,_
TP11,STK1101,515,1,_
TP11,STK2201,516,1,_
TP11,STU1101,654,1,_
TP11,SVL2201,33,1,_
TP11,SVL2202,34,1,_
TP11,TAK2201,92,1,_
TP11,TAK2202,93,1,_
TP11,TGA1101,252,1,_
TP11,TIM1101,557,1,_
TP11,TIM2201,559,1,_
TP11,TIM2202,558,1,_
TP11,TKA0111,560,1,_
TP11,TKA1101,562,1,_
TP11,TKB2201,657,1,_
TP11,TKH0501,257,1,_
TP11,TKR1101,471,1,_
TP11,TKU2201,396,1,_
TP11,TMH2201,727,1,_
TP11,TMI1101,259,1,_
TP11,TMK1101,5162,1,_
TP11,TMK1102,565,1,_
TP11,TMN2201,399,1,_
TP11,TMU1101,141,1,_
TP11,TNG2201,403,1,_
TP11,TRK1101,267,1,_
TP11,TRK1102,267,1,_
TP11,TRK2201,268,1,_
TP11,TWH2201,149,1,_
TP11,TWT2201,369,1,_
TP11,TWZ2201,659,1,_
TP11,TWZ2202,659,1,_
TP11,UHT1101,473,1,_
TP11,WAI0501,270,1,_
TP11,WAI1101,271,1,_
TP11,WDV1102,410,1,_
TP11,WEL1101,40,1,_
TP11,WEL1102,39,1,_
TP11,WGN1101,412,1,_
TP11,WHU1101,151,1,_
TP11,WIL1101,477,1,_
TP11,WIL2201,478,1,_
TP11,WIR1101,95,1,_
TP11,WIR1102,736,1,_
TP11,WKM2202,282,1,_
TP11,WKO1101,153,1,_
TP11,WMG1101,746,1,_
TP11,WMG1102,517,1,_
TP11,WPA2201,284,1,_
TP11,WPR2202,538,1,_
TP11,WPR2203,537,1,_
TP11,WPT1101,747,1,_
TP11,WPT1102,519,1,_
TP11,WPW1101,414,1,_
TP11,WPW1102,415,1,_
TP11,WRD2201,44,1,_
TP11,WRK2201,292,1,_
TP11,WTK1101,666,1,_
TP11,WTK1102,667,1,_
TP11,WTK2201,668,1,_
TP11,WTU2201,741,1,_
TP11,WTU2202,312,1,_
TP11,WVY1101,353,1,_
TP12,ARA2201_ARA0,160,0.333333333,_
TP12,ARA2201_ARA0,161,0.333333333,_
TP12,ARA2201_ARA0,162,0.333333333,_
TP12,ARG1101_BRR0,486,1,_
TP12,ARI1101_ARI0,100,0.25,_
TP12,ARI1101_ARI0,97,0.25,_
TP12,ARI1101_ARI0,98,0.25,_
TP12,ARI1101_ARI0,99,0.25,_
TP12,ARI1102_ARI0,96,1,_
TP12,ASB0661_HBK0,554,1,_
TP12,ATI2201_ATI0,164,1,_
TP12,AVI2201_AVI0,599,0.25,_
TP12,AVI2201_AVI0,600,0.25,_
TP12,AVI2201_AVI0,601,0.25,_
TP12,AVI2201_AVI0,602,0.25,_
TP12,BEN2202_BEN0,606,0.166666667,_
TP12,BEN2202_BEN0,607,0.166666667,_
TP12,BEN2202_BEN0,608,0.166666667,_
TP12,BEN2202_BEN0,609,0.166666667,_
TP12,BEN2202_BEN0,610,0.166666667,_
TP12,BEN2202_BEN0,611,0.166666667,_
TP12,BOB1101,46,1,_
TP12,BPE0331_TWF0,408,1,_
TP12,BWK1101_WPI0,731,1,_
TP12,COL0661_COL0,574,0.447368421,_
TP12,COL0661_COL0,750,0.552631579,_
TP12,CPK0331,418,1,_
TP12,CYD2201_CYD0,674,0.25,_
TP12,CYD2201_CYD0,675,0.25,_
TP12,CYD2201_CYD0,676,0.25,_
TP12,CYD2201_CYD0,677,0.25,_
TP12,GLN0332_GLN0,50,1,_
TP12,HAM0331,109,1,_
TP12,HIN0331,114,1,_
TP12,HLY2201_HLY1,119,1,_
TP12,HLY2201_HLY2,118,1,_
TP12,HLY2201_HLY5,120,1,_
TP12,HLY2201_HLY6,117,1,_
TP12,HWA1101_PTA1,337,1,_
TP12,HWA1101_PTA2,337,1,_
TP12,HWA1101_PTA3,337,1,_
TP12,HWA1102_WAA0,348,0.416909621,_
TP12,HWA1102_WAA0,350,0.583090379,_
TP12,HWA1102_WAA1,348,0.416909621,_
TP12,HWA1102_WAA1,350,0.583090379,_
TP12,HWB0331_MAH0,700,1,_
TP12,HWB0331_WPI0,730,1,_
TP12,ISL0331,525,1,_
TP12,KAW0111,179,1,_
TP12,KAW0112_ONU0,235,0.29467381,_
TP12,KAW0112_ONU0,236,0.204853451,_
TP12,KAW0112_ONU0,237,0.126063662,_
TP12,KAW0112_ONU0,238,0.374409077,_
TP12,KAW0113,178,1,_
TP12,KAW1101_KAG0,174,1,_
TP12,KIN0112_KIN0,125,1,_
TP12,KIN0331,127,1,_
TP12,KPA1101_KPI1,323,1,_
TP12,KPO1101_KPO0,130,0.333333333,_
TP12,KPO1101_KPO0,131,0.333333333,_
TP12,KPO1101_KPO0,132,0.333333333,_
TP12,KPU0661,134,1,_
TP12,KUM0661_KUM0,593,1,_
TP12,LTN0331_TWF0,407,1,_
TP12,MAN2201_MAN0,702,0.142857143,_
TP12,MAN2201_MAN0,703,0.142857143,_
TP12,MAN2201_MAN0,704,0.142857143,_
TP12,MAN2201_MAN0,705,0.142857143,_
TP12,MAN2201_MAN0,706,0.142857143,_
TP12,MAN2201_MAN0,707,0.142857143,_
TP12,MAN2201_MAN0,708,0.142857143,_
TP12,MAT1101_ANI0,154,0.5,_
TP12,MAT1101_ANI0,155,0.5,_
TP12,MAT1101_MAT0,195,0.5,_
TP12,MAT1101_MAT0,196,0.5,_
TP12,MHO0331_MHO0,373,1,_
TP12,MKE1101_MKE1,325,0.5,_
TP12,MKE1101_MKE1,326,0.5,_
TP12,MPE1101,27,1,_
TP12,MTI2201_MTI0,201,0.1,_
TP12,MTI2201_MTI0,202,0.1,_
TP12,MTI2201_MTI0,203,0.1,_
TP12,MTI2201_MTI0,204,0.1,_
TP12,MTI2201_MTI0,205,0.1,_
TP12,MTI2201_MTI0,206,0.1,_
TP12,MTI2201_MTI0,207,0.1,_
TP12,MTI2201_MTI0,208,0.1,_
TP12,MTI2201_MTI0,209,0.1,_
TP12,MTI2201_MTI0,210,0.1,_
TP12,NAP2201_NAP0,214,1,_
TP12,NAP2202_NTM0,216,0.5,_
TP12,NAP2202_NTM0,217,0.5,_
TP12,NMA0331_WHL0,729,1,_
TP12,NSY0331_PAE0,651,1,_
TP12,OHA2201_OHA0,636,0.25,_
TP12,OHA2201_OHA0,637,0.25,_
TP12,OHA2201_OHA0,638,0.25,_
TP12,OHA2201_OHA0,639,0.25,_
TP12,OHB2201_OHB0,641,0.25,_
TP12,OHB2201_OHB0,642,0.25,_
TP12,OHB2201_OHB0,643,0.25,_
TP12,OHB2201_OHB0,644,0.25,_
TP12,OHC2201_OHC0,646,0.25,_
TP12,OHC2201_OHC0,647,0.25,_
TP12,OHC2201_OHC0,648,0.25,_
TP12,OHC2201_OHC0,649,0.25,_
TP12,OHK2201_OHK0,219,0.25,_
TP12,OHK2201_OHK0,220,0.25,_
TP12,OHK2201_OHK0,221,0.25,_
TP12,OHK2201_OHK0,222,0.25,_
TP12,OKI2201_OKI0,228,0.099099099,_
TP12,OKI2201_OKI0,230,0.450450451,_
TP12,OKI2201_OKI0,231,0.450450451,_
TP12,PEN0331,81,1,_
TP12,PPI2201_PPI0,241,1,_
TP12,PRM0331,465,1,_
TP12,ROT1101_WHE0,272,1,_
TP12,ROX1101_ROX0,714,0.333333333,_
TP12,ROX1101_ROX0,715,0.333333333,_
TP12,ROX1101_ROX0,716,0.333333333,_
TP12,ROX2201_ROX0,717,0.2,_
TP12,ROX2201_ROX0,718,0.2,_
TP12,ROX2201_ROX0,719,0.2,_
TP12,ROX2201_ROX0,720,0.2,_
TP12,ROX2201_ROX0,721,0.2,_
TP12,RPO2201_RPO0,386,0.5,_
TP12,RPO2201_RPO0,387,0.5,_
TP12,SFD2201_SFD21,340,1,_
TP12,SFD2201_SFD22,341,1,_
TP12,SFD2201_SPL0,346,1,_
TP12,STK0661_COB0,491,1,_
TP12,TGA0331_KMI0,183,1,_
TP12,THI2201_THI1,253,1,_
TP12,THI2201_THI2,254,1,_
TP12,TKA0111_TKA1,560,1,_
TP12,TKB2201_TKB1,655,0.5,_
TP12,TKB2201_TKB1,656,0.5,_
TP12,TKU2201_TKU0,391,0.25,_
TP12,TKU2201_TKU0,392,0.25,_
TP12,TKU2201_TKU0,393,0.25,_
TP12,TKU2201_TKU0,394,0.25,_
TP12,TUI1101_KTW0,298,0.5,_
TP12,TUI1101_KTW0,299,0.5,_
TP12,TUI1101_PRI0,300,0.5,_
TP12,TUI1101_PRI0,301,0.5,_
TP12,TUI1101_TUI0,302,0.333333333,_
TP12,TUI1101_TUI0,303,0.333333333,_
TP12,TUI1101_TUI0,304,0.333333333,_
TP12,TWC2201_NZW0,404,1,_
TP12,TWC2201_TWF0,405,1,_
TP12,TWH0331_TRC1,142,1,_
TP12,TWH0331_TUK0,147,1,_
TP12,WDV1101_TAP0,389,1,_
TP12,WGN0331,411,1,_
TP12,WHI0111,306,1,_
TP12,WHI2201_WHI0,307,0.333333333,_
TP12,WHI2201_WHI0,308,0.333333333,_
TP12,WHI2201_WHI0,309,0.333333333,_
TP12,WHU0331,150,1,_
TP12,WIL0331_MCK0,482,1,_
TP12,WKM2201_MOK0,198,0.524257784,_
TP12,WKM2201_MOK0,199,0.475742216,_
TP12,WKM2201_WKM0,274,0.25,_
TP12,WKM2201_WKM0,275,0.25,_
TP12,WKM2201_WKM0,276,0.25,_
TP12,WKM2201_WKM0,277,0.25,_
TP12,WKO0331,152,1,_
TP12,WPA2201_WPA0,283,1,_
TP12,WRK0331_RKA0,740,1,_
TP12,WRK0331_TAA0,248,1,_
TP12,WRK2201_WRK0,285,0.340664962,_
TP12,WRK2201_WRK0,286,0.170332481,_
TP12,WRK2201_WRK0,287,0.19028133,_
TP12,WRK2201_WRK0,288,0.211764706,_
TP12,WRK2201_WRK0,289,0.086956522,_
TP12,WTK0111_WTK0,660,1,_
TP12,WWD1102_WWD0,479,1,_
TP12,WWD1103_WWD0,744,1,_
TP12,KAW0112_DLS0,176,1,_
TP12,KAW0113_DLS1,178,1,_
TP12,ABY0111,541,1,_
TP12,ALB0331,4,1,_
TP12,ALB1101,41,1,_
TP12,APS0111,569,1,_
TP12,ARG1101,487,1,_
TP12,ASB0331,543,1,_
TP12,ASB0661,544,1,_
TP12,ASY0111,520,0.5,_
TP12,ASY0111,748,0.5,_
TP12,ATU1101,488,1,_
TP12,BAL0331,669,1,_
TP12,BDE0111,671,1,_
TP12,BLN0331,489,1,_
TP12,BOB0331,45,1,_
TP12,BPD1101,618,1,_
TP12,BPE0331,357,1,_
TP12,BPE0551,358,0.5,_
TP12,BPE0551,359,0.5,_
TP12,BPT1101,619,1,_
TP12,BRB0331,8,1,_
TP12,BRK0331,315,1,_
TP12,BRY0661,549,1,_
TP12,BWK1101,673,1,_
TP12,CBG0111,105,1,_
TP12,CLH0111,572,1,_
TP12,CML0331,620,1,_
TP12,COL0111,575,1,_
TP12,COL0661,576,1,_
TP12,CPK0111,416,0.5,_
TP12,CPK0111,417,0.5,_
TP12,CST0331,317,1,_
TP12,CUL0331,493,1,_
TP12,CUL0661,494,1,_
TP12,CYD0331,678,1,_
TP12,CYD2201,679,1,_
TP12,DOB0331,579,1,_
TP12,DVK0111,366,1,_
TP12,EDG0331,168,1,_
TP12,EDN0331,680,1,_
TP12,FHL0331,293,1,_
TP12,FKN0331,628,1,_
TP12,GFD0331,426,1,_
TP12,GLN0331,733,1,_
TP12,GLN0332,51,1,_
TP12,GOR0331,682,1,_
TP12,GYM0661,585,1,_
TP12,GYT0331,429,1,_
TP12,HAM0111,108,1,_
TP12,HAM0551,110,1,_
TP12,HAM0551,5038,0,_
TP12,HAY0111,434,1,_
TP12,HAY0331,443,1,_
TP12,HEN0331,12,1,_
TP12,HEP0331,17,1,_
TP12,HKK0661,587,1,_
TP12,HLY0331,121,1,_
TP12,HOB1101,56,1,_
TP12,HOR0331,589,1,_
TP12,HOR0661,590,1,_
TP12,HTI0331,123,1,_
TP12,HUI0331,319,1,_
TP12,HWA0331,321,1,_
TP12,HWA0332,742,1,_
TP12,HWA1101,322,1,_
TP12,HWA1102,322,1,_
TP12,HWB0331,688,1,_
TP12,HWB0332,753,1,_
TP12,HWB1101,693,1,_
TP12,INV0331,696,1,_
TP12,ISL0661,526,1,_
TP12,KAI0111,531,1,_
TP12,KAW0112,176,1,_
TP12,KAW1101,181,1,_
TP12,KBY0661,591,1,_
TP12,KBY0662,591,1,_
TP12,KIK0111,745,1,_
TP12,KIN0111,126,1,_
TP12,KIN0112,125,1,_
TP12,KIN0113,738,1,_
TP12,KMO0331,187,1,_
TP12,KOE1101,20,1,_
TP12,KPA1101,324,1,_
TP12,KUM0661,593,1,_
TP12,KWA0111,451,1,_
TP12,LFD1101,192,1,_
TP12,LFD1102,192,1,_
TP12,LTN0331,370,1,_
TP12,MAN2201,701,1,_
TP12,MAT1101,156,0.909090909,_
TP12,MAT1101,197,0.090909091,_
TP12,MCH0111,503,1,_
TP12,MER0331,60,1,_
TP12,MGM0331,454,1,_
TP12,MHO0331,374,1,_
TP12,MKE1101,325,0.5,_
TP12,MKE1101,326,0.5,_
TP12,MLG0111,456,1,_
TP12,MLG0331,457,1,_
TP12,MNG0331,61,1,_
TP12,MNG1101,62,1,_
TP12,MNI0111,328,1,_
TP12,MST0331,460,1,_
TP12,MTM0331,212,1,_
TP12,MTN0331,377,1,_
TP12,MTO0331,28,1,_
TP12,MTR0331,380,1,_
TP12,NAP2201,214,1,_
TP12,NAP2202,215,1,_
TP12,NMA0331,711,1,_
TP12,NPK0331,382,1,_
TP12,NPL0331,331,1,_
TP12,NSY0331,632,1,_
TP12,OAM0331,634,1,_
TP12,OKN0111,384,1,_
TP12,ONG0331,137,1,_
TP12,OPK0331,335,1,_
TP12,ORO1101,507,1,_
TP12,ORO1102,508,1,_
TP12,OTA0221,66,1,_
TP12,OTI0111,595,1,_
TP12,OWH0111,239,1,_
TP12,PAK0331,75,1,_
TP12,PAO1101,139,1,_
TP12,PEN0221,79,1,_
TP12,PEN0251,80,1,_
TP12,PEN1101,56,0.190798081,_
TP12,PEN1101,58,0.645660707,_
TP12,PEN1101,88,0.163541212,_
TP12,PNI0331,462,1,_
TP12,PPI2201,241,0.5,_
TP12,PPI2201,242,0.5,_
TP12,RDF0331,295,1,_
TP12,RFN1101,506,1,_
TP12,RFN1102,505,1,_
TP12,ROS0221,89,1,_
TP12,ROS1101,90,1,_
TP12,ROT0111,245,1,_
TP12,ROT0331,246,1,_
TP12,ROT1101,247,1,_
TP12,SBK0331,533,1,_
TP12,SBK0661,534,1,_
TP12,SDN0331,725,1,_
TP12,SFD0331,342,1,_
TP12,SFD2201,345,1,_
TP12,STK0331,511,1,_
TP12,STK0661,512,1,_
TP12,STU0111,653,1,_
TP12,SVL0331,32,1,_
TP12,SWN0251,36,1,_
TP12,SWN2201,37,1,_
TP12,TAK0331,91,1,_
TP12,TGA0111,250,1,_
TP12,TGA0331,251,1,_
TP12,THI2201,255,1,_
TP12,TIM0111,556,1,_
TP12,TKA0331,561,1,_
TP12,TKH0111,256,1,_
TP12,TKR0331,470,1,_
TP12,TKU0331,395,1,_
TP12,TMI0331,258,1,_
TP12,TMK0331,563,1,_
TP12,TMN0551,397,0.5,_
TP12,TMN0551,398,0.5,_
TP12,TMU0111,140,1,_
TP12,TNG0111,400,1,_
TP12,TNG0551,401,0.5,_
TP12,TNG0551,402,0.5,_
TP12,TRK0111,260,1,_
TP12,TUI1101,305,1,_
TP12,TWC2201,406,1,_
TP12,TWH0331,143,0.253164557,_
TP12,TWH0331,148,0.746835443,_
TP12,TWI2201,728,1,_
TP12,TWZ0331,658,1,_
TP12,UHT0331,472,1,_
TP12,WAI0111,269,1,_
TP12,WDV0111,409,1,_
TP12,WDV1101,410,1,_
TP12,WEL0331,38,1,_
TP12,WHI2201,310,1,_
TP12,WIL0331,475,1,_
TP12,WIR0331,94,1,_
TP12,WKM2201,278,1,_
TP12,WPR0331,535,1,_
TP12,WPR0661,536,1,_
TP12,WPT0111,518,1,_
TP12,WPW0331,413,1,_
TP12,WRD0331,41,1,_
TP12,WRK0331,290,1,_
TP12,WTK0111,660,1,_
TP12,WTK0331,5171,1,_
TP12,WTU0331,311,1,_
TP12,WVY0111,352,1,_
TP12,WWD1102,481,1,_
TP12,WWD1103,480,1,_
TP12,ABY1101,542,1,_
TP12,ALB2201,7,1,_
TP12,APS0661,570,1,_
TP12,ARA2201,163,1,_
TP12,ARI1101,737,1,_
TP12,ARI1102,101,1,_
TP12,ASB2201,545,1,_
TP12,ASY0661,521,1,_
TP12,ATI2201,164,1,_
TP12,AVI2201,603,1,_
TP12,BAL1101,670,1,_
TP12,BDE1101,672,1,_
TP12,BEN2201,617,1,_
TP12,BEN2202,617,1,_
TP12,BEN3502,615,1,_
TP12,BEN3503,616,1,_
TP12,BHL2201,47,1,_
TP12,BHL2202,5013,1,_
TP12,BLN1101,490,1,_
TP12,BPC1101,598,1,_
TP12,BPE1101,363,1,_
TP12,BPE2201,364,1,_
TP12,BRB2201,9,1,_
TP12,BRK2201,316,1,_
TP12,BRK2202,316,1,_
TP12,BRY2201,553,1,_
TP12,CBG1101,107,1,_
TP12,CBG1102,106,1,_
TP12,CLH0661,573,1,_
TP12,CML1101,625,1,_
TP12,CML1102,624,1,_
TP12,CML2201,627,1,_
TP12,CML2202,626,1,_
TP12,CPK1101,419,1,_
TP12,CPK1102,420,1,_
TP12,CPK1103,421,1,_
TP12,CST1101,318,1,_
TP12,CUL2202,495,1,_
TP12,CUL2203,496,1,_
TP12,DOB0661,580,1,_
TP12,DOB1101,584,1,_
TP12,DOB1102,583,1,_
TP12,DRY2201,49,1,_
TP12,DRY2202,49,1,_
TP12,DVK1101,367,1,_
TP12,DVK1102,368,1,_
TP12,EDG1101,171,1,_
TP12,EDG1102,171,1,_
TP12,EDG2201,172,1,_
TP12,EDN1101,681,1,_
TP12,FHL1101,294,1,_
TP12,FKN1101,630,1,_
TP12,FKN1102,629,1,_
TP12,GFD1101,428,1,_
TP12,GFD1102,427,1,_
TP12,GLN2201,53,1,_
TP12,GNY1101,597,1,_
TP12,GOR1101,683,1,_
TP12,GOR1102,683,1,_
TP12,GYT1101,430,1,_
TP12,GYT1102,431,1,_
TP12,HAM1101,112,1,_
TP12,HAM2201,113,1,_
TP12,HAY1101,447,1,_
TP12,HAY2201,450,1,_
TP12,HAY3502,449,1,_
TP12,HAY3503,448,1,_
TP12,HEN1101,15,1,_
TP12,HEN2201,16,1,_
TP12,HEP1101,18,1,_
TP12,HIN1101,115,1,_
TP12,HLY2201,116,1,_
TP12,HOB2201,57,1,_
TP12,HPI2201,19,1,_
TP12,HPI2202,19,1,_
TP12,HTI1101,124,1,_
TP12,HUI1101,320,1,_
TP12,HWA1001,322,1,_
TP12,HWB2201,694,1,_
TP12,IGH1101,497,1,_
TP12,INV1101,698,1,_
TP12,INV2201,699,1,_
TP12,INV2202,699,1,_
TP12,ISL2201,530,1,_
TP12,KAI0661,532,1,_
TP12,KAW2201,182,1,_
TP12,KBT0661,567,1,_
TP12,KBT0662,566,1,_
TP12,KIK1101,501,1,_
TP12,KIK2201,502,1,_
TP12,KIN1101,129,1,_
TP12,KIN1102,129,1,_
TP12,KMO1101,190,1,_
TP12,KMO1102,190,1,_
TP12,KMO1103,190,1,_
TP12,KMO2201,191,1,_
TP12,KPO1101,133,1,_
TP12,KPU1101,739,1,_
TP12,KPU1102,5052,1,_
TP12,KWA1101,452,1,_
TP12,KWA1102,453,1,_
TP12,LIV2201,631,1,_
TP12,LTN2201,371,1,_
TP12,LTN2202,372,1,_
TP12,MCH1101,504,1,_
TP12,MDN1101,25,1,_
TP12,MDN2201,26,1,_
TP12,MGM1101,455,1,_
TP12,MHO1101,375,1,_
TP12,MHO1102,376,1,_
TP12,MHT1102,422,1,_
TP12,MHT1103,423,1,_
TP12,MKT1101,314,1,_
TP12,MLG1101,459,1,_
TP12,MLG1102,458,1,_
TP12,MNI1101,329,1,_
TP12,MST1101,461,1,_
TP12,MTI2201,211,1,_
TP12,MTM1101,213,1,_
TP12,MTN1101,379,1,_
TP12,MTN1102,378,1,_
TP12,MTO1101,29,1,_
TP12,MTO1102,30,1,_
TP12,MTR1101,381,1,_
TP12,MVE1101,102,1,_
TP12,MVE1102,103,1,_
TP12,NGA1101,31,1,_
TP12,NMA2201,712,1,_
TP12,NPK1101,383,1,_
TP12,NPL1101,333,1,_
TP12,NPL2201,334,1,_
TP12,NSY2201,633,1,_
TP12,OAM1101,635,1,_
TP12,OAM1102,752,1,_
TP12,OHA2201,640,1,_
TP12,OHB2201,645,1,_
TP12,OHC2201,650,1,_
TP12,OHK2201,223,1,_
TP12,OHW2201,136,1,_
TP12,OHW2202,136,1,_
TP12,OKE1101,224,1,_
TP12,OKI2201,227,0.5,_
TP12,OKI2201,229,0.5,_
TP12,OKN1101,385,1,_
TP12,ONG1101,138,1,_
TP12,OPI2201,540,1,_
TP12,OPI2202,539,1,_
TP12,OPK1101,743,1,_
TP12,OPK1102,336,1,_
TP12,OTA1103,70,1,_
TP12,OTA1104,734,1,_
TP12,OTA1105,70,1,_
TP12,OTA1106,734,1,_
TP12,OTA1107,70,1,_
TP12,OTA1108,734,1,_
TP12,OTA1109,70,1,_
TP12,OTA110A,734,1,_
TP12,OTA2201,72,1,_
TP12,OTA2202,73,1,_
TP12,OTA2203,71,1,_
TP12,OTI0661,596,1,_
TP12,OWH1101,240,1,_
TP12,PAK2201,76,1,_
TP12,PEN0222,79,1,_
TP12,PEN2201,87,1,_
TP12,PIE1101,173,1,_
TP12,PNI1101,463,1,_
TP12,PNI1102,464,1,_
TP12,PRM2201,468,1,_
TP12,PRM2202,469,1,_
TP12,PRT2201,425,1,_
TP12,PRT2202,424,1,_
TP12,RDF1101,296,1,_
TP12,RDF1102,296,1,_
TP12,RDF2201,297,1,_
TP12,RFC1101,483,1,_
TP12,ROT1102,247,1,_
TP12,ROX1101,723,1,_
TP12,ROX2201,724,1,_
TP12,RPO2201,388,1,_
TP12,RTO1101,104,1,_
TP12,RTR1101,365,1,_
TP12,SDN2201,726,1,_
TP12,SFD1101,344,1,_
TP12,STK1101,515,1,_
TP12,STK2201,516,1,_
TP12,STU1101,654,1,_
TP12,SVL2201,33,1,_
TP12,SVL2202,34,1,_
TP12,TAK2201,92,1,_
TP12,TAK2202,93,1,_
TP12,TGA1101,252,1,_
TP12,TIM1101,557,1,_
TP12,TIM2201,559,1,_
TP12,TIM2202,558,1,_
TP12,TKA0111,560,1,_
TP12,TKA1101,562,1,_
TP12,TKB2201,657,1,_
TP12,TKH0501,257,1,_
TP12,TKR1101,471,1,_
TP12,TKU2201,396,1,_
TP12,TMH2201,727,1,_
TP12,TMI1101,259,1,_
TP12,TMK1101,5162,1,_
TP12,TMK1102,565,1,_
TP12,TMN2201,399,1,_
TP12,TMU1101,141,1,_
TP12,TNG2201,403,1,_
TP12,TRK1101,267,1,_
TP12,TRK1102,267,1,_
TP12,TRK2201,268,1,_
TP12,TWH2201,149,1,_
TP12,TWT2201,369,1,_
TP12,TWZ2201,659,1,_
TP12,TWZ2202,659,1,_
TP12,UHT1101,473,1,_
TP12,WAI0501,270,1,_
TP12,WAI1101,271,1,_
TP12,WDV1102,410,1,_
TP12,WEL1101,40,1,_
TP12,WEL1102,39,1,_
TP12,WGN1101,412,1,_
TP12,WHU1101,151,1,_
TP12,WIL1101,477,1,_
TP12,WIL2201,478,1,_
TP12,WIR1101,95,1,_
TP12,WIR1102,736,1,_
TP12,WKM2202,282,1,_
TP12,WKO1101,153,1,_
TP12,WMG1101,746,1,_
TP12,WMG1102,517,1,_
TP12,WPA2201,284,1,_
TP12,WPR2202,538,1,_
TP12,WPR2203,537,1,_
TP12,WPT1101,747,1,_
TP12,WPT1102,519,1,_
TP12,WPW1101,414,1,_
TP12,WPW1102,415,1,_
TP12,WRD2201,44,1,_
TP12,WRK2201,292,1,_
TP12,WTK1101,666,1,_
TP12,WTK1102,667,1,_
TP12,WTK2201,668,1,_
TP12,WTU2201,741,1,_
TP12,WTU2202,312,1,_
TP12,WVY1101,353,1,_
TP13,ARA2201_ARA0,160,0.333333333,_
TP13,ARA2201_ARA0,161,0.333333333,_
TP13,ARA2201_ARA0,162,0.333333333,_
TP13,ARG1101_BRR0,486,1,_
TP13,ARI1101_ARI0,100,0.25,_
TP13,ARI1101_ARI0,97,0.25,_
TP13,ARI1101_ARI0,98,0.25,_
TP13,ARI1101_ARI0,99,0.25,_
TP13,ARI1102_ARI0,96,1,_
TP13,ASB0661_HBK0,554,1,_
TP13,ATI2201_ATI0,164,1,_
TP13,AVI2201_AVI0,599,0.25,_
TP13,AVI2201_AVI0,600,0.25,_
TP13,AVI2201_AVI0,601,0.25,_
TP13,AVI2201_AVI0,602,0.25,_
TP13,BEN2202_BEN0,606,0.166666667,_
TP13,BEN2202_BEN0,607,0.166666667,_
TP13,BEN2202_BEN0,608,0.166666667,_
TP13,BEN2202_BEN0,609,0.166666667,_
TP13,BEN2202_BEN0,610,0.166666667,_
TP13,BEN2202_BEN0,611,0.166666667,_
TP13,BOB1101,46,1,_
TP13,BPE0331_TWF0,408,1,_
TP13,BWK1101_WPI0,731,1,_
TP13,COL0661_COL0,574,0.447368421,_
TP13,COL0661_COL0,750,0.552631579,_
TP13,CPK0331,418,1,_
TP13,CYD2201_CYD0,674,0.25,_
TP13,CYD2201_CYD0,675,0.25,_
TP13,CYD2201_CYD0,676,0.25,_
TP13,CYD2201_CYD0,677,0.25,_
TP13,GLN0332_GLN0,50,1,_
TP13,HAM0331,109,1,_
TP13,HIN0331,114,1,_
TP13,HLY2201_HLY1,119,1,_
TP13,HLY2201_HLY2,118,1,_
TP13,HLY2201_HLY5,120,1,_
TP13,HLY2201_HLY6,117,1,_
TP13,HWA1101_PTA1,337,1,_
TP13,HWA1101_PTA2,337,1,_
TP13,HWA1101_PTA3,337,1,_
TP13,HWA1102_WAA0,348,0.416909621,_
TP13,HWA1102_WAA0,350,0.583090379,_
TP13,HWA1102_WAA1,348,0.416909621,_
TP13,HWA1102_WAA1,350,0.583090379,_
TP13,HWB0331_MAH0,700,1,_
TP13,HWB0331_WPI0,730,1,_
TP13,ISL0331,525,1,_
TP13,KAW0111,179,1,_
TP13,KAW0112_ONU0,235,0.29467381,_
TP13,KAW0112_ONU0,236,0.204853451,_
TP13,KAW0112_ONU0,237,0.126063662,_
TP13,KAW0112_ONU0,238,0.374409077,_
TP13,KAW0113,178,1,_
TP13,KAW1101_KAG0,174,1,_
TP13,KIN0112_KIN0,125,1,_
TP13,KIN0331,127,1,_
TP13,KPA1101_KPI1,323,1,_
TP13,KPO1101_KPO0,130,0.333333333,_
TP13,KPO1101_KPO0,131,0.333333333,_
TP13,KPO1101_KPO0,132,0.333333333,_
TP13,KPU0661,134,1,_
TP13,KUM0661_KUM0,593,1,_
TP13,LTN0331_TWF0,407,1,_
TP13,MAN2201_MAN0,702,0.142857143,_
TP13,MAN2201_MAN0,703,0.142857143,_
TP13,MAN2201_MAN0,704,0.142857143,_
TP13,MAN2201_MAN0,705,0.142857143,_
TP13,MAN2201_MAN0,706,0.142857143,_
TP13,MAN2201_MAN0,707,0.142857143,_
TP13,MAN2201_MAN0,708,0.142857143,_
TP13,MAT1101_ANI0,154,0.5,_
TP13,MAT1101_ANI0,155,0.5,_
TP13,MAT1101_MAT0,195,0.5,_
TP13,MAT1101_MAT0,196,0.5,_
TP13,MHO0331_MHO0,373,1,_
TP13,MKE1101_MKE1,325,0.5,_
TP13,MKE1101_MKE1,326,0.5,_
TP13,MPE1101,27,1,_
TP13,MTI2201_MTI0,201,0.1,_
TP13,MTI2201_MTI0,202,0.1,_
TP13,MTI2201_MTI0,203,0.1,_
TP13,MTI2201_MTI0,204,0.1,_
TP13,MTI2201_MTI0,205,0.1,_
TP13,MTI2201_MTI0,206,0.1,_
TP13,MTI2201_MTI0,207,0.1,_
TP13,MTI2201_MTI0,208,0.1,_
TP13,MTI2201_MTI0,209,0.1,_
TP13,MTI2201_MTI0,210,0.1,_
TP13,NAP2201_NAP0,214,1,_
TP13,NAP2202_NTM0,216,0.5,_
TP13,NAP2202_NTM0,217,0.5,_
TP13,NMA0331_WHL0,729,1,_
TP13,NSY0331_PAE0,651,1,_
TP13,OHA2201_OHA0,636,0.25,_
TP13,OHA2201_OHA0,637,0.25,_
TP13,OHA2201_OHA0,638,0.25,_
TP13,OHA2201_OHA0,639,0.25,_
TP13,OHB2201_OHB0,641,0.25,_
TP13,OHB2201_OHB0,642,0.25,_
TP13,OHB2201_OHB0,643,0.25,_
TP13,OHB2201_OHB0,644,0.25,_
TP13,OHC2201_OHC0,646,0.25,_
TP13,OHC2201_OHC0,647,0.25,_
TP13,OHC2201_OHC0,648,0.25,_
TP13,OHC2201_OHC0,649,0.25,_
TP13,OHK2201_OHK0,219,0.25,_
TP13,OHK2201_OHK0,220,0.25,_
TP13,OHK2201_OHK0,221,0.25,_
TP13,OHK2201_OHK0,222,0.25,_
TP13,OKI2201_OKI0,228,0.099099099,_
TP13,OKI2201_OKI0,230,0.450450451,_
TP13,OKI2201_OKI0,231,0.450450451,_
TP13,PEN0331,81,1,_
TP13,PPI2201_PPI0,241,1,_
TP13,PRM0331,465,1,_
TP13,ROT1101_WHE0,272,1,_
TP13,ROX1101_ROX0,714,0.333333333,_
TP13,ROX1101_ROX0,715,0.333333333,_
TP13,ROX1101_ROX0,716,0.333333333,_
TP13,ROX2201_ROX0,717,0.2,_
TP13,ROX2201_ROX0,718,0.2,_
TP13,ROX2201_ROX0,719,0.2,_
TP13,ROX2201_ROX0,720,0.2,_
TP13,ROX2201_ROX0,721,0.2,_
TP13,RPO2201_RPO0,386,0.5,_
TP13,RPO2201_RPO0,387,0.5,_
TP13,SFD2201_SFD21,340,1,_
TP13,SFD2201_SFD22,341,1,_
TP13,SFD2201_SPL0,346,1,_
TP13,STK0661_COB0,491,1,_
TP13,TGA0331_KMI0,183,1,_
TP13,THI2201_THI1,253,1,_
TP13,THI2201_THI2,254,1,_
TP13,TKA0111_TKA1,560,1,_
TP13,TKB2201_TKB1,655,0.5,_
TP13,TKB2201_TKB1,656,0.5,_
TP13,TKU2201_TKU0,391,0.25,_
TP13,TKU2201_TKU0,392,0.25,_
TP13,TKU2201_TKU0,393,0.25,_
TP13,TKU2201_TKU0,394,0.25,_
TP13,TUI1101_KTW0,298,0.5,_
TP13,TUI1101_KTW0,299,0.5,_
TP13,TUI1101_PRI0,300,0.5,_
TP13,TUI1101_PRI0,301,0.5,_
TP13,TUI1101_TUI0,302,0.333333333,_
TP13,TUI1101_TUI0,303,0.333333333,_
TP13,TUI1101_TUI0,304,0.333333333,_
TP13,TWC2201_NZW0,404,1,_
TP13,TWC2201_TWF0,405,1,_
TP13,TWH0331_TRC1,142,1,_
TP13,TWH0331_TUK0,147,1,_
TP13,WDV1101_TAP0,389,1,_
TP13,WGN0331,411,1,_
TP13,WHI0111,306,1,_
TP13,WHI2201_WHI0,307,0.333333333,_
TP13,WHI2201_WHI0,308,0.333333333,_
TP13,WHI2201_WHI0,309,0.333333333,_
TP13,WHU0331,150,1,_
TP13,WIL0331_MCK0,482,1,_
TP13,WKM2201_MOK0,198,0.524257784,_
TP13,WKM2201_MOK0,199,0.475742216,_
TP13,WKM2201_WKM0,274,0.25,_
TP13,WKM2201_WKM0,275,0.25,_
TP13,WKM2201_WKM0,276,0.25,_
TP13,WKM2201_WKM0,277,0.25,_
TP13,WKO0331,152,1,_
TP13,WPA2201_WPA0,283,1,_
TP13,WRK0331_RKA0,740,1,_
TP13,WRK0331_TAA0,248,1,_
TP13,WRK2201_WRK0,285,0.340664962,_
TP13,WRK2201_WRK0,286,0.170332481,_
TP13,WRK2201_WRK0,287,0.19028133,_
TP13,WRK2201_WRK0,288,0.211764706,_
TP13,WRK2201_WRK0,289,0.086956522,_
TP13,WTK0111_WTK0,660,1,_
TP13,WWD1102_WWD0,479,1,_
TP13,WWD1103_WWD0,744,1,_
TP13,KAW0112_DLS0,176,1,_
TP13,KAW0113_DLS1,178,1,_
TP13,ABY0111,541,1,_
TP13,ALB0331,4,1,_
TP13,ALB1101,41,1,_
TP13,APS0111,569,1,_
TP13,ARG1101,487,1,_
TP13,ASB0331,543,1,_
TP13,ASB0661,544,1,_
TP13,ASY0111,520,0.5,_
TP13,ASY0111,748,0.5,_
TP13,ATU1101,488,1,_
TP13,BAL0331,669,1,_
TP13,BDE0111,671,1,_
TP13,BLN0331,489,1,_
TP13,BOB0331,45,1,_
TP13,BPD1101,618,1,_
TP13,BPE0331,357,1,_
TP13,BPE0551,358,0.5,_
TP13,BPE0551,359,0.5,_
TP13,BPT1101,619,1,_
TP13,BRB0331,8,1,_
TP13,BRK0331,315,1,_
TP13,BRY0661,549,1,_
TP13,BWK1101,673,1,_
TP13,CBG0111,105,1,_
TP13,CLH0111,572,1,_
TP13,CML0331,620,1,_
TP13,COL0111,575,1,_
TP13,COL0661,576,1,_
TP13,CPK0111,416,0.5,_
TP13,CPK0111,417,0.5,_
TP13,CST0331,317,1,_
TP13,CUL0331,493,1,_
TP13,CUL0661,494,1,_
TP13,CYD0331,678,1,_
TP13,CYD2201,679,1,_
TP13,DOB0331,579,1,_
TP13,DVK0111,366,1,_
TP13,EDG0331,168,1,_
TP13,EDN0331,680,1,_
TP13,FHL0331,293,1,_
TP13,FKN0331,628,1,_
TP13,GFD0331,426,1,_
TP13,GLN0331,733,1,_
TP13,GLN0332,51,1,_
TP13,GOR0331,682,1,_
TP13,GYM0661,585,1,_
TP13,GYT0331,429,1,_
TP13,HAM0111,108,1,_
TP13,HAM0551,110,1,_
TP13,HAM0551,5036,0,_
TP13,HAY0111,434,1,_
TP13,HAY0331,443,1,_
TP13,HEN0331,12,1,_
TP13,HEP0331,17,1,_
TP13,HKK0661,587,1,_
TP13,HLY0331,121,1,_
TP13,HOB1101,56,1,_
TP13,HOR0331,589,1,_
TP13,HOR0661,590,1,_
TP13,HTI0331,123,1,_
TP13,HUI0331,319,1,_
TP13,HWA0331,321,1,_
TP13,HWA0332,742,1,_
TP13,HWA1101,322,1,_
TP13,HWA1102,322,1,_
TP13,HWB0331,688,1,_
TP13,HWB0332,753,1,_
TP13,HWB1101,693,1,_
TP13,INV0331,696,1,_
TP13,ISL0661,526,1,_
TP13,KAI0111,531,1,_
TP13,KAW0112,176,1,_
TP13,KAW1101,181,1,_
TP13,KBY0661,591,1,_
TP13,KBY0662,591,1,_
TP13,KIK0111,745,1,_
TP13,KIN0111,126,1,_
TP13,KIN0112,125,1,_
TP13,KIN0113,738,1,_
TP13,KMO0331,187,1,_
TP13,KOE1101,20,1,_
TP13,KPA1101,324,1,_
TP13,KUM0661,593,1,_
TP13,KWA0111,451,1,_
TP13,LFD1101,192,1,_
TP13,LFD1102,192,1,_
TP13,LTN0331,370,1,_
TP13,MAN2201,701,1,_
TP13,MAT1101,156,0.909090909,_
TP13,MAT1101,197,0.090909091,_
TP13,MCH0111,503,1,_
TP13,MER0331,60,1,_
TP13,MGM0331,454,1,_
TP13,MHO0331,374,1,_
TP13,MKE1101,325,0.5,_
TP13,MKE1101,326,0.5,_
TP13,MLG0111,456,1,_
TP13,MLG0331,457,1,_
TP13,MNG0331,61,1,_
TP13,MNG1101,62,1,_
TP13,MNI0111,328,1,_
TP13,MST0331,460,1,_
TP13,MTM0331,212,1,_
TP13,MTN0331,377,1,_
TP13,MTO0331,28,1,_
TP13,MTR0331,380,1,_
TP13,NAP2201,214,1,_
TP13,NAP2202,215,1,_
TP13,NMA0331,711,1,_
TP13,NPK0331,382,1,_
TP13,NPL0331,331,1,_
TP13,NSY0331,632,1,_
TP13,OAM0331,634,1,_
TP13,OKN0111,384,1,_
TP13,ONG0331,137,1,_
TP13,OPK0331,335,1,_
TP13,ORO1101,507,1,_
TP13,ORO1102,508,1,_
TP13,OTA0221,66,1,_
TP13,OTI0111,595,1,_
TP13,OWH0111,239,1,_
TP13,PAK0331,75,1,_
TP13,PAO1101,139,1,_
TP13,PEN0221,79,1,_
TP13,PEN0251,80,1,_
TP13,PEN1101,56,0.190798081,_
TP13,PEN1101,58,0.645660707,_
TP13,PEN1101,88,0.163541212,_
TP13,PNI0331,462,1,_
TP13,PPI2201,241,0.5,_
TP13,PPI2201,242,0.5,_
TP13,RDF0331,295,1,_
TP13,RFN1101,506,1,_
TP13,RFN1102,505,1,_
TP13,ROS0221,89,1,_
TP13,ROS1101,90,1,_
TP13,ROT0111,245,1,_
TP13,ROT0331,246,1,_
TP13,ROT1101,247,1,_
TP13,SBK0331,533,1,_
TP13,SBK0661,534,1,_
TP13,SDN0331,725,1,_
TP13,SFD0331,342,1,_
TP13,SFD2201,345,1,_
TP13,STK0331,511,1,_
TP13,STK0661,512,1,_
TP13,STU0111,653,1,_
TP13,SVL0331,32,1,_
TP13,SWN0251,36,1,_
TP13,SWN2201,37,1,_
TP13,TAK0331,91,1,_
TP13,TGA0111,250,1,_
TP13,TGA0331,251,1,_
TP13,THI2201,255,1,_
TP13,TIM0111,556,1,_
TP13,TKA0331,561,1,_
TP13,TKH0111,256,1,_
TP13,TKR0331,470,1,_
TP13,TKU0331,395,1,_
TP13,TMI0331,258,1,_
TP13,TMK0331,563,1,_
TP13,TMN0551,397,0.5,_
TP13,TMN0551,398,0.5,_
TP13,TMU0111,140,1,_
TP13,TNG0111,400,1,_
TP13,TNG0551,401,0.5,_
TP13,TNG0551,402,0.5,_
TP13,TRK0111,260,1,_
TP13,TUI1101,305,1,_
TP13,TWC2201,406,1,_
TP13,TWH0331,143,0.253164557,_
TP13,TWH0331,148,0.746835443,_
TP13,TWI2201,728,1,_
TP13,TWZ0331,658,1,_
TP13,UHT0331,472,1,_
TP13,WAI0111,269,1,_
TP13,WDV0111,409,1,_
TP13,WDV1101,410,1,_
TP13,WEL0331,38,1,_
TP13,WHI2201,310,1,_
TP13,WIL0331,475,1,_
TP13,WIR0331,94,1,_
TP13,WKM2201,278,1,_
TP13,WPR0331,535,1,_
TP13,WPR0661,536,1,_
TP13,WPT0111,518,1,_
TP13,WPW0331,413,1,_
TP13,WRD0331,41,1,_
TP13,WRK0331,290,1,_
TP13,WTK0111,660,1,_
TP13,WTK0331,5171,1,_
TP13,WTU0331,311,1,_
TP13,WVY0111,352,1,_
TP13,WWD1102,481,1,_
TP13,WWD1103,480,1,_
TP13,ABY1101,542,1,_
TP13,ALB2201,7,1,_
TP13,APS0661,570,1,_
TP13,ARA2201,163,1,_
TP13,ARI1101,737,1,_
TP13,ARI1102,101,1,_
TP13,ASB2201,545,1,_
TP13,ASY0661,521,1,_
TP13,ATI2201,164,1,_
TP13,AVI2201,603,1,_
TP13,BAL1101,670,1,_
TP13,BDE1101,672,1,_
TP13,BEN2201,617,1,_
TP13,BEN2202,617,1,_
TP13,BEN3502,615,1,_
TP13,BEN3503,616,1,_
TP13,BHL2201,47,1,_
TP13,BHL2202,48,1,_
TP13,BLN1101,490,1,_
TP13,BPC1101,598,1,_
TP13,BPE1101,363,1,_
TP13,BPE2201,364,1,_
TP13,BRB2201,9,1,_
TP13,BRK2201,316,1,_
TP13,BRK2202,316,1,_
TP13,BRY2201,553,1,_
TP13,CBG1101,107,1,_
TP13,CBG1102,106,1,_
TP13,CLH0661,573,1,_
TP13,CML1101,625,1,_
TP13,CML1102,624,1,_
TP13,CML2201,627,1,_
TP13,CML2202,626,1,_
TP13,CPK1101,419,1,_
TP13,CPK1102,420,1,_
TP13,CPK1103,421,1,_
TP13,CST1101,318,1,_
TP13,CUL2202,495,1,_
TP13,CUL2203,496,1,_
TP13,DOB0661,580,1,_
TP13,DOB1101,584,1,_
TP13,DOB1102,583,1,_
TP13,DRY2201,49,1,_
TP13,DRY2202,49,1,_
TP13,DVK1101,367,1,_
TP13,DVK1102,368,1,_
TP13,EDG1101,171,1,_
TP13,EDG1102,171,1,_
TP13,EDG2201,172,1,_
TP13,EDN1101,681,1,_
TP13,FHL1101,294,1,_
TP13,FKN1101,630,1,_
TP13,FKN1102,629,1,_
TP13,GFD1101,428,1,_
TP13,GFD1102,427,1,_
TP13,GLN2201,53,1,_
TP13,GNY1101,597,1,_
TP13,GOR1101,683,1,_
TP13,GOR1102,683,1,_
TP13,GYT1101,430,1,_
TP13,GYT1102,431,1,_
TP13,HAM1101,112,1,_
TP13,HAM2201,113,1,_
TP13,HAY1101,447,1,_
TP13,HAY2201,450,1,_
TP13,HAY3502,449,1,_
TP13,HAY3503,448,1,_
TP13,HEN1101,15,1,_
TP13,HEN2201,16,1,_
TP13,HEP1101,18,1,_
TP13,HIN1101,115,1,_
TP13,HLY2201,116,1,_
TP13,HOB2201,57,1,_
TP13,HPI2201,19,1,_
TP13,HPI2202,19,1,_
TP13,HTI1101,124,1,_
TP13,HUI1101,320,1,_
TP13,HWA1001,322,1,_
TP13,HWB2201,694,1,_
TP13,IGH1101,497,1,_
TP13,INV1101,698,1,_
TP13,INV2201,699,1,_
TP13,INV2202,699,1,_
TP13,ISL2201,530,1,_
TP13,KAI0661,532,1,_
TP13,KAW2201,182,1,_
TP13,KBT0661,567,1,_
TP13,KBT0662,566,1,_
TP13,KIK1101,501,1,_
TP13,KIK2201,502,1,_
TP13,KIN1101,129,1,_
TP13,KIN1102,129,1,_
TP13,KMO1101,190,1,_
TP13,KMO1102,190,1,_
TP13,KMO1103,190,1,_
TP13,KMO2201,191,1,_
TP13,KPO1101,133,1,_
TP13,KPU1101,739,1,_
TP13,KPU1102,5050,1,_
TP13,KWA1101,452,1,_
TP13,KWA1102,453,1,_
TP13,LIV2201,631,1,_
TP13,LTN2201,371,1,_
TP13,LTN2202,372,1,_
TP13,MCH1101,504,1,_
TP13,MDN1101,25,1,_
TP13,MDN2201,26,1,_
TP13,MGM1101,455,1,_
TP13,MHO1101,375,1,_
TP13,MHO1102,376,1,_
TP13,MHT1102,422,1,_
TP13,MHT1103,423,1,_
TP13,MKT1101,314,1,_
TP13,MLG1101,459,1,_
TP13,MLG1102,458,1,_
TP13,MNI1101,329,1,_
TP13,MST1101,461,1,_
TP13,MTI2201,211,1,_
TP13,MTM1101,213,1,_
TP13,MTN1101,379,1,_
TP13,MTN1102,378,1,_
TP13,MTO1101,29,1,_
TP13,MTO1102,30,1,_
TP13,MTR1101,381,1,_
TP13,MVE1101,102,1,_
TP13,MVE1102,103,1,_
TP13,NGA1101,31,1,_
TP13,NMA2201,712,1,_
TP13,NPK1101,383,1,_
TP13,NPL1101,333,1,_
TP13,NPL2201,334,1,_
TP13,NSY2201,633,1,_
TP13,OAM1101,635,1,_
TP13,OAM1102,752,1,_
TP13,OHA2201,640,1,_
TP13,OHB2201,645,1,_
TP13,OHC2201,650,1,_
TP13,OHK2201,223,1,_
TP13,OHW2201,136,1,_
TP13,OHW2202,136,1,_
TP13,OKE1101,224,1,_
TP13,OKI2201,227,0.5,_
TP13,OKI2201,229,0.5,_
TP13,OKN1101,385,1,_
TP13,ONG1101,138,1,_
TP13,OPI2201,540,1,_
TP13,OPI2202,539,1,_
TP13,OPK1101,743,1,_
TP13,OPK1102,336,1,_
TP13,OTA1103,70,1,_
TP13,OTA1104,734,1,_
TP13,OTA1105,70,1,_
TP13,OTA1106,734,1,_
TP13,OTA1107,70,1,_
TP13,OTA1108,734,1,_
TP13,OTA1109,70,1,_
TP13,OTA110A,734,1,_
TP13,OTA2201,72,1,_
TP13,OTA2202,73,1,_
TP13,OTA2203,71,1,_
TP13,OTI0661,596,1,_
TP13,OWH1101,240,1,_
TP13,PAK2201,76,1,_
TP13,PEN0222,79,1,_
TP13,PEN2201,87,1,_
TP13,PIE1101,173,1,_
TP13,PNI1101,463,1,_
TP13,PNI1102,464,1,_
TP13,PRM2201,468,1,_
TP13,PRM2202,469,1,_
TP13,PRT2201,425,1,_
TP13,PRT2202,424,1,_
TP13,RDF1101,296,1,_
TP13,RDF1102,296,1,_
TP13,RDF2201,297,1,_
TP13,RFC1101,483,1,_
TP13,ROT1102,247,1,_
TP13,ROX1101,723,1,_
TP13,ROX2201,724,1,_
TP13,RPO2201,388,1,_
TP13,RTO1101,104,1,_
TP13,RTR1101,365,1,_
TP13,SDN2201,726,1,_
TP13,SFD1101,344,1,_
TP13,STK1101,515,1,_
TP13,STK2201,516,1,_
TP13,STU1101,654,1,_
TP13,SVL2201,33,1,_
TP13,SVL2202,34,1,_
TP13,TAK2201,92,1,_
TP13,TAK2202,93,1,_
TP13,TGA1101,252,1,_
TP13,TIM1101,557,1,_
TP13,TIM2201,559,1,_
TP13,TIM2202,558,1,_
TP13,TKA0111,560,1,_
TP13,TKA1101,562,1,_
TP13,TKB2201,657,1,_
TP13,TKH0501,257,1,_
TP13,TKR1101,471,1,_
TP13,TKU2201,396,1,_
TP13,TMH2201,727,1,_
TP13,TMI1101,259,1,_
TP13,TMK1101,5162,1,_
TP13,TMK1102,565,1,_
TP13,TMN2201,399,1,_
TP13,TMU1101,141,1,_
TP13,TNG2201,403,1,_
TP13,TRK1101,267,1,_
TP13,TRK1102,267,1,_
TP13,TRK2201,268,1,_
TP13,TWH2201,149,1,_
TP13,TWT2201,369,1,_
TP13,TWZ2201,659,1,_
TP13,TWZ2202,659,1,_
TP13,UHT1101,473,1,_
TP13,WAI0501,270,1,_
TP13,WAI1101,271,1,_
TP13,WDV1102,410,1,_
TP13,WEL1101,40,1,_
TP13,WEL1102,39,1,_
TP13,WGN1101,412,1,_
TP13,WHU1101,151,1,_
TP13,WIL1101,477,1,_
TP13,WIL2201,478,1,_
TP13,WIR1101,95,1,_
TP13,WIR1102,736,1,_
TP13,WKM2202,282,1,_
TP13,WKO1101,153,1,_
TP13,WMG1101,746,1,_
TP13,WMG1102,517,1,_
TP13,WPA2201,284,1,_
TP13,WPR2202,538,1,_
TP13,WPR2203,537,1,_
TP13,WPT1101,747,1,_
TP13,WPT1102,519,1,_
TP13,WPW1101,414,1,_
TP13,WPW1102,415,1,_
TP13,WRD2201,44,1,_
TP13,WRK2201,292,1,_
TP13,WTK1101,666,1,_
TP13,WTK1102,667,1,_
TP13,WTK2201,668,1,_
TP13,WTU2201,741,1,_
TP13,WTU2202,312,1,_
TP13,WVY1101,353,1,_
TP14,ARA2201_ARA0,160,0.333333333,_
TP14,ARA2201_ARA0,161,0.333333333,_
TP14,ARA2201_ARA0,162,0.333333333,_
TP14,ARG1101_BRR0,486,1,_
TP14,ARI1101_ARI0,100,0.25,_
TP14,ARI1101_ARI0,97,0.25,_
TP14,ARI1101_ARI0,98,0.25,_
TP14,ARI1101_ARI0,99,0.25,_
TP14,ARI1102_ARI0,96,1,_
TP14,ASB0661_HBK0,554,1,_
TP14,ATI2201_ATI0,164,1,_
TP14,AVI2201_AVI0,599,0.25,_
TP14,AVI2201_AVI0,600,0.25,_
TP14,AVI2201_AVI0,601,0.25,_
TP14,AVI2201_AVI0,602,0.25,_
TP14,BEN2202_BEN0,606,0.166666667,_
TP14,BEN2202_BEN0,607,0.166666667,_
TP14,BEN2202_BEN0,608,0.166666667,_
TP14,BEN2202_BEN0,609,0.166666667,_
TP14,BEN2202_BEN0,610,0.166666667,_
TP14,BEN2202_BEN0,611,0.166666667,_
TP14,BOB1101,46,1,_
TP14,BPE0331_TWF0,408,1,_
TP14,BWK1101_WPI0,731,1,_
TP14,COL0661_COL0,574,0.447368421,_
TP14,COL0661_COL0,750,0.552631579,_
TP14,CPK0331,418,1,_
TP14,CYD2201_CYD0,674,0.25,_
TP14,CYD2201_CYD0,675,0.25,_
TP14,CYD2201_CYD0,676,0.25,_
TP14,CYD2201_CYD0,677,0.25,_
TP14,GLN0332_GLN0,50,1,_
TP14,HAM0331,109,1,_
TP14,HIN0331,114,1,_
TP14,HLY2201_HLY1,119,1,_
TP14,HLY2201_HLY2,118,1,_
TP14,HLY2201_HLY5,120,1,_
TP14,HLY2201_HLY6,117,1,_
TP14,HWA1101_PTA1,337,1,_
TP14,HWA1101_PTA2,337,1,_
TP14,HWA1101_PTA3,337,1,_
TP14,HWA1102_WAA0,348,0.416909621,_
TP14,HWA1102_WAA0,350,0.583090379,_
TP14,HWA1102_WAA1,348,0.416909621,_
TP14,HWA1102_WAA1,350,0.583090379,_
TP14,HWB0331_MAH0,700,1,_
TP14,HWB0331_WPI0,730,1,_
TP14,ISL0331,525,1,_
TP14,KAW0111,179,1,_
TP14,KAW0112_ONU0,235,0.29467381,_
TP14,KAW0112_ONU0,236,0.204853451,_
TP14,KAW0112_ONU0,237,0.126063662,_
TP14,KAW0112_ONU0,238,0.374409077,_
TP14,KAW0113,178,1,_
TP14,KAW1101_KAG0,174,1,_
TP14,KIN0112_KIN0,125,1,_
TP14,KIN0331,127,1,_
TP14,KPA1101_KPI1,323,1,_
TP14,KPO1101_KPO0,130,0.333333333,_
TP14,KPO1101_KPO0,131,0.333333333,_
TP14,KPO1101_KPO0,132,0.333333333,_
TP14,KPU0661,134,1,_
TP14,KUM0661_KUM0,593,1,_
TP14,LTN0331_TWF0,407,1,_
TP14,MAN2201_MAN0,702,0.142857143,_
TP14,MAN2201_MAN0,703,0.142857143,_
TP14,MAN2201_MAN0,704,0.142857143,_
TP14,MAN2201_MAN0,705,0.142857143,_
TP14,MAN2201_MAN0,706,0.142857143,_
TP14,MAN2201_MAN0,707,0.142857143,_
TP14,MAN2201_MAN0,708,0.142857143,_
TP14,MAT1101_ANI0,154,0.5,_
TP14,MAT1101_ANI0,155,0.5,_
TP14,MAT1101_MAT0,195,0.5,_
TP14,MAT1101_MAT0,196,0.5,_
TP14,MHO0331_MHO0,373,1,_
TP14,MKE1101_MKE1,325,0.5,_
TP14,MKE1101_MKE1,326,0.5,_
TP14,MPE1101,27,1,_
TP14,MTI2201_MTI0,201,0.1,_
TP14,MTI2201_MTI0,202,0.1,_
TP14,MTI2201_MTI0,203,0.1,_
TP14,MTI2201_MTI0,204,0.1,_
TP14,MTI2201_MTI0,205,0.1,_
TP14,MTI2201_MTI0,206,0.1,_
TP14,MTI2201_MTI0,207,0.1,_
TP14,MTI2201_MTI0,208,0.1,_
TP14,MTI2201_MTI0,209,0.1,_
TP14,MTI2201_MTI0,210,0.1,_
TP14,NAP2201_NAP0,214,1,_
TP14,NAP2202_NTM0,216,0.5,_
TP14,NAP2202_NTM0,217,0.5,_
TP14,NMA0331_WHL0,729,1,_
TP14,NSY0331_PAE0,651,1,_
TP14,OHA2201_OHA0,636,0.25,_
TP14,OHA2201_OHA0,637,0.25,_
TP14,OHA2201_OHA0,638,0.25,_
TP14,OHA2201_OHA0,639,0.25,_
TP14,OHB2201_OHB0,641,0.25,_
TP14,OHB2201_OHB0,642,0.25,_
TP14,OHB2201_OHB0,643,0.25,_
TP14,OHB2201_OHB0,644,0.25,_
TP14,OHC2201_OHC0,646,0.25,_
TP14,OHC2201_OHC0,647,0.25,_
TP14,OHC2201_OHC0,648,0.25,_
TP14,OHC2201_OHC0,649,0.25,_
TP14,OHK2201_OHK0,219,0.25,_
TP14,OHK2201_OHK0,220,0.25,_
TP14,OHK2201_OHK0,221,0.25,_
TP14,OHK2201_OHK0,222,0.25,_
TP14,OKI2201_OKI0,228,0.099099099,_
TP14,OKI2201_OKI0,230,0.450450451,_
TP14,OKI2201_OKI0,231,0.450450451,_
TP14,PEN0331,81,1,_
TP14,PPI2201_PPI0,241,1,_
TP14,PRM0331,465,1,_
TP14,ROT1101_WHE0,272,1,_
TP14,ROX1101_ROX0,714,0.333333333,_
TP14,ROX1101_ROX0,715,0.333333333,_
TP14,ROX1101_ROX0,716,0.333333333,_
TP14,ROX2201_ROX0,717,0.2,_
TP14,ROX2201_ROX0,718,0.2,_
TP14,ROX2201_ROX0,719,0.2,_
TP14,ROX2201_ROX0,720,0.2,_
TP14,ROX2201_ROX0,721,0.2,_
TP14,RPO2201_RPO0,386,0.5,_
TP14,RPO2201_RPO0,387,0.5,_
TP14,SFD2201_SFD21,340,1,_
TP14,SFD2201_SFD22,341,1,_
TP14,SFD2201_SPL0,346,1,_
TP14,STK0661_COB0,491,1,_
TP14,TGA0331_KMI0,183,1,_
TP14,THI2201_THI1,253,1,_
TP14,THI2201_THI2,254,1,_
TP14,TKA0111_TKA1,560,1,_
TP14,TKB2201_TKB1,655,0.5,_
TP14,TKB2201_TKB1,656,0.5,_
TP14,TKU2201_TKU0,391,0.25,_
TP14,TKU2201_TKU0,392,0.25,_
TP14,TKU2201_TKU0,393,0.25,_
TP14,TKU2201_TKU0,394,0.25,_
TP14,TUI1101_KTW0,298,0.5,_
TP14,TUI1101_KTW0,299,0.5,_
TP14,TUI1101_PRI0,300,0.5,_
TP14,TUI1101_PRI0,301,0.5,_
TP14,TUI1101_TUI0,302,0.333333333,_
TP14,TUI1101_TUI0,303,0.333333333,_
TP14,TUI1101_TUI0,304,0.333333333,_
TP14,TWC2201_NZW0,404,1,_
TP14,TWC2201_TWF0,405,1,_
TP14,TWH0331_TRC1,142,1,_
TP14,TWH0331_TUK0,147,1,_
TP14,WDV1101_TAP0,389,1,_
TP14,WGN0331,411,1,_
TP14,WHI0111,306,1,_
TP14,WHI2201_WHI0,307,0.333333333,_
TP14,WHI2201_WHI0,308,0.333333333,_
TP14,WHI2201_WHI0,309,0.333333333,_
TP14,WHU0331,150,1,_
TP14,WIL0331_MCK0,482,1,_
TP14,WKM2201_MOK0,198,0.524257784,_
TP14,WKM2201_MOK0,199,0.475742216,_
TP14,WKM2201_WKM0,274,0.25,_
TP14,WKM2201_WKM0,275,0.25,_
TP14,WKM2201_WKM0,276,0.25,_
TP14,WKM2201_WKM0,277,0.25,_
TP14,WKO0331,152,1,_
TP14,WPA2201_WPA0,283,1,_
TP14,WRK0331_RKA0,740,1,_
TP14,WRK0331_TAA0,248,1,_
TP14,WRK2201_WRK0,285,0.340664962,_
TP14,WRK2201_WRK0,286,0.170332481,_
TP14,WRK2201_WRK0,287,0.19028133,_
TP14,WRK2201_WRK0,288,0.211764706,_
TP14,WRK2201_WRK0,289,0.086956522,_
TP14,WTK0111_WTK0,660,1,_
TP14,WWD1102_WWD0,479,1,_
TP14,WWD1103_WWD0,744,1,_
TP14,KAW0112_DLS0,176,1,_
TP14,KAW0113_DLS1,178,1,_
TP14,ABY0111,541,1,_
TP14,ALB0331,4,1,_
TP14,ALB1101,41,1,_
TP14,APS0111,569,1,_
TP14,ARG1101,487,1,_
TP14,ASB0331,543,1,_
TP14,ASB0661,544,1,_
TP14,ASY0111,520,0.5,_
TP14,ASY0111,748,0.5,_
TP14,ATU1101,488,1,_
TP14,BAL0331,669,1,_
TP14,BDE0111,671,1,_
TP14,BLN0331,489,1,_
TP14,BOB0331,45,1,_
TP14,BPD1101,618,1,_
TP14,BPE0331,357,1,_
TP14,BPE0551,358,0.5,_
TP14,BPE0551,359,0.5,_
TP14,BPT1101,619,1,_
TP14,BRB0331,8,1,_
TP14,BRK0331,315,1,_
TP14,BRY0661,549,1,_
TP14,BWK1101,673,1,_
TP14,CBG0111,105,1,_
TP14,CLH0111,572,1,_
TP14,CML0331,620,1,_
TP14,COL0111,575,1,_
TP14,COL0661,576,1,_
TP14,CPK0111,416,0.5,_
TP14,CPK0111,417,0.5,_
TP14,CST0331,317,1,_
TP14,CUL0331,493,1,_
TP14,CUL0661,494,1,_
TP14,CYD0331,678,1,_
TP14,CYD2201,679,1,_
TP14,DOB0331,579,1,_
TP14,DVK0111,366,1,_
TP14,EDG0331,168,1,_
TP14,EDN0331,680,1,_
TP14,FHL0331,293,1,_
TP14,FKN0331,628,1,_
TP14,GFD0331,426,1,_
TP14,GLN0331,733,1,_
TP14,GLN0332,51,1,_
TP14,GOR0331,682,1,_
TP14,GYM0661,585,1,_
TP14,GYT0331,429,1,_
TP14,HAM0111,108,1,_
TP14,HAM0551,110,1,_
TP14,HAM0551,5032,0,_
TP14,HAY0111,434,1,_
TP14,HAY0331,443,1,_
TP14,HEN0331,12,1,_
TP14,HEP0331,17,1,_
TP14,HKK0661,587,1,_
TP14,HLY0331,121,1,_
TP14,HOB1101,56,1,_
TP14,HOR0331,589,1,_
TP14,HOR0661,590,1,_
TP14,HTI0331,123,1,_
TP14,HUI0331,319,1,_
TP14,HWA0331,321,1,_
TP14,HWA0332,742,1,_
TP14,HWA1101,322,1,_
TP14,HWA1102,322,1,_
TP14,HWB0331,688,1,_
TP14,HWB0332,753,1,_
TP14,HWB1101,693,1,_
TP14,INV0331,696,1,_
TP14,ISL0661,526,1,_
TP14,KAI0111,531,1,_
TP14,KAW0112,176,1,_
TP14,KAW1101,181,1,_
TP14,KBY0661,591,1,_
TP14,KBY0662,591,1,_
TP14,KIK0111,745,1,_
TP14,KIN0111,126,1,_
TP14,KIN0112,125,1,_
TP14,KIN0113,738,1,_
TP14,KMO0331,187,1,_
TP14,KOE1101,20,1,_
TP14,KPA1101,324,1,_
TP14,KUM0661,593,1,_
TP14,KWA0111,451,1,_
TP14,LFD1101,192,1,_
TP14,LFD1102,192,1,_
TP14,LTN0331,370,1,_
TP14,MAN2201,701,1,_
TP14,MAT1101,156,0.909090909,_
TP14,MAT1101,197,0.090909091,_
TP14,MCH0111,503,1,_
TP14,MER0331,60,1,_
TP14,MGM0331,454,1,_
TP14,MHO0331,374,1,_
TP14,MKE1101,325,0.5,_
TP14,MKE1101,326,0.5,_
TP14,MLG0111,456,1,_
TP14,MLG0331,457,1,_
TP14,MNG0331,61,1,_
TP14,MNG1101,62,1,_
TP14,MNI0111,328,1,_
TP14,MST0331,460,1,_
TP14,MTM0331,212,1,_
TP14,MTN0331,377,1,_
TP14,MTO0331,28,1,_
TP14,MTR0331,380,1,_
TP14,NAP2201,214,1,_
TP14,NAP2202,215,1,_
TP14,NMA0331,711,1,_
TP14,NPK0331,382,1,_
TP14,NPL0331,331,1,_
TP14,NSY0331,632,1,_
TP14,OAM0331,634,1,_
TP14,OKN0111,384,1,_
TP14,ONG0331,137,1,_
TP14,OPK0331,335,1,_
TP14,ORO1101,507,1,_
TP14,ORO1102,508,1,_
TP14,OTA0221,66,1,_
TP14,OTI0111,595,1,_
TP14,OWH0111,239,1,_
TP14,PAK0331,75,1,_
TP14,PAO1101,139,1,_
TP14,PEN0221,79,1,_
TP14,PEN0251,80,1,_
TP14,PEN1101,56,0.190798081,_
TP14,PEN1101,58,0.645660707,_
TP14,PEN1101,88,0.163541212,_
TP14,PNI0331,462,1,_
TP14,PPI2201,241,0.5,_
TP14,PPI2201,242,0.5,_
TP14,RDF0331,295,1,_
TP14,RFN1101,506,1,_
TP14,RFN1102,505,1,_
TP14,ROS0221,89,1,_
TP14,ROS1101,90,1,_
TP14,ROT0111,245,1,_
TP14,ROT0331,246,1,_
TP14,ROT1101,247,1,_
TP14,SBK0331,533,1,_
TP14,SBK0661,534,1,_
TP14,SDN0331,725,1,_
TP14,SFD0331,342,1,_
TP14,SFD2201,345,1,_
TP14,STK0331,511,1,_
TP14,STK0661,512,1,_
TP14,STU0111,653,1,_
TP14,SVL0331,32,1,_
TP14,SWN0251,36,1,_
TP14,SWN2201,37,1,_
TP14,TAK0331,91,1,_
TP14,TGA0111,250,1,_
TP14,TGA0331,251,1,_
TP14,THI2201,255,1,_
TP14,TIM0111,556,1,_
TP14,TKA0331,561,1,_
TP14,TKH0111,256,1,_
TP14,TKR0331,470,1,_
TP14,TKU0331,395,1,_
TP14,TMI0331,258,1,_
TP14,TMK0331,563,1,_
TP14,TMN0551,397,0.5,_
TP14,TMN0551,398,0.5,_
TP14,TMU0111,140,1,_
TP14,TNG0111,400,1,_
TP14,TNG0551,401,0.5,_
TP14,TNG0551,402,0.5,_
TP14,TRK0111,260,1,_
TP14,TUI1101,305,1,_
TP14,TWC2201,406,1,_
TP14,TWH0331,143,0.253164557,_
TP14,TWH0331,148,0.746835443,_
TP14,TWI2201,728,1,_
TP14,TWZ0331,658,1,_
TP14,UHT0331,472,1,_
TP14,WAI0111,269,1,_
TP14,WDV0111,409,1,_
TP14,WDV1101,410,1,_
TP14,WEL0331,38,1,_
TP14,WHI2201,310,1,_
TP14,WIL0331,475,1,_
TP14,WIR0331,94,1,_
TP14,WKM2201,278,1,_
TP14,WPR0331,535,1,_
TP14,WPR0661,536,1,_
TP14,WPT0111,518,1,_
TP14,WPW0331,413,1,_
TP14,WRD0331,41,1,_
TP14,WRK0331,290,1,_
TP14,WTK0111,660,1,_
TP14,WTK0331,5159,1,_
TP14,WTU0331,311,1,_
TP14,WVY0111,352,1,_
TP14,WWD1102,481,1,_
TP14,WWD1103,480,1,_
TP14,ABY1101,542,1,_
TP14,ALB2201,7,1,_
TP14,APS0661,570,1,_
TP14,ARA2201,163,1,_
TP14,ARI1101,737,1,_
TP14,ARI1102,101,1,_
TP14,ASB2201,545,1,_
TP14,ASY0661,521,1,_
TP14,ATI2201,164,1,_
TP14,AVI2201,603,1,_
TP14,BAL1101,670,1,_
TP14,BDE1101,672,1,_
TP14,BEN2201,617,1,_
TP14,BEN2202,617,1,_
TP14,BEN3502,615,1,_
TP14,BEN3503,616,1,_
TP14,BHL2201,47,1,_
TP14,BHL2202,48,1,_
TP14,BLN1101,490,1,_
TP14,BPC1101,598,1,_
TP14,BPE1101,363,1,_
TP14,BPE2201,364,1,_
TP14,BRB2201,9,1,_
TP14,BRK2201,316,1,_
TP14,BRK2202,316,1,_
TP14,BRY2201,553,1,_
TP14,CBG1101,107,1,_
TP14,CBG1102,106,1,_
TP14,CLH0661,573,1,_
TP14,CML1101,625,1,_
TP14,CML1102,624,1,_
TP14,CML2201,627,1,_
TP14,CML2202,626,1,_
TP14,CPK1101,419,1,_
TP14,CPK1102,420,1,_
TP14,CPK1103,421,1,_
TP14,CST1101,318,1,_
TP14,CUL2202,495,1,_
TP14,CUL2203,496,1,_
TP14,DOB0661,580,1,_
TP14,DOB1101,584,1,_
TP14,DOB1102,583,1,_
TP14,DRY2201,49,1,_
TP14,DRY2202,49,1,_
TP14,DVK1101,367,1,_
TP14,DVK1102,368,1,_
TP14,EDG1101,171,1,_
TP14,EDG1102,171,1,_
TP14,EDG2201,172,1,_
TP14,EDN1101,681,1,_
TP14,FHL1101,294,1,_
TP14,FKN1101,630,1,_
TP14,FKN1102,629,1,_
TP14,GFD1101,428,1,_
TP14,GFD1102,427,1,_
TP14,GLN2201,53,1,_
TP14,GNY1101,597,1,_
TP14,GOR1101,683,1,_
TP14,GOR1102,683,1,_
TP14,GYT1101,430,1,_
TP14,GYT1102,431,1,_
TP14,HAM1101,112,1,_
TP14,HAM2201,113,1,_
TP14,HAY1101,447,1,_
TP14,HAY2201,450,1,_
TP14,HAY3502,449,1,_
TP14,HAY3503,448,1,_
TP14,HEN1101,15,1,_
TP14,HEN2201,16,1,_
TP14,HEP1101,18,1,_
TP14,HIN1101,115,1,_
TP14,HLY2201,116,1,_
TP14,HOB2201,57,1,_
TP14,HPI2201,19,1,_
TP14,HPI2202,19,1,_
TP14,HTI1101,124,1,_
TP14,HUI1101,320,1,_
TP14,HWA1001,322,1,_
TP14,HWB2201,694,1,_
TP14,IGH1101,497,1,_
TP14,INV1101,698,1,_
TP14,INV2201,699,1,_
TP14,INV2202,699,1,_
TP14,ISL2201,530,1,_
TP14,KAI0661,532,1,_
TP14,KAW2201,182,1,_
TP14,KBT0661,567,1,_
TP14,KBT0662,566,1,_
TP14,KIK1101,501,1,_
TP14,KIK2201,502,1,_
TP14,KIN1101,129,1,_
TP14,KIN1102,129,1,_
TP14,KMO1101,190,1,_
TP14,KMO1102,190,1,_
TP14,KMO1103,190,1,_
TP14,KMO2201,191,1,_
TP14,KPO1101,133,1,_
TP14,KPU1101,739,1,_
TP14,KPU1102,5046,1,_
TP14,KWA1101,452,1,_
TP14,KWA1102,453,1,_
TP14,LIV2201,631,1,_
TP14,LTN2201,371,1,_
TP14,LTN2202,372,1,_
TP14,MCH1101,504,1,_
TP14,MDN1101,25,1,_
TP14,MDN2201,26,1,_
TP14,MGM1101,455,1,_
TP14,MHO1101,375,1,_
TP14,MHO1102,376,1,_
TP14,MHT1102,422,1,_
TP14,MHT1103,423,1,_
TP14,MKT1101,314,1,_
TP14,MLG1101,459,1,_
TP14,MLG1102,458,1,_
TP14,MNI1101,329,1,_
TP14,MST1101,461,1,_
TP14,MTI2201,211,1,_
TP14,MTM1101,213,1,_
TP14,MTN1101,379,1,_
TP14,MTN1102,378,1,_
TP14,MTO1101,29,1,_
TP14,MTO1102,30,1,_
TP14,MTR1101,381,1,_
TP14,MVE1101,102,1,_
TP14,MVE1102,103,1,_
TP14,NGA1101,31,1,_
TP14,NMA2201,712,1,_
TP14,NPK1101,383,1,_
TP14,NPL1101,333,1,_
TP14,NPL2201,334,1,_
TP14,NSY2201,633,1,_
TP14,OAM1101,635,1,_
TP14,OAM1102,752,1,_
TP14,OHA2201,640,1,_
TP14,OHB2201,645,1,_
TP14,OHC2201,650,1,_
TP14,OHK2201,223,1,_
TP14,OHW2201,136,1,_
TP14,OHW2202,136,1,_
TP14,OKE1101,224,1,_
TP14,OKI2201,227,0.5,_
TP14,OKI2201,229,0.5,_
TP14,OKN1101,385,1,_
TP14,ONG1101,138,1,_
TP14,OPI2201,540,1,_
TP14,OPI2202,539,1,_
TP14,OPK1101,743,1,_
TP14,OPK1102,336,1,_
TP14,OTA1103,70,1,_
TP14,OTA1104,734,1,_
TP14,OTA1105,70,1,_
TP14,OTA1106,734,1,_
TP14,OTA1107,70,1,_
TP14,OTA1108,734,1,_
TP14,OTA1109,70,1,_
TP14,OTA110A,734,1,_
TP14,OTA2201,72,1,_
TP14,OTA2202,73,1,_
TP14,OTA2203,71,1,_
TP14,OTI0661,596,1,_
TP14,OWH1101,240,1,_
TP14,PAK2201,76,1,_
TP14,PEN0222,79,1,_
TP14,PEN2201,87,1,_
TP14,PIE1101,173,1,_
TP14,PNI1101,463,1,_
TP14,PNI1102,464,1,_
TP14,PRM2201,468,1,_
TP14,PRM2202,469,1,_
TP14,PRT2201,425,1,_
TP14,PRT2202,424,1,_
TP14,RDF1101,296,1,_
TP14,RDF1102,296,1,_
TP14,RDF2201,297,1,_
TP14,RFC1101,483,1,_
TP14,ROT1102,247,1,_
TP14,ROX1101,723,1,_
TP14,ROX2201,724,1,_
TP14,RPO2201,388,1,_
TP14,RTO1101,104,1,_
TP14,RTR1101,365,1,_
TP14,SDN2201,726,1,_
TP14,SFD1101,344,1,_
TP14,STK1101,515,1,_
TP14,STK2201,516,1,_
TP14,STU1101,654,1,_
TP14,SVL2201,33,1,_
TP14,SVL2202,34,1,_
TP14,TAK2201,92,1,_
TP14,TAK2202,93,1,_
TP14,TGA1101,252,1,_
TP14,TIM1101,557,1,_
TP14,TIM2201,559,1,_
TP14,TIM2202,558,1,_
TP14,TKA0111,560,1,_
TP14,TKA1101,562,1,_
TP14,TKB2201,657,1,_
TP14,TKH0501,257,1,_
TP14,TKR1101,471,1,_
TP14,TKU2201,396,1,_
TP14,TMH2201,727,1,_
TP14,TMI1101,259,1,_
TP14,TMK1101,5152,1,_
TP14,TMK1102,565,1,_
TP14,TMN2201,399,1,_
TP14,TMU1101,141,1,_
TP14,TNG2201,403,1,_
TP14,TRK1101,267,1,_
TP14,TRK1102,267,1,_
TP14,TRK2201,268,1,_
TP14,TWH2201,149,1,_
TP14,TWT2201,369,1,_
TP14,TWZ2201,659,1,_
TP14,TWZ2202,659,1,_
TP14,UHT1101,473,1,_
TP14,WAI0501,270,1,_
TP14,WAI1101,271,1,_
TP14,WDV1102,410,1,_
TP14,WEL1101,40,1,_
TP14,WEL1102,39,1,_
TP14,WGN1101,412,1,_
TP14,WHU1101,151,1,_
TP14,WIL1101,477,1,_
TP14,WIL2201,478,1,_
TP14,WIR1101,95,1,_
TP14,WIR1102,736,1,_
TP14,WKM2202,282,1,_
TP14,WKO1101,153,1,_
TP14,WMG1101,746,1,_
TP14,WMG1102,517,1,_
TP14,WPA2201,284,1,_
TP14,WPR2202,538,1,_
TP14,WPR2203,537,1,_
TP14,WPT1101,747,1,_
TP14,WPT1102,519,1,_
TP14,WPW1101,414,1,_
TP14,WPW1102,415,1,_
TP14,WRD2201,44,1,_
TP14,WRK2201,292,1,_
TP14,WTK1101,666,1,_
TP14,WTK1102,667,1,_
TP14,WTK2201,668,1,_
TP14,WTU2201,741,1,_
TP14,WTU2202,312,1,_
TP14,WVY1101,353,1,_
TP15,ARA2201_ARA0,160,0.333333333,_
TP15,ARA2201_ARA0,161,0.333333333,_
TP15,ARA2201_ARA0,162,0.333333333,_
TP15,ARG1101_BRR0,486,1,_
TP15,ARI1101_ARI0,100,0.25,_
TP15,ARI1101_ARI0,97,0.25,_
TP15,ARI1101_ARI0,98,0.25,_
TP15,ARI1101_ARI0,99,0.25,_
TP15,ARI1102_ARI0,96,1,_
TP15,ASB0661_HBK0,554,1,_
TP15,ATI2201_ATI0,164,1,_
TP15,AVI2201_AVI0,599,0.25,_
TP15,AVI2201_AVI0,600,0.25,_
TP15,AVI2201_AVI0,601,0.25,_
TP15,AVI2201_AVI0,602,0.25,_
TP15,BEN2202_BEN0,606,0.166666667,_
TP15,BEN2202_BEN0,607,0.166666667,_
TP15,BEN2202_BEN0,608,0.166666667,_
TP15,BEN2202_BEN0,609,0.166666667,_
TP15,BEN2202_BEN0,610,0.166666667,_
TP15,BEN2202_BEN0,611,0.166666667,_
TP15,BOB1101,46,1,_
TP15,BPE0331_TWF0,408,1,_
TP15,BWK1101_WPI0,731,1,_
TP15,COL0661_COL0,574,0.447368421,_
TP15,COL0661_COL0,750,0.552631579,_
TP15,CPK0331,418,1,_
TP15,CYD2201_CYD0,674,0.25,_
TP15,CYD2201_CYD0,675,0.25,_
TP15,CYD2201_CYD0,676,0.25,_
TP15,CYD2201_CYD0,677,0.25,_
TP15,GLN0332_GLN0,50,1,_
TP15,HAM0331,109,1,_
TP15,HIN0331,114,1,_
TP15,HLY2201_HLY1,119,1,_
TP15,HLY2201_HLY2,118,1,_
TP15,HLY2201_HLY5,120,1,_
TP15,HLY2201_HLY6,117,1,_
TP15,HWA1101_PTA1,337,1,_
TP15,HWA1101_PTA2,337,1,_
TP15,HWA1101_PTA3,337,1,_
TP15,HWA1102_WAA0,348,0.416909621,_
TP15,HWA1102_WAA0,350,0.583090379,_
TP15,HWA1102_WAA1,348,0.416909621,_
TP15,HWA1102_WAA1,350,0.583090379,_
TP15,HWB0331_MAH0,700,1,_
TP15,HWB0331_WPI0,730,1,_
TP15,ISL0331,525,1,_
TP15,KAW0111,179,1,_
TP15,KAW0112_ONU0,235,0.29467381,_
TP15,KAW0112_ONU0,236,0.204853451,_
TP15,KAW0112_ONU0,237,0.126063662,_
TP15,KAW0112_ONU0,238,0.374409077,_
TP15,KAW0113,178,1,_
TP15,KAW1101_KAG0,174,1,_
TP15,KIN0112_KIN0,125,1,_
TP15,KIN0331,127,1,_
TP15,KPA1101_KPI1,323,1,_
TP15,KPO1101_KPO0,130,0.333333333,_
TP15,KPO1101_KPO0,131,0.333333333,_
TP15,KPO1101_KPO0,132,0.333333333,_
TP15,KPU0661,134,1,_
TP15,KUM0661_KUM0,593,1,_
TP15,LTN0331_TWF0,407,1,_
TP15,MAN2201_MAN0,702,0.142857143,_
TP15,MAN2201_MAN0,703,0.142857143,_
TP15,MAN2201_MAN0,704,0.142857143,_
TP15,MAN2201_MAN0,705,0.142857143,_
TP15,MAN2201_MAN0,706,0.142857143,_
TP15,MAN2201_MAN0,707,0.142857143,_
TP15,MAN2201_MAN0,708,0.142857143,_
TP15,MAT1101_ANI0,154,0.5,_
TP15,MAT1101_ANI0,155,0.5,_
TP15,MAT1101_MAT0,195,0.5,_
TP15,MAT1101_MAT0,196,0.5,_
TP15,MHO0331_MHO0,373,1,_
TP15,MKE1101_MKE1,325,0.5,_
TP15,MKE1101_MKE1,326,0.5,_
TP15,MPE1101,27,1,_
TP15,MTI2201_MTI0,201,0.1,_
TP15,MTI2201_MTI0,202,0.1,_
TP15,MTI2201_MTI0,203,0.1,_
TP15,MTI2201_MTI0,204,0.1,_
TP15,MTI2201_MTI0,205,0.1,_
TP15,MTI2201_MTI0,206,0.1,_
TP15,MTI2201_MTI0,207,0.1,_
TP15,MTI2201_MTI0,208,0.1,_
TP15,MTI2201_MTI0,209,0.1,_
TP15,MTI2201_MTI0,210,0.1,_
TP15,NAP2201_NAP0,214,1,_
TP15,NAP2202_NTM0,216,0.5,_
TP15,NAP2202_NTM0,217,0.5,_
TP15,NMA0331_WHL0,729,1,_
TP15,NSY0331_PAE0,651,1,_
TP15,OHA2201_OHA0,636,0.25,_
TP15,OHA2201_OHA0,637,0.25,_
TP15,OHA2201_OHA0,638,0.25,_
TP15,OHA2201_OHA0,639,0.25,_
TP15,OHB2201_OHB0,641,0.25,_
TP15,OHB2201_OHB0,642,0.25,_
TP15,OHB2201_OHB0,643,0.25,_
TP15,OHB2201_OHB0,644,0.25,_
TP15,OHC2201_OHC0,646,0.25,_
TP15,OHC2201_OHC0,647,0.25,_
TP15,OHC2201_OHC0,648,0.25,_
TP15,OHC2201_OHC0,649,0.25,_
TP15,OHK2201_OHK0,219,0.25,_
TP15,OHK2201_OHK0,220,0.25,_
TP15,OHK2201_OHK0,221,0.25,_
TP15,OHK2201_OHK0,222,0.25,_
TP15,OKI2201_OKI0,228,0.099099099,_
TP15,OKI2201_OKI0,230,0.450450451,_
TP15,OKI2201_OKI0,231,0.450450451,_
TP15,PEN0331,81,1,_
TP15,PPI2201_PPI0,241,1,_
TP15,PRM0331,465,1,_
TP15,ROT1101_WHE0,272,1,_
TP15,ROX1101_ROX0,714,0.333333333,_
TP15,ROX1101_ROX0,715,0.333333333,_
TP15,ROX1101_ROX0,716,0.333333333,_
TP15,ROX2201_ROX0,717,0.2,_
TP15,ROX2201_ROX0,718,0.2,_
TP15,ROX2201_ROX0,719,0.2,_
TP15,ROX2201_ROX0,720,0.2,_
TP15,ROX2201_ROX0,721,0.2,_
TP15,RPO2201_RPO0,386,0.5,_
TP15,RPO2201_RPO0,387,0.5,_
TP15,SFD2201_SFD21,340,1,_
TP15,SFD2201_SFD22,341,1,_
TP15,SFD2201_SPL0,346,1,_
TP15,STK0661_COB0,491,1,_
TP15,TGA0331_KMI0,183,1,_
TP15,THI2201_THI1,253,1,_
TP15,THI2201_THI2,254,1,_
TP15,TKA0111_TKA1,560,1,_
TP15,TKB2201_TKB1,655,0.5,_
TP15,TKB2201_TKB1,656,0.5,_
TP15,TKU2201_TKU0,391,0.25,_
TP15,TKU2201_TKU0,392,0.25,_
TP15,TKU2201_TKU0,393,0.25,_
TP15,TKU2201_TKU0,394,0.25,_
TP15,TUI1101_KTW0,298,0.5,_
TP15,TUI1101_KTW0,299,0.5,_
TP15,TUI1101_PRI0,300,0.5,_
TP15,TUI1101_PRI0,301,0.5,_
TP15,TUI1101_TUI0,302,0.333333333,_
TP15,TUI1101_TUI0,303,0.333333333,_
TP15,TUI1101_TUI0,304,0.333333333,_
TP15,TWC2201_NZW0,404,1,_
TP15,TWC2201_TWF0,405,1,_
TP15,TWH0331_TRC1,142,1,_
TP15,TWH0331_TUK0,147,1,_
TP15,WDV1101_TAP0,389,1,_
TP15,WGN0331,411,1,_
TP15,WHI0111,306,1,_
TP15,WHI2201_WHI0,307,0.333333333,_
TP15,WHI2201_WHI0,308,0.333333333,_
TP15,WHI2201_WHI0,309,0.333333333,_
TP15,WHU0331,150,1,_
TP15,WIL0331_MCK0,482,1,_
TP15,WKM2201_MOK0,198,0.524257784,_
TP15,WKM2201_MOK0,199,0.475742216,_
TP15,WKM2201_WKM0,274,0.25,_
TP15,WKM2201_WKM0,275,0.25,_
TP15,WKM2201_WKM0,276,0.25,_
TP15,WKM2201_WKM0,277,0.25,_
TP15,WKO0331,152,1,_
TP15,WPA2201_WPA0,283,1,_
TP15,WRK0331_RKA0,740,1,_
TP15,WRK0331_TAA0,248,1,_
TP15,WRK2201_WRK0,285,0.340664962,_
TP15,WRK2201_WRK0,286,0.170332481,_
TP15,WRK2201_WRK0,287,0.19028133,_
TP15,WRK2201_WRK0,288,0.211764706,_
TP15,WRK2201_WRK0,289,0.086956522,_
TP15,WTK0111_WTK0,660,1,_
TP15,WWD1102_WWD0,479,1,_
TP15,WWD1103_WWD0,744,1,_
TP15,KAW0112_DLS0,176,1,_
TP15,KAW0113_DLS1,178,1,_
TP15,ABY0111,541,1,_
TP15,ALB0331,4,1,_
TP15,ALB1101,41,1,_
TP15,APS0111,569,1,_
TP15,ARG1101,487,1,_
TP15,ASB0331,543,1,_
TP15,ASB0661,544,1,_
TP15,ASY0111,520,0.5,_
TP15,ASY0111,748,0.5,_
TP15,ATU1101,488,1,_
TP15,BAL0331,669,1,_
TP15,BDE0111,671,1,_
TP15,BLN0331,489,1,_
TP15,BOB0331,45,1,_
TP15,BPD1101,618,1,_
TP15,BPE0331,357,1,_
TP15,BPE0551,358,0.5,_
TP15,BPE0551,359,0.5,_
TP15,BPT1101,619,1,_
TP15,BRB0331,8,1,_
TP15,BRK0331,315,1,_
TP15,BRY0661,549,1,_
TP15,BWK1101,673,1,_
TP15,CBG0111,105,1,_
TP15,CLH0111,572,1,_
TP15,CML0331,620,1,_
TP15,COL0111,575,1,_
TP15,COL0661,576,1,_
TP15,CPK0111,416,0.5,_
TP15,CPK0111,417,0.5,_
TP15,CST0331,317,1,_
TP15,CUL0331,493,1,_
TP15,CUL0661,494,1,_
TP15,CYD0331,678,1,_
TP15,CYD2201,679,1,_
TP15,DOB0331,579,1,_
TP15,DVK0111,366,1,_
TP15,EDG0331,168,1,_
TP15,EDN0331,680,1,_
TP15,FHL0331,293,1,_
TP15,FKN0331,628,1,_
TP15,GFD0331,426,1,_
TP15,GLN0331,733,1,_
TP15,GLN0332,51,1,_
TP15,GOR0331,682,1,_
TP15,GYM0661,585,1,_
TP15,GYT0331,429,1,_
TP15,HAM0111,108,1,_
TP15,HAM0551,110,1,_
TP15,HAM0551,5032,0,_
TP15,HAY0111,434,1,_
TP15,HAY0331,443,1,_
TP15,HEN0331,12,1,_
TP15,HEP0331,17,1,_
TP15,HKK0661,587,1,_
TP15,HLY0331,121,1,_
TP15,HOB1101,56,1,_
TP15,HOR0331,589,1,_
TP15,HOR0661,590,1,_
TP15,HTI0331,123,1,_
TP15,HUI0331,319,1,_
TP15,HWA0331,321,1,_
TP15,HWA0332,742,1,_
TP15,HWA1101,322,1,_
TP15,HWA1102,322,1,_
TP15,HWB0331,688,1,_
TP15,HWB0332,753,1,_
TP15,HWB1101,693,1,_
TP15,INV0331,696,1,_
TP15,ISL0661,526,1,_
TP15,KAI0111,531,1,_
TP15,KAW0112,176,1,_
TP15,KAW1101,181,1,_
TP15,KBY0661,591,1,_
TP15,KBY0662,591,1,_
TP15,KIK0111,745,1,_
TP15,KIN0111,126,1,_
TP15,KIN0112,125,1,_
TP15,KIN0113,738,1,_
TP15,KMO0331,187,1,_
TP15,KOE1101,20,1,_
TP15,KPA1101,324,1,_
TP15,KUM0661,593,1,_
TP15,KWA0111,451,1,_
TP15,LFD1101,192,1,_
TP15,LFD1102,192,1,_
TP15,LTN0331,370,1,_
TP15,MAN2201,701,1,_
TP15,MAT1101,156,0.909090909,_
TP15,MAT1101,197,0.090909091,_
TP15,MCH0111,503,1,_
TP15,MER0331,60,1,_
TP15,MGM0331,454,1,_
TP15,MHO0331,374,1,_
TP15,MKE1101,325,0.5,_
TP15,MKE1101,326,0.5,_
TP15,MLG0111,456,1,_
TP15,MLG0331,457,1,_
TP15,MNG0331,61,1,_
TP15,MNG1101,62,1,_
TP15,MNI0111,328,1,_
TP15,MST0331,460,1,_
TP15,MTM0331,212,1,_
TP15,MTN0331,377,1,_
TP15,MTO0331,28,1,_
TP15,MTR0331,380,1,_
TP15,NAP2201,214,1,_
TP15,NAP2202,215,1,_
TP15,NMA0331,711,1,_
TP15,NPK0331,382,1,_
TP15,NPL0331,331,1,_
TP15,NSY0331,632,1,_
TP15,OAM0331,634,1,_
TP15,OKN0111,384,1,_
TP15,ONG0331,137,1,_
TP15,OPK0331,335,1,_
TP15,ORO1101,507,1,_
TP15,ORO1102,508,1,_
TP15,OTA0221,66,1,_
TP15,OTI0111,595,1,_
TP15,OWH0111,239,1,_
TP15,PAK0331,75,1,_
TP15,PAO1101,139,1,_
TP15,PEN0221,79,1,_
TP15,PEN0251,80,1,_
TP15,PEN1101,56,0.190798081,_
TP15,PEN1101,58,0.645660707,_
TP15,PEN1101,88,0.163541212,_
TP15,PNI0331,462,1,_
TP15,PPI2201,241,0.5,_
TP15,PPI2201,242,0.5,_
TP15,RDF0331,295,1,_
TP15,RFN1101,506,1,_
TP15,RFN1102,505,1,_
TP15,ROS0221,89,1,_
TP15,ROS1101,90,1,_
TP15,ROT0111,245,1,_
TP15,ROT0331,246,1,_
TP15,ROT1101,247,1,_
TP15,SBK0331,533,1,_
TP15,SBK0661,534,1,_
TP15,SDN0331,725,1,_
TP15,SFD0331,342,1,_
TP15,SFD2201,345,1,_
TP15,STK0331,511,1,_
TP15,STK0661,512,1,_
TP15,STU0111,653,1,_
TP15,SVL0331,32,1,_
TP15,SWN0251,36,1,_
TP15,SWN2201,37,1,_
TP15,TAK0331,91,1,_
TP15,TGA0111,250,1,_
TP15,TGA0331,251,1,_
TP15,THI2201,255,1,_
TP15,TIM0111,556,1,_
TP15,TKA0331,561,1,_
TP15,TKH0111,256,1,_
TP15,TKR0331,470,1,_
TP15,TKU0331,395,1,_
TP15,TMI0331,258,1,_
TP15,TMK0331,563,1,_
TP15,TMN0551,397,0.5,_
TP15,TMN0551,398,0.5,_
TP15,TMU0111,140,1,_
TP15,TNG0111,400,1,_
TP15,TNG0551,401,0.5,_
TP15,TNG0551,402,0.5,_
TP15,TRK0111,260,1,_
TP15,TUI1101,305,1,_
TP15,TWC2201,406,1,_
TP15,TWH0331,143,0.253164557,_
TP15,TWH0331,148,0.746835443,_
TP15,TWI2201,728,1,_
TP15,TWZ0331,658,1,_
TP15,UHT0331,472,1,_
TP15,WAI0111,269,1,_
TP15,WDV0111,409,1,_
TP15,WDV1101,410,1,_
TP15,WEL0331,38,1,_
TP15,WHI2201,310,1,_
TP15,WIL0331,475,1,_
TP15,WIR0331,94,1,_
TP15,WKM2201,278,1,_
TP15,WPR0331,535,1,_
TP15,WPR0661,536,1,_
TP15,WPT0111,518,1,_
TP15,WPW0331,413,1,_
TP15,WRD0331,41,1,_
TP15,WRK0331,290,1,_
TP15,WTK0111,660,1,_
TP15,WTK0331,5159,1,_
TP15,WTU0331,311,1,_
TP15,WVY0111,352,1,_
TP15,WWD1102,481,1,_
TP15,WWD1103,480,1,_
TP15,ABY1101,542,1,_
TP15,ALB2201,7,1,_
TP15,APS0661,570,1,_
TP15,ARA2201,163,1,_
TP15,ARI1101,737,1,_
TP15,ARI1102,101,1,_
TP15,ASB2201,545,1,_
TP15,ASY0661,521,1,_
TP15,ATI2201,164,1,_
TP15,AVI2201,603,1,_
TP15,BAL1101,670,1,_
TP15,BDE1101,672,1,_
TP15,BEN2201,617,1,_
TP15,BEN2202,617,1,_
TP15,BEN3502,615,1,_
TP15,BEN3503,616,1,_
TP15,BHL2201,47,1,_
TP15,BHL2202,48,1,_
TP15,BLN1101,490,1,_
TP15,BPC1101,598,1,_
TP15,BPE1101,363,1,_
TP15,BPE2201,364,1,_
TP15,BRB2201,9,1,_
TP15,BRK2201,316,1,_
TP15,BRK2202,316,1,_
TP15,BRY2201,553,1,_
TP15,CBG1101,107,1,_
TP15,CBG1102,106,1,_
TP15,CLH0661,573,1,_
TP15,CML1101,625,1,_
TP15,CML1102,624,1,_
TP15,CML2201,627,1,_
TP15,CML2202,626,1,_
TP15,CPK1101,419,1,_
TP15,CPK1102,420,1,_
TP15,CPK1103,421,1,_
TP15,CST1101,318,1,_
TP15,CUL2202,495,1,_
TP15,CUL2203,496,1,_
TP15,DOB0661,580,1,_
TP15,DOB1101,584,1,_
TP15,DOB1102,583,1,_
TP15,DRY2201,49,1,_
TP15,DRY2202,49,1,_
TP15,DVK1101,367,1,_
TP15,DVK1102,368,1,_
TP15,EDG1101,171,1,_
TP15,EDG1102,171,1,_
TP15,EDG2201,172,1,_
TP15,EDN1101,681,1,_
TP15,FHL1101,294,1,_
TP15,FKN1101,630,1,_
TP15,FKN1102,629,1,_
TP15,GFD1101,428,1,_
TP15,GFD1102,427,1,_
TP15,GLN2201,53,1,_
TP15,GNY1101,597,1,_
TP15,GOR1101,683,1,_
TP15,GOR1102,683,1,_
TP15,GYT1101,430,1,_
TP15,GYT1102,431,1,_
TP15,HAM1101,112,1,_
TP15,HAM2201,113,1,_
TP15,HAY1101,447,1,_
TP15,HAY2201,450,1,_
TP15,HAY3502,449,1,_
TP15,HAY3503,448,1,_
TP15,HEN1101,15,1,_
TP15,HEN2201,16,1,_
TP15,HEP1101,18,1,_
TP15,HIN1101,115,1,_
TP15,HLY2201,116,1,_
TP15,HOB2201,57,1,_
TP15,HPI2201,19,1,_
TP15,HPI2202,19,1,_
TP15,HTI1101,124,1,_
TP15,HUI1101,320,1,_
TP15,HWA1001,322,1,_
TP15,HWB2201,694,1,_
TP15,IGH1101,497,1,_
TP15,INV1101,698,1,_
TP15,INV2201,699,1,_
TP15,INV2202,699,1,_
TP15,ISL2201,530,1,_
TP15,KAI0661,532,1,_
TP15,KAW2201,182,1,_
TP15,KBT0661,567,1,_
TP15,KBT0662,566,1,_
TP15,KIK1101,501,1,_
TP15,KIK2201,502,1,_
TP15,KIN1101,129,1,_
TP15,KIN1102,129,1,_
TP15,KMO1101,190,1,_
TP15,KMO1102,190,1,_
TP15,KMO1103,190,1,_
TP15,KMO2201,191,1,_
TP15,KPO1101,133,1,_
TP15,KPU1101,739,1,_
TP15,KPU1102,5046,1,_
TP15,KWA1101,452,1,_
TP15,KWA1102,453,1,_
TP15,LIV2201,631,1,_
TP15,LTN2201,371,1,_
TP15,LTN2202,372,1,_
TP15,MCH1101,504,1,_
TP15,MDN1101,25,1,_
TP15,MDN2201,26,1,_
TP15,MGM1101,455,1,_
TP15,MHO1101,375,1,_
TP15,MHO1102,376,1,_
TP15,MHT1102,422,1,_
TP15,MHT1103,423,1,_
TP15,MKT1101,314,1,_
TP15,MLG1101,459,1,_
TP15,MLG1102,458,1,_
TP15,MNI1101,329,1,_
TP15,MST1101,461,1,_
TP15,MTI2201,211,1,_
TP15,MTM1101,213,1,_
TP15,MTN1101,379,1,_
TP15,MTN1102,378,1,_
TP15,MTO1101,29,1,_
TP15,MTO1102,30,1,_
TP15,MTR1101,381,1,_
TP15,MVE1101,102,1,_
TP15,MVE1102,103,1,_
TP15,NGA1101,31,1,_
TP15,NMA2201,712,1,_
TP15,NPK1101,383,1,_
TP15,NPL1101,333,1,_
TP15,NPL2201,334,1,_
TP15,NSY2201,633,1,_
TP15,OAM1101,635,1,_
TP15,OAM1102,752,1,_
TP15,OHA2201,640,1,_
TP15,OHB2201,645,1,_
TP15,OHC2201,650,1,_
TP15,OHK2201,223,1,_
TP15,OHW2201,136,1,_
TP15,OHW2202,136,1,_
TP15,OKE1101,224,1,_
TP15,OKI2201,227,0.5,_
TP15,OKI2201,229,0.5,_
TP15,OKN1101,385,1,_
TP15,ONG1101,138,1,_
TP15,OPI2201,540,1,_
TP15,OPI2202,539,1,_
TP15,OPK1101,743,1,_
TP15,OPK1102,336,1,_
TP15,OTA1103,70,1,_
TP15,OTA1104,734,1,_
TP15,OTA1105,70,1,_
TP15,OTA1106,734,1,_
TP15,OTA1107,70,1,_
TP15,OTA1108,734,1,_
TP15,OTA1109,70,1,_
TP15,OTA110A,734,1,_
TP15,OTA2201,72,1,_
TP15,OTA2202,73,1,_
TP15,OTA2203,71,1,_
TP15,OTI0661,596,1,_
TP15,OWH1101,240,1,_
TP15,PAK2201,76,1,_
TP15,PEN0222,79,1,_
TP15,PEN2201,87,1,_
TP15,PIE1101,173,1,_
TP15,PNI1101,463,1,_
TP15,PNI1102,464,1,_
TP15,PRM2201,468,1,_
TP15,PRM2202,469,1,_
TP15,PRT2201,425,1,_
TP15,PRT2202,424,1,_
TP15,RDF1101,296,1,_
TP15,RDF1102,296,1,_
TP15,RDF2201,297,1,_
TP15,RFC1101,483,1,_
TP15,ROT1102,247,1,_
TP15,ROX1101,723,1,_
TP15,ROX2201,724,1,_
TP15,RPO2201,388,1,_
TP15,RTO1101,104,1,_
TP15,RTR1101,365,1,_
TP15,SDN2201,726,1,_
TP15,SFD1101,344,1,_
TP15,STK1101,515,1,_
TP15,STK2201,516,1,_
TP15,STU1101,654,1,_
TP15,SVL2201,33,1,_
TP15,SVL2202,34,1,_
TP15,TAK2201,92,1,_
TP15,TAK2202,93,1,_
TP15,TGA1101,252,1,_
TP15,TIM1101,557,1,_
TP15,TIM2201,559,1,_
TP15,TIM2202,558,1,_
TP15,TKA0111,560,1,_
TP15,TKA1101,562,1,_
TP15,TKB2201,657,1,_
TP15,TKH0501,257,1,_
TP15,TKR1101,471,1,_
TP15,TKU2201,396,1,_
TP15,TMH2201,727,1,_
TP15,TMI1101,259,1,_
TP15,TMK1101,5152,1,_
TP15,TMK1102,565,1,_
TP15,TMN2201,399,1,_
TP15,TMU1101,141,1,_
TP15,TNG2201,403,1,_
TP15,TRK1101,267,1,_
TP15,TRK1102,267,1,_
TP15,TRK2201,268,1,_
TP15,TWH2201,149,1,_
TP15,TWT2201,369,1,_
TP15,TWZ2201,659,1,_
TP15,TWZ2202,659,1,_
TP15,UHT1101,473,1,_
TP15,WAI0501,270,1,_
TP15,WAI1101,271,1,_
TP15,WDV1102,410,1,_
TP15,WEL1101,40,1,_
TP15,WEL1102,39,1,_
TP15,WGN1101,412,1,_
TP15,WHU1101,151,1,_
TP15,WIL1101,477,1,_
TP15,WIL2201,478,1,_
TP15,WIR1101,95,1,_
TP15,WIR1102,736,1,_
TP15,WKM2202,282,1,_
TP15,WKO1101,153,1,_
TP15,WMG1101,746,1,_
TP15,WMG1102,517,1,_
TP15,WPA2201,284,1,_
TP15,WPR2202,538,1,_
TP15,WPR2203,537,1,_
TP15,WPT1101,747,1,_
TP15,WPT1102,519,1,_
TP15,WPW1101,414,1,_
TP15,WPW1102,415,1,_
TP15,WRD2201,44,1,_
TP15,WRK2201,292,1,_
TP15,WTK1101,666,1,_
TP15,WTK1102,667,1,_
TP15,WTK2201,668,1,_
TP15,WTU2201,741,1,_
TP15,WTU2202,312,1,_
TP15,WVY1101,353,1,_
TP16,ARA2201_ARA0,160,0.333333333,_
TP16,ARA2201_ARA0,161,0.333333333,_
TP16,ARA2201_ARA0,162,0.333333333,_
TP16,ARG1101_BRR0,486,1,_
TP16,ARI1101_ARI0,100,0.25,_
TP16,ARI1101_ARI0,97,0.25,_
TP16,ARI1101_ARI0,98,0.25,_
TP16,ARI1101_ARI0,99,0.25,_
TP16,ARI1102_ARI0,96,1,_
TP16,ASB0661_HBK0,554,1,_
TP16,ATI2201_ATI0,164,1,_
TP16,AVI2201_AVI0,599,0.25,_
TP16,AVI2201_AVI0,600,0.25,_
TP16,AVI2201_AVI0,601,0.25,_
TP16,AVI2201_AVI0,602,0.25,_
TP16,BEN2202_BEN0,606,0.166666667,_
TP16,BEN2202_BEN0,607,0.166666667,_
TP16,BEN2202_BEN0,608,0.166666667,_
TP16,BEN2202_BEN0,609,0.166666667,_
TP16,BEN2202_BEN0,610,0.166666667,_
TP16,BEN2202_BEN0,611,0.166666667,_
TP16,BOB1101,46,1,_
TP16,BPE0331_TWF0,408,1,_
TP16,BWK1101_WPI0,731,1,_
TP16,COL0661_COL0,574,0.447368421,_
TP16,COL0661_COL0,750,0.552631579,_
TP16,CPK0331,418,1,_
TP16,CYD2201_CYD0,674,0.25,_
TP16,CYD2201_CYD0,675,0.25,_
TP16,CYD2201_CYD0,676,0.25,_
TP16,CYD2201_CYD0,677,0.25,_
TP16,GLN0332_GLN0,50,1,_
TP16,HAM0331,109,1,_
TP16,HIN0331,114,1,_
TP16,HLY2201_HLY1,119,1,_
TP16,HLY2201_HLY2,118,1,_
TP16,HLY2201_HLY5,120,1,_
TP16,HLY2201_HLY6,117,1,_
TP16,HWA1101_PTA1,337,1,_
TP16,HWA1101_PTA2,337,1,_
TP16,HWA1101_PTA3,337,1,_
TP16,HWA1102_WAA0,348,0.416909621,_
TP16,HWA1102_WAA0,350,0.583090379,_
TP16,HWA1102_WAA1,348,0.416909621,_
TP16,HWA1102_WAA1,350,0.583090379,_
TP16,HWB0331_MAH0,700,1,_
TP16,HWB0331_WPI0,730,1,_
TP16,ISL0331,525,1,_
TP16,KAW0111,179,1,_
TP16,KAW0112_ONU0,235,0.29467381,_
TP16,KAW0112_ONU0,236,0.204853451,_
TP16,KAW0112_ONU0,237,0.126063662,_
TP16,KAW0112_ONU0,238,0.374409077,_
TP16,KAW0113,178,1,_
TP16,KAW1101_KAG0,174,1,_
TP16,KIN0112_KIN0,125,1,_
TP16,KIN0331,127,1,_
TP16,KPA1101_KPI1,323,1,_
TP16,KPO1101_KPO0,130,0.333333333,_
TP16,KPO1101_KPO0,131,0.333333333,_
TP16,KPO1101_KPO0,132,0.333333333,_
TP16,KPU0661,134,1,_
TP16,KUM0661_KUM0,593,1,_
TP16,LTN0331_TWF0,407,1,_
TP16,MAN2201_MAN0,702,0.142857143,_
TP16,MAN2201_MAN0,703,0.142857143,_
TP16,MAN2201_MAN0,704,0.142857143,_
TP16,MAN2201_MAN0,705,0.142857143,_
TP16,MAN2201_MAN0,706,0.142857143,_
TP16,MAN2201_MAN0,707,0.142857143,_
TP16,MAN2201_MAN0,708,0.142857143,_
TP16,MAT1101_ANI0,154,0.5,_
TP16,MAT1101_ANI0,155,0.5,_
TP16,MAT1101_MAT0,195,0.5,_
TP16,MAT1101_MAT0,196,0.5,_
TP16,MHO0331_MHO0,373,1,_
TP16,MKE1101_MKE1,325,0.5,_
TP16,MKE1101_MKE1,326,0.5,_
TP16,MPE1101,27,1,_
TP16,MTI2201_MTI0,201,0.1,_
TP16,MTI2201_MTI0,202,0.1,_
TP16,MTI2201_MTI0,203,0.1,_
TP16,MTI2201_MTI0,204,0.1,_
TP16,MTI2201_MTI0,205,0.1,_
TP16,MTI2201_MTI0,206,0.1,_
TP16,MTI2201_MTI0,207,0.1,_
TP16,MTI2201_MTI0,208,0.1,_
TP16,MTI2201_MTI0,209,0.1,_
TP16,MTI2201_MTI0,210,0.1,_
TP16,NAP2201_NAP0,214,1,_
TP16,NAP2202_NTM0,216,0.5,_
TP16,NAP2202_NTM0,217,0.5,_
TP16,NMA0331_WHL0,729,1,_
TP16,NSY0331_PAE0,651,1,_
TP16,OHA2201_OHA0,636,0.25,_
TP16,OHA2201_OHA0,637,0.25,_
TP16,OHA2201_OHA0,638,0.25,_
TP16,OHA2201_OHA0,639,0.25,_
TP16,OHB2201_OHB0,641,0.25,_
TP16,OHB2201_OHB0,642,0.25,_
TP16,OHB2201_OHB0,643,0.25,_
TP16,OHB2201_OHB0,644,0.25,_
TP16,OHC2201_OHC0,646,0.25,_
TP16,OHC2201_OHC0,647,0.25,_
TP16,OHC2201_OHC0,648,0.25,_
TP16,OHC2201_OHC0,649,0.25,_
TP16,OHK2201_OHK0,219,0.25,_
TP16,OHK2201_OHK0,220,0.25,_
TP16,OHK2201_OHK0,221,0.25,_
TP16,OHK2201_OHK0,222,0.25,_
TP16,OKI2201_OKI0,228,0.099099099,_
TP16,OKI2201_OKI0,230,0.450450451,_
TP16,OKI2201_OKI0,231,0.450450451,_
TP16,PEN0331,81,1,_
TP16,PPI2201_PPI0,241,1,_
TP16,PRM0331,465,1,_
TP16,ROT1101_WHE0,272,1,_
TP16,ROX1101_ROX0,714,0.333333333,_
TP16,ROX1101_ROX0,715,0.333333333,_
TP16,ROX1101_ROX0,716,0.333333333,_
TP16,ROX2201_ROX0,717,0.2,_
TP16,ROX2201_ROX0,718,0.2,_
TP16,ROX2201_ROX0,719,0.2,_
TP16,ROX2201_ROX0,720,0.2,_
TP16,ROX2201_ROX0,721,0.2,_
TP16,RPO2201_RPO0,386,0.5,_
TP16,RPO2201_RPO0,387,0.5,_
TP16,SFD2201_SFD21,340,1,_
TP16,SFD2201_SFD22,341,1,_
TP16,SFD2201_SPL0,346,1,_
TP16,STK0661_COB0,491,1,_
TP16,TGA0331_KMI0,183,1,_
TP16,THI2201_THI1,253,1,_
TP16,THI2201_THI2,254,1,_
TP16,TKA0111_TKA1,560,1,_
TP16,TKB2201_TKB1,655,0.5,_
TP16,TKB2201_TKB1,656,0.5,_
TP16,TKU2201_TKU0,391,0.25,_
TP16,TKU2201_TKU0,392,0.25,_
TP16,TKU2201_TKU0,393,0.25,_
TP16,TKU2201_TKU0,394,0.25,_
TP16,TUI1101_KTW0,298,0.5,_
TP16,TUI1101_KTW0,299,0.5,_
TP16,TUI1101_PRI0,300,0.5,_
TP16,TUI1101_PRI0,301,0.5,_
TP16,TUI1101_TUI0,302,0.333333333,_
TP16,TUI1101_TUI0,303,0.333333333,_
TP16,TUI1101_TUI0,304,0.333333333,_
TP16,TWC2201_NZW0,404,1,_
TP16,TWC2201_TWF0,405,1,_
TP16,TWH0331_TRC1,142,1,_
TP16,TWH0331_TUK0,147,1,_
TP16,WDV1101_TAP0,389,1,_
TP16,WGN0331,411,1,_
TP16,WHI0111,306,1,_
TP16,WHI2201_WHI0,307,0.333333333,_
TP16,WHI2201_WHI0,308,0.333333333,_
TP16,WHI2201_WHI0,309,0.333333333,_
TP16,WHU0331,150,1,_
TP16,WIL0331_MCK0,482,1,_
TP16,WKM2201_MOK0,198,0.524257784,_
TP16,WKM2201_MOK0,199,0.475742216,_
TP16,WKM2201_WKM0,274,0.25,_
TP16,WKM2201_WKM0,275,0.25,_
TP16,WKM2201_WKM0,276,0.25,_
TP16,WKM2201_WKM0,277,0.25,_
TP16,WKO0331,152,1,_
TP16,WPA2201_WPA0,283,1,_
TP16,WRK0331_RKA0,740,1,_
TP16,WRK0331_TAA0,248,1,_
TP16,WRK2201_WRK0,285,0.340664962,_
TP16,WRK2201_WRK0,286,0.170332481,_
TP16,WRK2201_WRK0,287,0.19028133,_
TP16,WRK2201_WRK0,288,0.211764706,_
TP16,WRK2201_WRK0,289,0.086956522,_
TP16,WTK0111_WTK0,660,1,_
TP16,WWD1102_WWD0,479,1,_
TP16,WWD1103_WWD0,744,1,_
TP16,KAW0112_DLS0,176,1,_
TP16,KAW0113_DLS1,178,1,_
TP16,ABY0111,541,1,_
TP16,ALB0331,4,1,_
TP16,ALB1101,41,1,_
TP16,APS0111,569,1,_
TP16,ARG1101,487,1,_
TP16,ASB0331,543,1,_
TP16,ASB0661,544,1,_
TP16,ASY0111,520,0.5,_
TP16,ASY0111,748,0.5,_
TP16,ATU1101,488,1,_
TP16,BAL0331,669,1,_
TP16,BDE0111,671,1,_
TP16,BLN0331,489,1,_
TP16,BOB0331,45,1,_
TP16,BPD1101,618,1,_
TP16,BPE0331,357,1,_
TP16,BPE0551,358,0.5,_
TP16,BPE0551,359,0.5,_
TP16,BPT1101,619,1,_
TP16,BRB0331,8,1,_
TP16,BRK0331,315,1,_
TP16,BRY0661,549,1,_
TP16,BWK1101,673,1,_
TP16,CBG0111,105,1,_
TP16,CLH0111,572,1,_
TP16,CML0331,620,1,_
TP16,COL0111,575,1,_
TP16,COL0661,576,1,_
TP16,CPK0111,416,0.5,_
TP16,CPK0111,417,0.5,_
TP16,CST0331,317,1,_
TP16,CUL0331,493,1,_
TP16,CUL0661,494,1,_
TP16,CYD0331,678,1,_
TP16,CYD2201,679,1,_
TP16,DOB0331,579,1,_
TP16,DVK0111,366,1,_
TP16,EDG0331,168,1,_
TP16,EDN0331,680,1,_
TP16,FHL0331,293,1,_
TP16,FKN0331,628,1,_
TP16,GFD0331,426,1,_
TP16,GLN0331,733,1,_
TP16,GLN0332,51,1,_
TP16,GOR0331,682,1,_
TP16,GYM0661,585,1,_
TP16,GYT0331,429,1,_
TP16,HAM0111,108,1,_
TP16,HAM0551,110,1,_
TP16,HAM0551,5032,0,_
TP16,HAY0111,434,1,_
TP16,HAY0331,443,1,_
TP16,HEN0331,12,1,_
TP16,HEP0331,17,1,_
TP16,HKK0661,587,1,_
TP16,HLY0331,121,1,_
TP16,HOB1101,56,1,_
TP16,HOR0331,589,1,_
TP16,HOR0661,590,1,_
TP16,HTI0331,123,1,_
TP16,HUI0331,319,1,_
TP16,HWA0331,321,1,_
TP16,HWA0332,742,1,_
TP16,HWA1101,322,1,_
TP16,HWA1102,322,1,_
TP16,HWB0331,688,1,_
TP16,HWB0332,753,1,_
TP16,HWB1101,693,1,_
TP16,INV0331,696,1,_
TP16,ISL0661,526,1,_
TP16,KAI0111,531,1,_
TP16,KAW0112,176,1,_
TP16,KAW1101,181,1,_
TP16,KBY0661,591,1,_
TP16,KBY0662,591,1,_
TP16,KIK0111,745,1,_
TP16,KIN0111,126,1,_
TP16,KIN0112,125,1,_
TP16,KIN0113,738,1,_
TP16,KMO0331,187,1,_
TP16,KOE1101,20,1,_
TP16,KPA1101,324,1,_
TP16,KUM0661,593,1,_
TP16,KWA0111,451,1,_
TP16,LFD1101,192,1,_
TP16,LFD1102,192,1,_
TP16,LTN0331,370,1,_
TP16,MAN2201,701,1,_
TP16,MAT1101,156,0.909090909,_
TP16,MAT1101,197,0.090909091,_
TP16,MCH0111,503,1,_
TP16,MER0331,60,1,_
TP16,MGM0331,454,1,_
TP16,MHO0331,374,1,_
TP16,MKE1101,325,0.5,_
TP16,MKE1101,326,0.5,_
TP16,MLG0111,456,1,_
TP16,MLG0331,457,1,_
TP16,MNG0331,61,1,_
TP16,MNG1101,62,1,_
TP16,MNI0111,328,1,_
TP16,MST0331,460,1,_
TP16,MTM0331,212,1,_
TP16,MTN0331,377,1,_
TP16,MTO0331,28,1,_
TP16,MTR0331,380,1,_
TP16,NAP2201,214,1,_
TP16,NAP2202,215,1,_
TP16,NMA0331,711,1,_
TP16,NPK0331,382,1,_
TP16,NPL0331,331,1,_
TP16,NSY0331,632,1,_
TP16,OAM0331,634,1,_
TP16,OKN0111,384,1,_
TP16,ONG0331,137,1,_
TP16,OPK0331,335,1,_
TP16,ORO1101,507,1,_
TP16,ORO1102,508,1,_
TP16,OTA0221,66,1,_
TP16,OTI0111,595,1,_
TP16,OWH0111,239,1,_
TP16,PAK0331,75,1,_
TP16,PAO1101,139,1,_
TP16,PEN0221,79,1,_
TP16,PEN0251,80,1,_
TP16,PEN1101,56,0.190798081,_
TP16,PEN1101,58,0.645660707,_
TP16,PEN1101,88,0.163541212,_
TP16,PNI0331,462,1,_
TP16,PPI2201,241,0.5,_
TP16,PPI2201,242,0.5,_
TP16,RDF0331,295,1,_
TP16,RFN1101,506,1,_
TP16,RFN1102,505,1,_
TP16,ROS0221,89,1,_
TP16,ROS1101,90,1,_
TP16,ROT0111,245,1,_
TP16,ROT0331,246,1,_
TP16,ROT1101,247,1,_
TP16,SBK0331,533,1,_
TP16,SBK0661,534,1,_
TP16,SDN0331,725,1,_
TP16,SFD0331,342,1,_
TP16,SFD2201,345,1,_
TP16,STK0331,511,1,_
TP16,STK0661,512,1,_
TP16,STU0111,653,1,_
TP16,SVL0331,32,1,_
TP16,SWN0251,36,1,_
TP16,SWN2201,37,1,_
TP16,TAK0331,91,1,_
TP16,TGA0111,250,1,_
TP16,TGA0331,251,1,_
TP16,THI2201,255,1,_
TP16,TIM0111,556,1,_
TP16,TKA0331,561,1,_
TP16,TKH0111,256,1,_
TP16,TKR0331,470,1,_
TP16,TKU0331,395,1,_
TP16,TMI0331,258,1,_
TP16,TMK0331,563,1,_
TP16,TMN0551,397,0.5,_
TP16,TMN0551,398,0.5,_
TP16,TMU0111,140,1,_
TP16,TNG0111,400,1,_
TP16,TNG0551,401,0.5,_
TP16,TNG0551,402,0.5,_
TP16,TRK0111,260,1,_
TP16,TUI1101,305,1,_
TP16,TWC2201,406,1,_
TP16,TWH0331,143,0.253164557,_
TP16,TWH0331,148,0.746835443,_
TP16,TWI2201,728,1,_
TP16,TWZ0331,658,1,_
TP16,UHT0331,472,1,_
TP16,WAI0111,269,1,_
TP16,WDV0111,409,1,_
TP16,WDV1101,410,1,_
TP16,WEL0331,38,1,_
TP16,WHI2201,310,1,_
TP16,WIL0331,475,1,_
TP16,WIR0331,94,1,_
TP16,WKM2201,278,1,_
TP16,WPR0331,535,1,_
TP16,WPR0661,536,1,_
TP16,WPT0111,518,1,_
TP16,WPW0331,413,1,_
TP16,WRD0331,41,1,_
TP16,WRK0331,290,1,_
TP16,WTK0111,660,1,_
TP16,WTK0331,5157,1,_
TP16,WTU0331,311,1,_
TP16,WVY0111,352,1,_
TP16,WWD1102,481,1,_
TP16,WWD1103,480,1,_
TP16,ABY1101,542,1,_
TP16,ALB2201,7,1,_
TP16,APS0661,570,1,_
TP16,ARA2201,163,1,_
TP16,ARI1101,737,1,_
TP16,ARI1102,101,1,_
TP16,ASB2201,545,1,_
TP16,ASY0661,521,1,_
TP16,ATI2201,164,1,_
TP16,AVI2201,603,1,_
TP16,BAL1101,670,1,_
TP16,BDE1101,672,1,_
TP16,BEN2201,617,1,_
TP16,BEN2202,617,1,_
TP16,BEN3502,615,1,_
TP16,BEN3503,616,1,_
TP16,BHL2201,47,1,_
TP16,BHL2202,48,1,_
TP16,BLN1101,490,1,_
TP16,BPC1101,598,1,_
TP16,BPE1101,363,1,_
TP16,BPE2201,364,1,_
TP16,BRB2201,9,1,_
TP16,BRK2201,316,1,_
TP16,BRK2202,316,1,_
TP16,BRY2201,553,1,_
TP16,CBG1101,107,1,_
TP16,CBG1102,106,1,_
TP16,CLH0661,573,1,_
TP16,CML1101,625,1,_
TP16,CML1102,624,1,_
TP16,CML2201,627,1,_
TP16,CML2202,626,1,_
TP16,CPK1101,419,1,_
TP16,CPK1102,420,1,_
TP16,CPK1103,421,1,_
TP16,CST1101,318,1,_
TP16,CUL2202,495,1,_
TP16,CUL2203,496,1,_
TP16,DOB0661,580,1,_
TP16,DOB1101,584,1,_
TP16,DOB1102,583,1,_
TP16,DRY2201,49,1,_
TP16,DRY2202,49,1,_
TP16,DVK1101,367,1,_
TP16,DVK1102,368,1,_
TP16,EDG1101,171,1,_
TP16,EDG1102,171,1,_
TP16,EDG2201,172,1,_
TP16,EDN1101,681,1,_
TP16,FHL1101,294,1,_
TP16,FKN1101,630,1,_
TP16,FKN1102,629,1,_
TP16,GFD1101,428,1,_
TP16,GFD1102,427,1,_
TP16,GLN2201,53,1,_
TP16,GNY1101,597,1,_
TP16,GOR1101,683,1,_
TP16,GOR1102,683,1,_
TP16,GYT1101,430,1,_
TP16,GYT1102,431,1,_
TP16,HAM1101,112,1,_
TP16,HAM2201,113,1,_
TP16,HAY1101,447,1,_
TP16,HAY2201,450,1,_
TP16,HAY3502,449,1,_
TP16,HAY3503,448,1,_
TP16,HEN1101,15,1,_
TP16,HEN2201,16,1,_
TP16,HEP1101,18,1,_
TP16,HIN1101,115,1,_
TP16,HLY2201,116,1,_
TP16,HOB2201,57,1,_
TP16,HPI2201,19,1,_
TP16,HPI2202,19,1,_
TP16,HTI1101,124,1,_
TP16,HUI1101,320,1,_
TP16,HWA1001,322,1,_
TP16,HWB2201,694,1,_
TP16,IGH1101,497,1,_
TP16,INV1101,698,1,_
TP16,INV2201,699,1,_
TP16,INV2202,699,1,_
TP16,ISL2201,530,1,_
TP16,KAI0661,532,1,_
TP16,KAW2201,182,1,_
TP16,KBT0661,567,1,_
TP16,KBT0662,566,1,_
TP16,KIK1101,501,1,_
TP16,KIK2201,502,1,_
TP16,KIN1101,129,1,_
TP16,KIN1102,129,1,_
TP16,KMO1101,190,1,_
TP16,KMO1102,190,1,_
TP16,KMO1103,190,1,_
TP16,KMO2201,191,1,_
TP16,KPO1101,133,1,_
TP16,KPU1101,739,1,_
TP16,KPU1102,5046,1,_
TP16,KWA1101,452,1,_
TP16,KWA1102,453,1,_
TP16,LIV2201,631,1,_
TP16,LTN2201,371,1,_
TP16,LTN2202,372,1,_
TP16,MCH1101,504,1,_
TP16,MDN1101,25,1,_
TP16,MDN2201,26,1,_
TP16,MGM1101,455,1,_
TP16,MHO1101,375,1,_
TP16,MHO1102,376,1,_
TP16,MHT1102,422,1,_
TP16,MHT1103,423,1,_
TP16,MKT1101,314,1,_
TP16,MLG1101,459,1,_
TP16,MLG1102,458,1,_
TP16,MNI1101,329,1,_
TP16,MST1101,461,1,_
TP16,MTI2201,211,1,_
TP16,MTM1101,213,1,_
TP16,MTN1101,379,1,_
TP16,MTN1102,378,1,_
TP16,MTO1101,29,1,_
TP16,MTO1102,30,1,_
TP16,MTR1101,381,1,_
TP16,MVE1101,102,1,_
TP16,MVE1102,103,1,_
TP16,NGA1101,31,1,_
TP16,NMA2201,712,1,_
TP16,NPK1101,383,1,_
TP16,NPL1101,333,1,_
TP16,NPL2201,334,1,_
TP16,NSY2201,633,1,_
TP16,OAM1101,635,1,_
TP16,OAM1102,752,1,_
TP16,OHA2201,640,1,_
TP16,OHB2201,645,1,_
TP16,OHC2201,650,1,_
TP16,OHK2201,223,1,_
TP16,OHW2201,136,1,_
TP16,OHW2202,136,1,_
TP16,OKE1101,224,1,_
TP16,OKI2201,227,0.5,_
TP16,OKI2201,229,0.5,_
TP16,OKN1101,385,1,_
TP16,ONG1101,138,1,_
TP16,OPI2201,540,1,_
TP16,OPI2202,539,1,_
TP16,OPK1101,743,1,_
TP16,OPK1102,336,1,_
TP16,OTA1103,70,1,_
TP16,OTA1104,734,1,_
TP16,OTA1105,70,1,_
TP16,OTA1106,734,1,_
TP16,OTA1107,70,1,_
TP16,OTA1108,734,1,_
TP16,OTA1109,70,1,_
TP16,OTA110A,734,1,_
TP16,OTA2201,72,1,_
TP16,OTA2202,73,1,_
TP16,OTA2203,71,1,_
TP16,OTI0661,596,1,_
TP16,OWH1101,240,1,_
TP16,PAK2201,76,1,_
TP16,PEN0222,79,1,_
TP16,PEN2201,87,1,_
TP16,PIE1101,173,1,_
TP16,PNI1101,463,1,_
TP16,PNI1102,464,1,_
TP16,PRM2201,468,1,_
TP16,PRM2202,469,1,_
TP16,PRT2201,425,1,_
TP16,PRT2202,424,1,_
TP16,RDF1101,296,1,_
TP16,RDF1102,296,1,_
TP16,RDF2201,297,1,_
TP16,RFC1101,483,1,_
TP16,ROT1102,247,1,_
TP16,ROX1101,723,1,_
TP16,ROX2201,724,1,_
TP16,RPO2201,388,1,_
TP16,RTO1101,104,1,_
TP16,RTR1101,365,1,_
TP16,SDN2201,726,1,_
TP16,SFD1101,344,1,_
TP16,STK1101,515,1,_
TP16,STK2201,516,1,_
TP16,STU1101,654,1,_
TP16,SVL2201,33,1,_
TP16,SVL2202,34,1,_
TP16,TAK2201,92,1,_
TP16,TAK2202,93,1,_
TP16,TGA1101,252,1,_
TP16,TIM1101,557,1,_
TP16,TIM2201,559,1,_
TP16,TIM2202,558,1,_
TP16,TKA0111,560,1,_
TP16,TKA1101,562,1,_
TP16,TKB2201,657,1,_
TP16,TKH0501,257,1,_
TP16,TKR1101,471,1,_
TP16,TKU2201,396,1,_
TP16,TMH2201,727,1,_
TP16,TMI1101,259,1,_
TP16,TMK1101,5150,1,_
TP16,TMK1102,565,1,_
TP16,TMN2201,399,1,_
TP16,TMU1101,141,1,_
TP16,TNG2201,403,1,_
TP16,TRK1101,267,1,_
TP16,TRK1102,267,1,_
TP16,TRK2201,268,1,_
TP16,TWH2201,149,1,_
TP16,TWT2201,369,1,_
TP16,TWZ2201,659,1,_
TP16,TWZ2202,659,1,_
TP16,UHT1101,473,1,_
TP16,WAI0501,270,1,_
TP16,WAI1101,271,1,_
TP16,WDV1102,410,1,_
TP16,WEL1101,40,1,_
TP16,WEL1102,39,1,_
TP16,WGN1101,412,1,_
TP16,WHU1101,151,1,_
TP16,WIL1101,477,1,_
TP16,WIL2201,478,1,_
TP16,WIR1101,95,1,_
TP16,WIR1102,736,1,_
TP16,WKM2202,282,1,_
TP16,WKO1101,153,1,_
TP16,WMG1101,746,1,_
TP16,WMG1102,517,1,_
TP16,WPA2201,284,1,_
TP16,WPR2202,538,1,_
TP16,WPR2203,537,1,_
TP16,WPT1101,747,1,_
TP16,WPT1102,519,1,_
TP16,WPW1101,414,1,_
TP16,WPW1102,415,1,_
TP16,WRD2201,44,1,_
TP16,WRK2201,292,1,_
TP16,WTK1101,666,1,_
TP16,WTK1102,667,1,_
TP16,WTK2201,668,1,_
TP16,WTU2201,741,1,_
TP16,WTU2202,312,1,_
TP16,WVY1101,353,1,_
TP17,ARA2201_ARA0,160,0.333333333,_
TP17,ARA2201_ARA0,161,0.333333333,_
TP17,ARA2201_ARA0,162,0.333333333,_
TP17,ARG1101_BRR0,486,1,_
TP17,ARI1101_ARI0,100,0.25,_
TP17,ARI1101_ARI0,97,0.25,_
TP17,ARI1101_ARI0,98,0.25,_
TP17,ARI1101_ARI0,99,0.25,_
TP17,ARI1102_ARI0,96,1,_
TP17,ASB0661_HBK0,554,1,_
TP17,ATI2201_ATI0,164,1,_
TP17,AVI2201_AVI0,599,0.25,_
TP17,AVI2201_AVI0,600,0.25,_
TP17,AVI2201_AVI0,601,0.25,_
TP17,AVI2201_AVI0,602,0.25,_
TP17,BEN2202_BEN0,606,0.166666667,_
TP17,BEN2202_BEN0,607,0.166666667,_
TP17,BEN2202_BEN0,608,0.166666667,_
TP17,BEN2202_BEN0,609,0.166666667,_
TP17,BEN2202_BEN0,610,0.166666667,_
TP17,BEN2202_BEN0,611,0.166666667,_
TP17,BOB1101,46,1,_
TP17,BPE0331_TWF0,408,1,_
TP17,BWK1101_WPI0,731,1,_
TP17,COL0661_COL0,574,0.447368421,_
TP17,COL0661_COL0,750,0.552631579,_
TP17,CPK0331,418,1,_
TP17,CYD2201_CYD0,674,0.25,_
TP17,CYD2201_CYD0,675,0.25,_
TP17,CYD2201_CYD0,676,0.25,_
TP17,CYD2201_CYD0,677,0.25,_
TP17,GLN0332_GLN0,50,1,_
TP17,HAM0331,109,1,_
TP17,HIN0331,114,1,_
TP17,HLY2201_HLY1,119,1,_
TP17,HLY2201_HLY2,118,1,_
TP17,HLY2201_HLY5,120,1,_
TP17,HLY2201_HLY6,117,1,_
TP17,HWA1101_PTA1,337,1,_
TP17,HWA1101_PTA2,337,1,_
TP17,HWA1101_PTA3,337,1,_
TP17,HWA1102_WAA0,348,0.416909621,_
TP17,HWA1102_WAA0,350,0.583090379,_
TP17,HWA1102_WAA1,348,0.416909621,_
TP17,HWA1102_WAA1,350,0.583090379,_
TP17,HWB0331_MAH0,700,1,_
TP17,HWB0331_WPI0,730,1,_
TP17,ISL0331,525,1,_
TP17,KAW0111,179,1,_
TP17,KAW0112_ONU0,235,0.29467381,_
TP17,KAW0112_ONU0,236,0.204853451,_
TP17,KAW0112_ONU0,237,0.126063662,_
TP17,KAW0112_ONU0,238,0.374409077,_
TP17,KAW0113,178,1,_
TP17,KAW1101_KAG0,174,1,_
TP17,KIN0112_KIN0,125,1,_
TP17,KIN0331,127,1,_
TP17,KPA1101_KPI1,323,1,_
TP17,KPO1101_KPO0,130,0.333333333,_
TP17,KPO1101_KPO0,131,0.333333333,_
TP17,KPO1101_KPO0,132,0.333333333,_
TP17,KPU0661,134,1,_
TP17,KUM0661_KUM0,593,1,_
TP17,LTN0331_TWF0,407,1,_
TP17,MAN2201_MAN0,702,0.142857143,_
TP17,MAN2201_MAN0,703,0.142857143,_
TP17,MAN2201_MAN0,704,0.142857143,_
TP17,MAN2201_MAN0,705,0.142857143,_
TP17,MAN2201_MAN0,706,0.142857143,_
TP17,MAN2201_MAN0,707,0.142857143,_
TP17,MAN2201_MAN0,708,0.142857143,_
TP17,MAT1101_ANI0,154,0.5,_
TP17,MAT1101_ANI0,155,0.5,_
TP17,MAT1101_MAT0,195,0.5,_
TP17,MAT1101_MAT0,196,0.5,_
TP17,MHO0331_MHO0,373,1,_
TP17,MKE1101_MKE1,325,0.5,_
TP17,MKE1101_MKE1,326,0.5,_
TP17,MPE1101,27,1,_
TP17,MTI2201_MTI0,201,0.1,_
TP17,MTI2201_MTI0,202,0.1,_
TP17,MTI2201_MTI0,203,0.1,_
TP17,MTI2201_MTI0,204,0.1,_
TP17,MTI2201_MTI0,205,0.1,_
TP17,MTI2201_MTI0,206,0.1,_
TP17,MTI2201_MTI0,207,0.1,_
TP17,MTI2201_MTI0,208,0.1,_
TP17,MTI2201_MTI0,209,0.1,_
TP17,MTI2201_MTI0,210,0.1,_
TP17,NAP2201_NAP0,214,1,_
TP17,NAP2202_NTM0,216,0.5,_
TP17,NAP2202_NTM0,217,0.5,_
TP17,NMA0331_WHL0,729,1,_
TP17,NSY0331_PAE0,651,1,_
TP17,OHA2201_OHA0,636,0.25,_
TP17,OHA2201_OHA0,637,0.25,_
TP17,OHA2201_OHA0,638,0.25,_
TP17,OHA2201_OHA0,639,0.25,_
TP17,OHB2201_OHB0,641,0.25,_
TP17,OHB2201_OHB0,642,0.25,_
TP17,OHB2201_OHB0,643,0.25,_
TP17,OHB2201_OHB0,644,0.25,_
TP17,OHC2201_OHC0,646,0.25,_
TP17,OHC2201_OHC0,647,0.25,_
TP17,OHC2201_OHC0,648,0.25,_
TP17,OHC2201_OHC0,649,0.25,_
TP17,OHK2201_OHK0,219,0.25,_
TP17,OHK2201_OHK0,220,0.25,_
TP17,OHK2201_OHK0,221,0.25,_
TP17,OHK2201_OHK0,222,0.25,_
TP17,OKI2201_OKI0,228,0.099099099,_
TP17,OKI2201_OKI0,230,0.450450451,_
TP17,OKI2201_OKI0,231,0.450450451,_
TP17,PEN0331,81,1,_
TP17,PPI2201_PPI0,241,1,_
TP17,PRM0331,465,1,_
TP17,ROT1101_WHE0,272,1,_
TP17,ROX1101_ROX0,714,0.333333333,_
TP17,ROX1101_ROX0,715,0.333333333,_
TP17,ROX1101_ROX0,716,0.333333333,_
TP17,ROX2201_ROX0,717,0.2,_
TP17,ROX2201_ROX0,718,0.2,_
TP17,ROX2201_ROX0,719,0.2,_
TP17,ROX2201_ROX0,720,0.2,_
TP17,ROX2201_ROX0,721,0.2,_
TP17,RPO2201_RPO0,386,0.5,_
TP17,RPO2201_RPO0,387,0.5,_
TP17,SFD2201_SFD21,340,1,_
TP17,SFD2201_SFD22,341,1,_
TP17,SFD2201_SPL0,346,1,_
TP17,STK0661_COB0,491,1,_
TP17,TGA0331_KMI0,183,1,_
TP17,THI2201_THI1,253,1,_
TP17,THI2201_THI2,254,1,_
TP17,TKA0111_TKA1,560,1,_
TP17,TKB2201_TKB1,655,0.5,_
TP17,TKB2201_TKB1,656,0.5,_
TP17,TKU2201_TKU0,391,0.25,_
TP17,TKU2201_TKU0,392,0.25,_
TP17,TKU2201_TKU0,393,0.25,_
TP17,TKU2201_TKU0,394,0.25,_
TP17,TUI1101_KTW0,298,0.5,_
TP17,TUI1101_KTW0,299,0.5,_
TP17,TUI1101_PRI0,300,0.5,_
TP17,TUI1101_PRI0,301,0.5,_
TP17,TUI1101_TUI0,302,0.333333333,_
TP17,TUI1101_TUI0,303,0.333333333,_
TP17,TUI1101_TUI0,304,0.333333333,_
TP17,TWC2201_NZW0,404,1,_
TP17,TWC2201_TWF0,405,1,_
TP17,TWH0331_TRC1,142,1,_
TP17,TWH0331_TUK0,147,1,_
TP17,WDV1101_TAP0,389,1,_
TP17,WGN0331,411,1,_
TP17,WHI0111,306,1,_
TP17,WHI2201_WHI0,307,0.333333333,_
TP17,WHI2201_WHI0,308,0.333333333,_
TP17,WHI2201_WHI0,309,0.333333333,_
TP17,WHU0331,150,1,_
TP17,WIL0331_MCK0,482,1,_
TP17,WKM2201_MOK0,198,0.524257784,_
TP17,WKM2201_MOK0,199,0.475742216,_
TP17,WKM2201_WKM0,274,0.25,_
TP17,WKM2201_WKM0,275,0.25,_
TP17,WKM2201_WKM0,276,0.25,_
TP17,WKM2201_WKM0,277,0.25,_
TP17,WKO0331,152,1,_
TP17,WPA2201_WPA0,283,1,_
TP17,WRK0331_RKA0,740,1,_
TP17,WRK0331_TAA0,248,1,_
TP17,WRK2201_WRK0,285,0.340664962,_
TP17,WRK2201_WRK0,286,0.170332481,_
TP17,WRK2201_WRK0,287,0.19028133,_
TP17,WRK2201_WRK0,288,0.211764706,_
TP17,WRK2201_WRK0,289,0.086956522,_
TP17,WTK0111_WTK0,660,1,_
TP17,WWD1102_WWD0,479,1,_
TP17,WWD1103_WWD0,744,1,_
TP17,KAW0112_DLS0,176,1,_
TP17,KAW0113_DLS1,178,1,_
TP17,ABY0111,541,1,_
TP17,ALB0331,4,1,_
TP17,ALB1101,41,1,_
TP17,APS0111,569,1,_
TP17,ARG1101,487,1,_
TP17,ASB0331,543,1,_
TP17,ASB0661,544,1,_
TP17,ASY0111,520,0.5,_
TP17,ASY0111,748,0.5,_
TP17,ATU1101,488,1,_
TP17,BAL0331,669,1,_
TP17,BDE0111,671,1,_
TP17,BLN0331,489,1,_
TP17,BOB0331,45,1,_
TP17,BPD1101,618,1,_
TP17,BPE0331,357,1,_
TP17,BPE0551,358,0.5,_
TP17,BPE0551,359,0.5,_
TP17,BPT1101,619,1,_
TP17,BRB0331,8,1,_
TP17,BRK0331,315,1,_
TP17,BRY0661,549,1,_
TP17,BWK1101,673,1,_
TP17,CBG0111,105,1,_
TP17,CLH0111,572,1,_
TP17,CML0331,620,1,_
TP17,COL0111,575,1,_
TP17,COL0661,576,1,_
TP17,CPK0111,416,0.5,_
TP17,CPK0111,417,0.5,_
TP17,CST0331,317,1,_
TP17,CUL0331,493,1,_
TP17,CUL0661,494,1,_
TP17,CYD0331,678,1,_
TP17,CYD2201,679,1,_
TP17,DOB0331,579,1,_
TP17,DVK0111,366,1,_
TP17,EDG0331,168,1,_
TP17,EDN0331,680,1,_
TP17,FHL0331,293,1,_
TP17,FKN0331,628,1,_
TP17,GFD0331,426,1,_
TP17,GLN0331,733,1,_
TP17,GLN0332,51,1,_
TP17,GOR0331,682,1,_
TP17,GYM0661,585,1,_
TP17,GYT0331,429,1,_
TP17,HAM0111,108,1,_
TP17,HAM0551,110,1,_
TP17,HAM0551,5032,0,_
TP17,HAY0111,434,1,_
TP17,HAY0331,443,1,_
TP17,HEN0331,12,1,_
TP17,HEP0331,17,1,_
TP17,HKK0661,587,1,_
TP17,HLY0331,121,1,_
TP17,HOB1101,56,1,_
TP17,HOR0331,589,1,_
TP17,HOR0661,590,1,_
TP17,HTI0331,123,1,_
TP17,HUI0331,319,1,_
TP17,HWA0331,321,1,_
TP17,HWA0332,742,1,_
TP17,HWA1101,322,1,_
TP17,HWA1102,322,1,_
TP17,HWB0331,688,1,_
TP17,HWB0332,753,1,_
TP17,HWB1101,693,1,_
TP17,INV0331,696,1,_
TP17,ISL0661,526,1,_
TP17,KAI0111,531,1,_
TP17,KAW0112,176,1,_
TP17,KAW1101,181,1,_
TP17,KBY0661,591,1,_
TP17,KBY0662,591,1,_
TP17,KIK0111,745,1,_
TP17,KIN0111,126,1,_
TP17,KIN0112,125,1,_
TP17,KIN0113,738,1,_
TP17,KMO0331,187,1,_
TP17,KOE1101,20,1,_
TP17,KPA1101,324,1,_
TP17,KUM0661,593,1,_
TP17,KWA0111,451,1,_
TP17,LFD1101,192,1,_
TP17,LFD1102,192,1,_
TP17,LTN0331,370,1,_
TP17,MAN2201,701,1,_
TP17,MAT1101,156,0.909090909,_
TP17,MAT1101,197,0.090909091,_
TP17,MCH0111,503,1,_
TP17,MER0331,60,1,_
TP17,MGM0331,454,1,_
TP17,MHO0331,374,1,_
TP17,MKE1101,325,0.5,_
TP17,MKE1101,326,0.5,_
TP17,MLG0111,456,1,_
TP17,MLG0331,457,1,_
TP17,MNG0331,61,1,_
TP17,MNG1101,62,1,_
TP17,MNI0111,328,1,_
TP17,MST0331,460,1,_
TP17,MTM0331,212,1,_
TP17,MTN0331,377,1,_
TP17,MTO0331,28,1,_
TP17,MTR0331,380,1,_
TP17,NAP2201,214,1,_
TP17,NAP2202,215,1,_
TP17,NMA0331,711,1,_
TP17,NPK0331,382,1,_
TP17,NPL0331,331,1,_
TP17,NSY0331,632,1,_
TP17,OAM0331,634,1,_
TP17,OKN0111,384,1,_
TP17,ONG0331,137,1,_
TP17,OPK0331,335,1,_
TP17,ORO1101,507,1,_
TP17,ORO1102,508,1,_
TP17,OTA0221,66,1,_
TP17,OTI0111,595,1,_
TP17,OWH0111,239,1,_
TP17,PAK0331,75,1,_
TP17,PAO1101,139,1,_
TP17,PEN0221,79,1,_
TP17,PEN0251,80,1,_
TP17,PEN1101,56,0.190798081,_
TP17,PEN1101,58,0.645660707,_
TP17,PEN1101,88,0.163541212,_
TP17,PNI0331,462,1,_
TP17,PPI2201,241,0.5,_
TP17,PPI2201,242,0.5,_
TP17,RDF0331,295,1,_
TP17,RFN1101,506,1,_
TP17,RFN1102,505,1,_
TP17,ROS0221,89,1,_
TP17,ROS1101,90,1,_
TP17,ROT0111,245,1,_
TP17,ROT0331,246,1,_
TP17,ROT1101,247,1,_
TP17,SBK0331,533,1,_
TP17,SBK0661,534,1,_
TP17,SDN0331,725,1,_
TP17,SFD0331,342,1,_
TP17,SFD2201,345,1,_
TP17,STK0331,511,1,_
TP17,STK0661,512,1,_
TP17,STU0111,653,1,_
TP17,SVL0331,32,1,_
TP17,SWN0251,36,1,_
TP17,SWN2201,37,1,_
TP17,TAK0331,91,1,_
TP17,TGA0111,250,1,_
TP17,TGA0331,251,1,_
TP17,THI2201,255,1,_
TP17,TIM0111,556,1,_
TP17,TKA0331,561,1,_
TP17,TKH0111,256,1,_
TP17,TKR0331,470,1,_
TP17,TKU0331,395,1,_
TP17,TMI0331,258,1,_
TP17,TMK0331,563,1,_
TP17,TMN0551,397,0.5,_
TP17,TMN0551,398,0.5,_
TP17,TMU0111,140,1,_
TP17,TNG0111,400,1,_
TP17,TNG0551,401,0.5,_
TP17,TNG0551,402,0.5,_
TP17,TRK0111,260,1,_
TP17,TUI1101,305,1,_
TP17,TWC2201,406,1,_
TP17,TWH0331,143,0.253164557,_
TP17,TWH0331,148,0.746835443,_
TP17,TWI2201,728,1,_
TP17,TWZ0331,658,1,_
TP17,UHT0331,472,1,_
TP17,WAI0111,269,1,_
TP17,WDV0111,409,1,_
TP17,WDV1101,410,1,_
TP17,WEL0331,38,1,_
TP17,WHI2201,310,1,_
TP17,WIL0331,475,1,_
TP17,WIR0331,94,1,_
TP17,WKM2201,278,1,_
TP17,WPR0331,535,1,_
TP17,WPR0661,536,1,_
TP17,WPT0111,518,1,_
TP17,WPW0331,413,1,_
TP17,WRD0331,41,1,_
TP17,WRK0331,290,1,_
TP17,WTK0111,660,1,_
TP17,WTK0331,5157,1,_
TP17,WTU0331,311,1,_
TP17,WVY0111,352,1,_
TP17,WWD1102,481,1,_
TP17,WWD1103,480,1,_
TP17,ABY1101,542,1,_
TP17,ALB2201,7,1,_
TP17,APS0661,570,1,_
TP17,ARA2201,163,1,_
TP17,ARI1101,737,1,_
TP17,ARI1102,101,1,_
TP17,ASB2201,545,1,_
TP17,ASY0661,521,1,_
TP17,ATI2201,164,1,_
TP17,AVI2201,603,1,_
TP17,BAL1101,670,1,_
TP17,BDE1101,672,1,_
TP17,BEN2201,617,1,_
TP17,BEN2202,617,1,_
TP17,BEN3502,615,1,_
TP17,BEN3503,616,1,_
TP17,BHL2201,47,1,_
TP17,BHL2202,48,1,_
TP17,BLN1101,490,1,_
TP17,BPC1101,598,1,_
TP17,BPE1101,363,1,_
TP17,BPE2201,364,1,_
TP17,BRB2201,9,1,_
TP17,BRK2201,316,1,_
TP17,BRK2202,316,1,_
TP17,BRY2201,553,1,_
TP17,CBG1101,107,1,_
TP17,CBG1102,106,1,_
TP17,CLH0661,573,1,_
TP17,CML1101,625,1,_
TP17,CML1102,624,1,_
TP17,CML2201,627,1,_
TP17,CML2202,626,1,_
TP17,CPK1101,419,1,_
TP17,CPK1102,420,1,_
TP17,CPK1103,421,1,_
TP17,CST1101,318,1,_
TP17,CUL2202,495,1,_
TP17,CUL2203,496,1,_
TP17,DOB0661,580,1,_
TP17,DOB1101,584,1,_
TP17,DOB1102,583,1,_
TP17,DRY2201,49,1,_
TP17,DRY2202,49,1,_
TP17,DVK1101,367,1,_
TP17,DVK1102,368,1,_
TP17,EDG1101,171,1,_
TP17,EDG1102,171,1,_
TP17,EDG2201,172,1,_
TP17,EDN1101,681,1,_
TP17,FHL1101,294,1,_
TP17,FKN1101,630,1,_
TP17,FKN1102,629,1,_
TP17,GFD1101,428,1,_
TP17,GFD1102,427,1,_
TP17,GLN2201,53,1,_
TP17,GNY1101,597,1,_
TP17,GOR1101,683,1,_
TP17,GOR1102,683,1,_
TP17,GYT1101,430,1,_
TP17,GYT1102,431,1,_
TP17,HAM1101,112,1,_
TP17,HAM2201,113,1,_
TP17,HAY1101,447,1,_
TP17,HAY2201,450,1,_
TP17,HAY3502,449,1,_
TP17,HAY3503,448,1,_
TP17,HEN1101,15,1,_
TP17,HEN2201,16,1,_
TP17,HEP1101,18,1,_
TP17,HIN1101,115,1,_
TP17,HLY2201,116,1,_
TP17,HOB2201,57,1,_
TP17,HPI2201,19,1,_
TP17,HPI2202,19,1,_
TP17,HTI1101,124,1,_
TP17,HUI1101,320,1,_
TP17,HWA1001,322,1,_
TP17,HWB2201,694,1,_
TP17,IGH1101,497,1,_
TP17,INV1101,698,1,_
TP17,INV2201,699,1,_
TP17,INV2202,699,1,_
TP17,ISL2201,530,1,_
TP17,KAI0661,532,1,_
TP17,KAW2201,182,1,_
TP17,KBT0661,567,1,_
TP17,KBT0662,566,1,_
TP17,KIK1101,501,1,_
TP17,KIK2201,502,1,_
TP17,KIN1101,129,1,_
TP17,KIN1102,129,1,_
TP17,KMO1101,190,1,_
TP17,KMO1102,190,1,_
TP17,KMO1103,190,1,_
TP17,KMO2201,191,1,_
TP17,KPO1101,133,1,_
TP17,KPU1101,739,1,_
TP17,KPU1102,5046,1,_
TP17,KWA1101,452,1,_
TP17,KWA1102,453,1,_
TP17,LIV2201,631,1,_
TP17,LTN2201,371,1,_
TP17,LTN2202,372,1,_
TP17,MCH1101,504,1,_
TP17,MDN1101,25,1,_
TP17,MDN2201,26,1,_
TP17,MGM1101,455,1,_
TP17,MHO1101,375,1,_
TP17,MHO1102,376,1,_
TP17,MHT1102,422,1,_
TP17,MHT1103,423,1,_
TP17,MKT1101,314,1,_
TP17,MLG1101,459,1,_
TP17,MLG1102,458,1,_
TP17,MNI1101,329,1,_
TP17,MST1101,461,1,_
TP17,MTI2201,211,1,_
TP17,MTM1101,213,1,_
TP17,MTN1101,379,1,_
TP17,MTN1102,378,1,_
TP17,MTO1101,29,1,_
TP17,MTO1102,30,1,_
TP17,MTR1101,381,1,_
TP17,MVE1101,102,1,_
TP17,MVE1102,103,1,_
TP17,NGA1101,31,1,_
TP17,NMA2201,712,1,_
TP17,NPK1101,383,1,_
TP17,NPL1101,333,1,_
TP17,NPL2201,334,1,_
TP17,NSY2201,633,1,_
TP17,OAM1101,635,1,_
TP17,OAM1102,752,1,_
TP17,OHA2201,640,1,_
TP17,OHB2201,645,1,_
TP17,OHC2201,650,1,_
TP17,OHK2201,223,1,_
TP17,OHW2201,136,1,_
TP17,OHW2202,136,1,_
TP17,OKE1101,224,1,_
TP17,OKI2201,227,0.5,_
TP17,OKI2201,229,0.5,_
TP17,OKN1101,385,1,_
TP17,ONG1101,138,1,_
TP17,OPI2201,540,1,_
TP17,OPI2202,539,1,_
TP17,OPK1101,743,1,_
TP17,OPK1102,336,1,_
TP17,OTA1103,70,1,_
TP17,OTA1104,734,1,_
TP17,OTA1105,70,1,_
TP17,OTA1106,734,1,_
TP17,OTA1107,70,1,_
TP17,OTA1108,734,1,_
TP17,OTA1109,70,1,_
TP17,OTA110A,734,1,_
TP17,OTA2201,72,1,_
TP17,OTA2202,73,1,_
TP17,OTA2203,71,1,_
TP17,OTI0661,596,1,_
TP17,OWH1101,240,1,_
TP17,PAK2201,76,1,_
TP17,PEN0222,79,1,_
TP17,PEN2201,87,1,_
TP17,PIE1101,173,1,_
TP17,PNI1101,463,1,_
TP17,PNI1102,464,1,_
TP17,PRM2201,468,1,_
TP17,PRM2202,469,1,_
TP17,PRT2201,425,1,_
TP17,PRT2202,424,1,_
TP17,RDF1101,296,1,_
TP17,RDF1102,296,1,_
TP17,RDF2201,297,1,_
TP17,RFC1101,483,1,_
TP17,ROT1102,247,1,_
TP17,ROX1101,723,1,_
TP17,ROX2201,724,1,_
TP17,RPO2201,388,1,_
TP17,RTO1101,104,1,_
TP17,RTR1101,365,1,_
TP17,SDN2201,726,1,_
TP17,SFD1101,344,1,_
TP17,STK1101,515,1,_
TP17,STK2201,516,1,_
TP17,STU1101,654,1,_
TP17,SVL2201,33,1,_
TP17,SVL2202,34,1,_
TP17,TAK2201,92,1,_
TP17,TAK2202,93,1,_
TP17,TGA1101,252,1,_
TP17,TIM1101,557,1,_
TP17,TIM2201,559,1,_
TP17,TIM2202,558,1,_
TP17,TKA0111,560,1,_
TP17,TKA1101,562,1,_
TP17,TKB2201,657,1,_
TP17,TKH0501,257,1,_
TP17,TKR1101,471,1,_
TP17,TKU2201,396,1,_
TP17,TMH2201,727,1,_
TP17,TMI1101,259,1,_
TP17,TMK1101,5150,1,_
TP17,TMK1102,565,1,_
TP17,TMN2201,399,1,_
TP17,TMU1101,141,1,_
TP17,TNG2201,403,1,_
TP17,TRK1101,267,1,_
TP17,TRK1102,267,1,_
TP17,TRK2201,268,1,_
TP17,TWH2201,149,1,_
TP17,TWT2201,369,1,_
TP17,TWZ2201,659,1,_
TP17,TWZ2202,659,1,_
TP17,UHT1101,473,1,_
TP17,WAI0501,270,1,_
TP17,WAI1101,271,1,_
TP17,WDV1102,410,1,_
TP17,WEL1101,40,1,_
TP17,WEL1102,39,1,_
TP17,WGN1101,412,1,_
TP17,WHU1101,151,1,_
TP17,WIL1101,477,1,_
TP17,WIL2201,478,1,_
TP17,WIR1101,95,1,_
TP17,WIR1102,736,1,_
TP17,WKM2202,282,1,_
TP17,WKO1101,153,1,_
TP17,WMG1101,746,1,_
TP17,WMG1102,517,1,_
TP17,WPA2201,284,1,_
TP17,WPR2202,538,1,_
TP17,WPR2203,537,1,_
TP17,WPT1101,747,1,_
TP17,WPT1102,519,1,_
TP17,WPW1101,414,1,_
TP17,WPW1102,415,1,_
TP17,WRD2201,44,1,_
TP17,WRK2201,292,1,_
TP17,WTK1101,666,1,_
TP17,WTK1102,667,1,_
TP17,WTK2201,668,1,_
TP17,WTU2201,741,1,_
TP17,WTU2202,312,1,_
TP17,WVY1101,353,1,_
TP18,ARA2201_ARA0,160,0.333333333,_
TP18,ARA2201_ARA0,161,0.333333333,_
TP18,ARA2201_ARA0,162,0.333333333,_
TP18,ARG1101_BRR0,486,1,_
TP18,ARI1101_ARI0,100,0.25,_
TP18,ARI1101_ARI0,97,0.25,_
TP18,ARI1101_ARI0,98,0.25,_
TP18,ARI1101_ARI0,99,0.25,_
TP18,ARI1102_ARI0,96,1,_
TP18,ASB0661_HBK0,554,1,_
TP18,ATI2201_ATI0,164,1,_
TP18,AVI2201_AVI0,599,0.25,_
TP18,AVI2201_AVI0,600,0.25,_
TP18,AVI2201_AVI0,601,0.25,_
TP18,AVI2201_AVI0,602,0.25,_
TP18,BEN2202_BEN0,606,0.166666667,_
TP18,BEN2202_BEN0,607,0.166666667,_
TP18,BEN2202_BEN0,608,0.166666667,_
TP18,BEN2202_BEN0,609,0.166666667,_
TP18,BEN2202_BEN0,610,0.166666667,_
TP18,BEN2202_BEN0,611,0.166666667,_
TP18,BOB1101,46,1,_
TP18,BPE0331_TWF0,408,1,_
TP18,BWK1101_WPI0,731,1,_
TP18,COL0661_COL0,574,0.447368421,_
TP18,COL0661_COL0,750,0.552631579,_
TP18,CPK0331,418,1,_
TP18,CYD2201_CYD0,674,0.25,_
TP18,CYD2201_CYD0,675,0.25,_
TP18,CYD2201_CYD0,676,0.25,_
TP18,CYD2201_CYD0,677,0.25,_
TP18,GLN0332_GLN0,50,1,_
TP18,HAM0331,109,1,_
TP18,HIN0331,114,1,_
TP18,HLY2201_HLY1,119,1,_
TP18,HLY2201_HLY2,118,1,_
TP18,HLY2201_HLY5,120,1,_
TP18,HLY2201_HLY6,117,1,_
TP18,HWA1101_PTA1,337,1,_
TP18,HWA1101_PTA2,337,1,_
TP18,HWA1101_PTA3,337,1,_
TP18,HWA1102_WAA0,348,0.416909621,_
TP18,HWA1102_WAA0,350,0.583090379,_
TP18,HWA1102_WAA1,348,0.416909621,_
TP18,HWA1102_WAA1,350,0.583090379,_
TP18,HWB0331_MAH0,700,1,_
TP18,HWB0331_WPI0,730,1,_
TP18,ISL0331,525,1,_
TP18,KAW0111,179,1,_
TP18,KAW0112_ONU0,235,0.29467381,_
TP18,KAW0112_ONU0,236,0.204853451,_
TP18,KAW0112_ONU0,237,0.126063662,_
TP18,KAW0112_ONU0,238,0.374409077,_
TP18,KAW0113,178,1,_
TP18,KAW1101_KAG0,174,1,_
TP18,KIN0112_KIN0,125,1,_
TP18,KIN0331,127,1,_
TP18,KPA1101_KPI1,323,1,_
TP18,KPO1101_KPO0,130,0.333333333,_
TP18,KPO1101_KPO0,131,0.333333333,_
TP18,KPO1101_KPO0,132,0.333333333,_
TP18,KPU0661,134,1,_
TP18,KUM0661_KUM0,593,1,_
TP18,LTN0331_TWF0,407,1,_
TP18,MAN2201_MAN0,702,0.142857143,_
TP18,MAN2201_MAN0,703,0.142857143,_
TP18,MAN2201_MAN0,704,0.142857143,_
TP18,MAN2201_MAN0,705,0.142857143,_
TP18,MAN2201_MAN0,706,0.142857143,_
TP18,MAN2201_MAN0,707,0.142857143,_
TP18,MAN2201_MAN0,708,0.142857143,_
TP18,MAT1101_ANI0,154,0.5,_
TP18,MAT1101_ANI0,155,0.5,_
TP18,MAT1101_MAT0,195,0.5,_
TP18,MAT1101_MAT0,196,0.5,_
TP18,MHO0331_MHO0,373,1,_
TP18,MKE1101_MKE1,325,0.5,_
TP18,MKE1101_MKE1,326,0.5,_
TP18,MPE1101,27,1,_
TP18,MTI2201_MTI0,201,0.1,_
TP18,MTI2201_MTI0,202,0.1,_
TP18,MTI2201_MTI0,203,0.1,_
TP18,MTI2201_MTI0,204,0.1,_
TP18,MTI2201_MTI0,205,0.1,_
TP18,MTI2201_MTI0,206,0.1,_
TP18,MTI2201_MTI0,207,0.1,_
TP18,MTI2201_MTI0,208,0.1,_
TP18,MTI2201_MTI0,209,0.1,_
TP18,MTI2201_MTI0,210,0.1,_
TP18,NAP2201_NAP0,214,1,_
TP18,NAP2202_NTM0,216,0.5,_
TP18,NAP2202_NTM0,217,0.5,_
TP18,NMA0331_WHL0,729,1,_
TP18,NSY0331_PAE0,651,1,_
TP18,OHA2201_OHA0,636,0.25,_
TP18,OHA2201_OHA0,637,0.25,_
TP18,OHA2201_OHA0,638,0.25,_
TP18,OHA2201_OHA0,639,0.25,_
TP18,OHB2201_OHB0,641,0.25,_
TP18,OHB2201_OHB0,642,0.25,_
TP18,OHB2201_OHB0,643,0.25,_
TP18,OHB2201_OHB0,644,0.25,_
TP18,OHC2201_OHC0,646,0.25,_
TP18,OHC2201_OHC0,647,0.25,_
TP18,OHC2201_OHC0,648,0.25,_
TP18,OHC2201_OHC0,649,0.25,_
TP18,OHK2201_OHK0,219,0.25,_
TP18,OHK2201_OHK0,220,0.25,_
TP18,OHK2201_OHK0,221,0.25,_
TP18,OHK2201_OHK0,222,0.25,_
TP18,OKI2201_OKI0,228,0.099099099,_
TP18,OKI2201_OKI0,230,0.450450451,_
TP18,OKI2201_OKI0,231,0.450450451,_
TP18,PEN0331,81,1,_
TP18,PPI2201_PPI0,241,1,_
TP18,PRM0331,465,1,_
TP18,ROT1101_WHE0,272,1,_
TP18,ROX1101_ROX0,714,0.333333333,_
TP18,ROX1101_ROX0,715,0.333333333,_
TP18,ROX1101_ROX0,716,0.333333333,_
TP18,ROX2201_ROX0,717,0.2,_
TP18,ROX2201_ROX0,718,0.2,_
TP18,ROX2201_ROX0,719,0.2,_
TP18,ROX2201_ROX0,720,0.2,_
TP18,ROX2201_ROX0,721,0.2,_
TP18,RPO2201_RPO0,386,0.5,_
TP18,RPO2201_RPO0,387,0.5,_
TP18,SFD2201_SFD21,340,1,_
TP18,SFD2201_SFD22,341,1,_
TP18,SFD2201_SPL0,346,1,_
TP18,STK0661_COB0,491,1,_
TP18,TGA0331_KMI0,183,1,_
TP18,THI2201_THI1,253,1,_
TP18,THI2201_THI2,254,1,_
TP18,TKA0111_TKA1,560,1,_
TP18,TKB2201_TKB1,655,0.5,_
TP18,TKB2201_TKB1,656,0.5,_
TP18,TKU2201_TKU0,391,0.25,_
TP18,TKU2201_TKU0,392,0.25,_
TP18,TKU2201_TKU0,393,0.25,_
TP18,TKU2201_TKU0,394,0.25,_
TP18,TUI1101_KTW0,298,0.5,_
TP18,TUI1101_KTW0,299,0.5,_
TP18,TUI1101_PRI0,300,0.5,_
TP18,TUI1101_PRI0,301,0.5,_
TP18,TUI1101_TUI0,302,0.333333333,_
TP18,TUI1101_TUI0,303,0.333333333,_
TP18,TUI1101_TUI0,304,0.333333333,_
TP18,TWC2201_NZW0,404,1,_
TP18,TWC2201_TWF0,405,1,_
TP18,TWH0331_TRC1,142,1,_
TP18,TWH0331_TUK0,147,1,_
TP18,WDV1101_TAP0,389,1,_
TP18,WGN0331,411,1,_
TP18,WHI0111,306,1,_
TP18,WHI2201_WHI0,307,0.333333333,_
TP18,WHI2201_WHI0,308,0.333333333,_
TP18,WHI2201_WHI0,309,0.333333333,_
TP18,WHU0331,150,1,_
TP18,WIL0331_MCK0,482,1,_
TP18,WKM2201_MOK0,198,0.524257784,_
TP18,WKM2201_MOK0,199,0.475742216,_
TP18,WKM2201_WKM0,274,0.25,_
TP18,WKM2201_WKM0,275,0.25,_
TP18,WKM2201_WKM0,276,0.25,_
TP18,WKM2201_WKM0,277,0.25,_
TP18,WKO0331,152,1,_
TP18,WPA2201_WPA0,283,1,_
TP18,WRK0331_RKA0,740,1,_
TP18,WRK0331_TAA0,248,1,_
TP18,WRK2201_WRK0,285,0.340664962,_
TP18,WRK2201_WRK0,286,0.170332481,_
TP18,WRK2201_WRK0,287,0.19028133,_
TP18,WRK2201_WRK0,288,0.211764706,_
TP18,WRK2201_WRK0,289,0.086956522,_
TP18,WTK0111_WTK0,660,1,_
TP18,WWD1102_WWD0,479,1,_
TP18,WWD1103_WWD0,744,1,_
TP18,KAW0112_DLS0,176,1,_
TP18,KAW0113_DLS1,178,1,_
TP18,ABY0111,541,1,_
TP18,ALB0331,4,1,_
TP18,ALB1101,41,1,_
TP18,APS0111,569,1,_
TP18,ARG1101,487,1,_
TP18,ASB0331,543,1,_
TP18,ASB0661,544,1,_
TP18,ASY0111,520,0.5,_
TP18,ASY0111,748,0.5,_
TP18,ATU1101,488,1,_
TP18,BAL0331,669,1,_
TP18,BDE0111,671,1,_
TP18,BLN0331,489,1,_
TP18,BOB0331,45,1,_
TP18,BPD1101,618,1,_
TP18,BPE0331,357,1,_
TP18,BPE0551,358,0.5,_
TP18,BPE0551,359,0.5,_
TP18,BPT1101,619,1,_
TP18,BRB0331,8,1,_
TP18,BRK0331,315,1,_
TP18,BRY0661,549,1,_
TP18,BWK1101,673,1,_
TP18,CBG0111,105,1,_
TP18,CLH0111,572,1,_
TP18,CML0331,620,1,_
TP18,COL0111,575,1,_
TP18,COL0661,576,1,_
TP18,CPK0111,416,0.5,_
TP18,CPK0111,417,0.5,_
TP18,CST0331,317,1,_
TP18,CUL0331,493,1,_
TP18,CUL0661,494,1,_
TP18,CYD0331,678,1,_
TP18,CYD2201,679,1,_
TP18,DOB0331,579,1,_
TP18,DVK0111,366,1,_
TP18,EDG0331,168,1,_
TP18,EDN0331,680,1,_
TP18,FHL0331,293,1,_
TP18,FKN0331,628,1,_
TP18,GFD0331,426,1,_
TP18,GLN0331,733,1,_
TP18,GLN0332,51,1,_
TP18,GOR0331,682,1,_
TP18,GYM0661,585,1,_
TP18,GYT0331,429,1,_
TP18,HAM0111,108,1,_
TP18,HAM0551,110,1,_
TP18,HAM0551,5032,0,_
TP18,HAY0111,434,1,_
TP18,HAY0331,443,1,_
TP18,HEN0331,12,1,_
TP18,HEP0331,17,1,_
TP18,HKK0661,587,1,_
TP18,HLY0331,121,1,_
TP18,HOB1101,56,1,_
TP18,HOR0331,589,1,_
TP18,HOR0661,590,1,_
TP18,HTI0331,123,1,_
TP18,HUI0331,319,1,_
TP18,HWA0331,321,1,_
TP18,HWA0332,742,1,_
TP18,HWA1101,322,1,_
TP18,HWA1102,322,1,_
TP18,HWB0331,688,1,_
TP18,HWB0332,753,1,_
TP18,HWB1101,693,1,_
TP18,INV0331,696,1,_
TP18,ISL0661,526,1,_
TP18,KAI0111,531,1,_
TP18,KAW0112,176,1,_
TP18,KAW1101,181,1,_
TP18,KBY0661,591,1,_
TP18,KBY0662,591,1,_
TP18,KIK0111,745,1,_
TP18,KIN0111,126,1,_
TP18,KIN0112,125,1,_
TP18,KIN0113,738,1,_
TP18,KMO0331,187,1,_
TP18,KOE1101,20,1,_
TP18,KPA1101,324,1,_
TP18,KUM0661,593,1,_
TP18,KWA0111,451,1,_
TP18,LFD1101,192,1,_
TP18,LFD1102,192,1,_
TP18,LTN0331,370,1,_
TP18,MAN2201,701,1,_
TP18,MAT1101,156,0.909090909,_
TP18,MAT1101,197,0.090909091,_
TP18,MCH0111,503,1,_
TP18,MER0331,60,1,_
TP18,MGM0331,454,1,_
TP18,MHO0331,374,1,_
TP18,MKE1101,325,0.5,_
TP18,MKE1101,326,0.5,_
TP18,MLG0111,456,1,_
TP18,MLG0331,457,1,_
TP18,MNG0331,61,1,_
TP18,MNG1101,62,1,_
TP18,MNI0111,328,1,_
TP18,MST0331,460,1,_
TP18,MTM0331,212,1,_
TP18,MTN0331,377,1,_
TP18,MTO0331,28,1,_
TP18,MTR0331,380,1,_
TP18,NAP2201,214,1,_
TP18,NAP2202,215,1,_
TP18,NMA0331,711,1,_
TP18,NPK0331,382,1,_
TP18,NPL0331,331,1,_
TP18,NSY0331,632,1,_
TP18,OAM0331,634,1,_
TP18,OKN0111,384,1,_
TP18,ONG0331,137,1,_
TP18,OPK0331,335,1,_
TP18,ORO1101,507,1,_
TP18,ORO1102,508,1,_
TP18,OTA0221,66,1,_
TP18,OTI0111,595,1,_
TP18,OWH0111,239,1,_
TP18,PAK0331,75,1,_
TP18,PAO1101,139,1,_
TP18,PEN0221,79,1,_
TP18,PEN0251,80,1,_
TP18,PEN1101,56,0.190798081,_
TP18,PEN1101,58,0.645660707,_
TP18,PEN1101,88,0.163541212,_
TP18,PNI0331,462,1,_
TP18,PPI2201,241,0.5,_
TP18,PPI2201,242,0.5,_
TP18,RDF0331,295,1,_
TP18,RFN1101,506,1,_
TP18,RFN1102,505,1,_
TP18,ROS0221,89,1,_
TP18,ROS1101,90,1,_
TP18,ROT0111,245,1,_
TP18,ROT0331,246,1,_
TP18,ROT1101,247,1,_
TP18,SBK0331,533,1,_
TP18,SBK0661,534,1,_
TP18,SDN0331,725,1,_
TP18,SFD0331,342,1,_
TP18,SFD2201,345,1,_
TP18,STK0331,511,1,_
TP18,STK0661,512,1,_
TP18,STU0111,653,1,_
TP18,SVL0331,32,1,_
TP18,SWN0251,36,1,_
TP18,SWN2201,37,1,_
TP18,TAK0331,91,1,_
TP18,TGA0111,250,1,_
TP18,TGA0331,251,1,_
TP18,THI2201,255,1,_
TP18,TIM0111,556,1,_
TP18,TKA0331,561,1,_
TP18,TKH0111,256,1,_
TP18,TKR0331,470,1,_
TP18,TKU0331,395,1,_
TP18,TMI0331,258,1,_
TP18,TMK0331,563,1,_
TP18,TMN0551,397,0.5,_
TP18,TMN0551,398,0.5,_
TP18,TMU0111,140,1,_
TP18,TNG0111,400,1,_
TP18,TNG0551,401,0.5,_
TP18,TNG0551,402,0.5,_
TP18,TRK0111,260,1,_
TP18,TUI1101,305,1,_
TP18,TWC2201,406,1,_
TP18,TWH0331,143,0.253164557,_
TP18,TWH0331,148,0.746835443,_
TP18,TWI2201,728,1,_
TP18,TWZ0331,658,1,_
TP18,UHT0331,472,1,_
TP18,WAI0111,269,1,_
TP18,WDV0111,409,1,_
TP18,WDV1101,410,1,_
TP18,WEL0331,38,1,_
TP18,WHI2201,310,1,_
TP18,WIL0331,475,1,_
TP18,WIR0331,94,1,_
TP18,WKM2201,278,1,_
TP18,WPR0331,535,1,_
TP18,WPR0661,536,1,_
TP18,WPT0111,518,1,_
TP18,WPW0331,413,1,_
TP18,WRD0331,41,1,_
TP18,WRK0331,290,1,_
TP18,WTK0111,660,1,_
TP18,WTK0331,5157,1,_
TP18,WTU0331,311,1,_
TP18,WVY0111,352,1,_
TP18,WWD1102,481,1,_
TP18,WWD1103,480,1,_
TP18,ABY1101,542,1,_
TP18,ALB2201,7,1,_
TP18,APS0661,570,1,_
TP18,ARA2201,163,1,_
TP18,ARI1101,737,1,_
TP18,ARI1102,101,1,_
TP18,ASB2201,545,1,_
TP18,ASY0661,521,1,_
TP18,ATI2201,164,1,_
TP18,AVI2201,603,1,_
TP18,BAL1101,670,1,_
TP18,BDE1101,672,1,_
TP18,BEN2201,617,1,_
TP18,BEN2202,617,1,_
TP18,BEN3502,615,1,_
TP18,BEN3503,616,1,_
TP18,BHL2201,47,1,_
TP18,BHL2202,48,1,_
TP18,BLN1101,490,1,_
TP18,BPC1101,598,1,_
TP18,BPE1101,363,1,_
TP18,BPE2201,364,1,_
TP18,BRB2201,9,1,_
TP18,BRK2201,316,1,_
TP18,BRK2202,316,1,_
TP18,BRY2201,553,1,_
TP18,CBG1101,107,1,_
TP18,CBG1102,106,1,_
TP18,CLH0661,573,1,_
TP18,CML1101,625,1,_
TP18,CML1102,624,1,_
TP18,CML2201,627,1,_
TP18,CML2202,626,1,_
TP18,CPK1101,419,1,_
TP18,CPK1102,420,1,_
TP18,CPK1103,421,1,_
TP18,CST1101,318,1,_
TP18,CUL2202,495,1,_
TP18,CUL2203,496,1,_
TP18,DOB0661,580,1,_
TP18,DOB1101,584,1,_
TP18,DOB1102,583,1,_
TP18,DRY2201,49,1,_
TP18,DRY2202,49,1,_
TP18,DVK1101,367,1,_
TP18,DVK1102,368,1,_
TP18,EDG1101,171,1,_
TP18,EDG1102,171,1,_
TP18,EDG2201,172,1,_
TP18,EDN1101,681,1,_
TP18,FHL1101,294,1,_
TP18,FKN1101,630,1,_
TP18,FKN1102,629,1,_
TP18,GFD1101,428,1,_
TP18,GFD1102,427,1,_
TP18,GLN2201,53,1,_
TP18,GNY1101,597,1,_
TP18,GOR1101,683,1,_
TP18,GOR1102,683,1,_
TP18,GYT1101,430,1,_
TP18,GYT1102,431,1,_
TP18,HAM1101,112,1,_
TP18,HAM2201,113,1,_
TP18,HAY1101,447,1,_
TP18,HAY2201,450,1,_
TP18,HAY3502,449,1,_
TP18,HAY3503,448,1,_
TP18,HEN1101,15,1,_
TP18,HEN2201,16,1,_
TP18,HEP1101,18,1,_
TP18,HIN1101,115,1,_
TP18,HLY2201,116,1,_
TP18,HOB2201,57,1,_
TP18,HPI2201,19,1,_
TP18,HPI2202,19,1,_
TP18,HTI1101,124,1,_
TP18,HUI1101,320,1,_
TP18,HWA1001,322,1,_
TP18,HWB2201,694,1,_
TP18,IGH1101,497,1,_
TP18,INV1101,698,1,_
TP18,INV2201,699,1,_
TP18,INV2202,699,1,_
TP18,ISL2201,530,1,_
TP18,KAI0661,532,1,_
TP18,KAW2201,182,1,_
TP18,KBT0661,567,1,_
TP18,KBT0662,566,1,_
TP18,KIK1101,501,1,_
TP18,KIK2201,502,1,_
TP18,KIN1101,129,1,_
TP18,KIN1102,129,1,_
TP18,KMO1101,190,1,_
TP18,KMO1102,190,1,_
TP18,KMO1103,190,1,_
TP18,KMO2201,191,1,_
TP18,KPO1101,133,1,_
TP18,KPU1101,739,1,_
TP18,KPU1102,5046,1,_
TP18,KWA1101,452,1,_
TP18,KWA1102,453,1,_
TP18,LIV2201,631,1,_
TP18,LTN2201,371,1,_
TP18,LTN2202,372,1,_
TP18,MCH1101,504,1,_
TP18,MDN1101,25,1,_
TP18,MDN2201,26,1,_
TP18,MGM1101,455,1,_
TP18,MHO1101,375,1,_
TP18,MHO1102,376,1,_
TP18,MHT1102,422,1,_
TP18,MHT1103,423,1,_
TP18,MKT1101,314,1,_
TP18,MLG1101,459,1,_
TP18,MLG1102,458,1,_
TP18,MNI1101,329,1,_
TP18,MST1101,461,1,_
TP18,MTI2201,211,1,_
TP18,MTM1101,213,1,_
TP18,MTN1101,379,1,_
TP18,MTN1102,378,1,_
TP18,MTO1101,29,1,_
TP18,MTO1102,30,1,_
TP18,MTR1101,381,1,_
TP18,MVE1101,102,1,_
TP18,MVE1102,103,1,_
TP18,NGA1101,31,1,_
TP18,NMA2201,712,1,_
TP18,NPK1101,383,1,_
TP18,NPL1101,333,1,_
TP18,NPL2201,334,1,_
TP18,NSY2201,633,1,_
TP18,OAM1101,635,1,_
TP18,OAM1102,752,1,_
TP18,OHA2201,640,1,_
TP18,OHB2201,645,1,_
TP18,OHC2201,650,1,_
TP18,OHK2201,223,1,_
TP18,OHW2201,136,1,_
TP18,OHW2202,136,1,_
TP18,OKE1101,224,1,_
TP18,OKI2201,227,0.5,_
TP18,OKI2201,229,0.5,_
TP18,OKN1101,385,1,_
TP18,ONG1101,138,1,_
TP18,OPI2201,540,1,_
TP18,OPI2202,539,1,_
TP18,OPK1101,743,1,_
TP18,OPK1102,336,1,_
TP18,OTA1103,70,1,_
TP18,OTA1104,734,1,_
TP18,OTA1105,70,1,_
TP18,OTA1106,734,1,_
TP18,OTA1107,70,1,_
TP18,OTA1108,734,1,_
TP18,OTA1109,70,1,_
TP18,OTA110A,734,1,_
TP18,OTA2201,72,1,_
TP18,OTA2202,73,1,_
TP18,OTA2203,71,1,_
TP18,OTI0661,596,1,_
TP18,OWH1101,240,1,_
TP18,PAK2201,76,1,_
TP18,PEN0222,79,1,_
TP18,PEN2201,87,1,_
TP18,PIE1101,173,1,_
TP18,PNI1101,463,1,_
TP18,PNI1102,464,1,_
TP18,PRM2201,468,1,_
TP18,PRM2202,469,1,_
TP18,PRT2201,425,1,_
TP18,PRT2202,424,1,_
TP18,RDF1101,296,1,_
TP18,RDF1102,296,1,_
TP18,RDF2201,297,1,_
TP18,RFC1101,483,1,_
TP18,ROT1102,247,1,_
TP18,ROX1101,723,1,_
TP18,ROX2201,724,1,_
TP18,RPO2201,388,1,_
TP18,RTO1101,104,1,_
TP18,RTR1101,365,1,_
TP18,SDN2201,726,1,_
TP18,SFD1101,344,1,_
TP18,STK1101,515,1,_
TP18,STK2201,516,1,_
TP18,STU1101,654,1,_
TP18,SVL2201,33,1,_
TP18,SVL2202,34,1,_
TP18,TAK2201,92,1,_
TP18,TAK2202,93,1,_
TP18,TGA1101,252,1,_
TP18,TIM1101,557,1,_
TP18,TIM2201,559,1,_
TP18,TIM2202,558,1,_
TP18,TKA0111,560,1,_
TP18,TKA1101,562,1,_
TP18,TKB2201,657,1,_
TP18,TKH0501,257,1,_
TP18,TKR1101,471,1,_
TP18,TKU2201,396,1,_
TP18,TMH2201,727,1,_
TP18,TMI1101,259,1,_
TP18,TMK1101,5150,1,_
TP18,TMK1102,565,1,_
TP18,TMN2201,399,1,_
TP18,TMU1101,141,1,_
TP18,TNG2201,403,1,_
TP18,TRK1101,267,1,_
TP18,TRK1102,267,1,_
TP18,TRK2201,268,1,_
TP18,TWH2201,149,1,_
TP18,TWT2201,369,1,_
TP18,TWZ2201,659,1,_
TP18,TWZ2202,659,1,_
TP18,UHT1101,473,1,_
TP18,WAI0501,270,1,_
TP18,WAI1101,271,1,_
TP18,WDV1102,410,1,_
TP18,WEL1101,40,1,_
TP18,WEL1102,39,1,_
TP18,WGN1101,412,1,_
TP18,WHU1101,151,1,_
TP18,WIL1101,477,1,_
TP18,WIL2201,478,1,_
TP18,WIR1101,95,1,_
TP18,WIR1102,736,1,_
TP18,WKM2202,282,1,_
TP18,WKO1101,153,1,_
TP18,WMG1101,746,1,_
TP18,WMG1102,517,1,_
TP18,WPA2201,284,1,_
TP18,WPR2202,538,1,_
TP18,WPR2203,537,1,_
TP18,WPT1101,747,1,_
TP18,WPT1102,519,1,_
TP18,WPW1101,414,1,_
TP18,WPW1102,415,1,_
TP18,WRD2201,44,1,_
TP18,WRK2201,292,1,_
TP18,WTK1101,666,1,_
TP18,WTK1102,667,1,_
TP18,WTK2201,668,1,_
TP18,WTU2201,741,1,_
TP18,WTU2202,312,1,_
TP18,WVY1101,353,1,_
TP19,ARA2201_ARA0,160,0.333333333,_
TP19,ARA2201_ARA0,161,0.333333333,_
TP19,ARA2201_ARA0,162,0.333333333,_
TP19,ARG1101_BRR0,486,1,_
TP19,ARI1101_ARI0,100,0.25,_
TP19,ARI1101_ARI0,97,0.25,_
TP19,ARI1101_ARI0,98,0.25,_
TP19,ARI1101_ARI0,99,0.25,_
TP19,ARI1102_ARI0,96,1,_
TP19,ASB0661_HBK0,554,1,_
TP19,ATI2201_ATI0,164,1,_
TP19,AVI2201_AVI0,599,0.25,_
TP19,AVI2201_AVI0,600,0.25,_
TP19,AVI2201_AVI0,601,0.25,_
TP19,AVI2201_AVI0,602,0.25,_
TP19,BEN2202_BEN0,606,0.166666667,_
TP19,BEN2202_BEN0,607,0.166666667,_
TP19,BEN2202_BEN0,608,0.166666667,_
TP19,BEN2202_BEN0,609,0.166666667,_
TP19,BEN2202_BEN0,610,0.166666667,_
TP19,BEN2202_BEN0,611,0.166666667,_
TP19,BOB1101,46,1,_
TP19,BPE0331_TWF0,408,1,_
TP19,BWK1101_WPI0,731,1,_
TP19,COL0661_COL0,574,0.447368421,_
TP19,COL0661_COL0,750,0.552631579,_
TP19,CPK0331,418,1,_
TP19,CYD2201_CYD0,674,0.25,_
TP19,CYD2201_CYD0,675,0.25,_
TP19,CYD2201_CYD0,676,0.25,_
TP19,CYD2201_CYD0,677,0.25,_
TP19,GLN0332_GLN0,50,1,_
TP19,HAM0331,109,1,_
TP19,HIN0331,114,1,_
TP19,HLY2201_HLY1,119,1,_
TP19,HLY2201_HLY2,118,1,_
TP19,HLY2201_HLY5,120,1,_
TP19,HLY2201_HLY6,117,1,_
TP19,HWA1101_PTA1,337,1,_
TP19,HWA1101_PTA2,337,1,_
TP19,HWA1101_PTA3,337,1,_
TP19,HWA1102_WAA0,348,0.416909621,_
TP19,HWA1102_WAA0,350,0.583090379,_
TP19,HWA1102_WAA1,348,0.416909621,_
TP19,HWA1102_WAA1,350,0.583090379,_
TP19,HWB0331_MAH0,700,1,_
TP19,HWB0331_WPI0,730,1,_
TP19,ISL0331,525,1,_
TP19,KAW0111,179,1,_
TP19,KAW0112_ONU0,235,0.29467381,_
TP19,KAW0112_ONU0,236,0.204853451,_
TP19,KAW0112_ONU0,237,0.126063662,_
TP19,KAW0112_ONU0,238,0.374409077,_
TP19,KAW0113,178,1,_
TP19,KAW1101_KAG0,174,1,_
TP19,KIN0112_KIN0,125,1,_
TP19,KIN0331,127,1,_
TP19,KPA1101_KPI1,323,1,_
TP19,KPO1101_KPO0,130,0.333333333,_
TP19,KPO1101_KPO0,131,0.333333333,_
TP19,KPO1101_KPO0,132,0.333333333,_
TP19,KPU0661,134,1,_
TP19,KUM0661_KUM0,593,1,_
TP19,LTN0331_TWF0,407,1,_
TP19,MAN2201_MAN0,702,0.142857143,_
TP19,MAN2201_MAN0,703,0.142857143,_
TP19,MAN2201_MAN0,704,0.142857143,_
TP19,MAN2201_MAN0,705,0.142857143,_
TP19,MAN2201_MAN0,706,0.142857143,_
TP19,MAN2201_MAN0,707,0.142857143,_
TP19,MAN2201_MAN0,708,0.142857143,_
TP19,MAT1101_ANI0,154,0.5,_
TP19,MAT1101_ANI0,155,0.5,_
TP19,MAT1101_MAT0,195,0.5,_
TP19,MAT1101_MAT0,196,0.5,_
TP19,MHO0331_MHO0,373,1,_
TP19,MKE1101_MKE1,325,0.5,_
TP19,MKE1101_MKE1,326,0.5,_
TP19,MPE1101,27,1,_
TP19,MTI2201_MTI0,201,0.1,_
TP19,MTI2201_MTI0,202,0.1,_
TP19,MTI2201_MTI0,203,0.1,_
TP19,MTI2201_MTI0,204,0.1,_
TP19,MTI2201_MTI0,205,0.1,_
TP19,MTI2201_MTI0,206,0.1,_
TP19,MTI2201_MTI0,207,0.1,_
TP19,MTI2201_MTI0,208,0.1,_
TP19,MTI2201_MTI0,209,0.1,_
TP19,MTI2201_MTI0,210,0.1,_
TP19,NAP2201_NAP0,214,1,_
TP19,NAP2202_NTM0,216,0.5,_
TP19,NAP2202_NTM0,217,0.5,_
TP19,NMA0331_WHL0,729,1,_
TP19,NSY0331_PAE0,651,1,_
TP19,OHA2201_OHA0,636,0.25,_
TP19,OHA2201_OHA0,637,0.25,_
TP19,OHA2201_OHA0,638,0.25,_
TP19,OHA2201_OHA0,639,0.25,_
TP19,OHB2201_OHB0,641,0.25,_
TP19,OHB2201_OHB0,642,0.25,_
TP19,OHB2201_OHB0,643,0.25,_
TP19,OHB2201_OHB0,644,0.25,_
TP19,OHC2201_OHC0,646,0.25,_
TP19,OHC2201_OHC0,647,0.25,_
TP19,OHC2201_OHC0,648,0.25,_
TP19,OHC2201_OHC0,649,0.25,_
TP19,OHK2201_OHK0,219,0.25,_
TP19,OHK2201_OHK0,220,0.25,_
TP19,OHK2201_OHK0,221,0.25,_
TP19,OHK2201_OHK0,222,0.25,_
TP19,OKI2201_OKI0,228,0.099099099,_
TP19,OKI2201_OKI0,230,0.450450451,_
TP19,OKI2201_OKI0,231,0.450450451,_
TP19,PEN0331,81,1,_
TP19,PPI2201_PPI0,241,1,_
TP19,PRM0331,465,1,_
TP19,ROT1101_WHE0,272,1,_
TP19,ROX1101_ROX0,714,0.333333333,_
TP19,ROX1101_ROX0,715,0.333333333,_
TP19,ROX1101_ROX0,716,0.333333333,_
TP19,ROX2201_ROX0,717,0.2,_
TP19,ROX2201_ROX0,718,0.2,_
TP19,ROX2201_ROX0,719,0.2,_
TP19,ROX2201_ROX0,720,0.2,_
TP19,ROX2201_ROX0,721,0.2,_
TP19,RPO2201_RPO0,386,0.5,_
TP19,RPO2201_RPO0,387,0.5,_
TP19,SFD2201_SFD21,340,1,_
TP19,SFD2201_SFD22,341,1,_
TP19,SFD2201_SPL0,346,1,_
TP19,STK0661_COB0,491,1,_
TP19,TGA0331_KMI0,183,1,_
TP19,THI2201_THI1,253,1,_
TP19,THI2201_THI2,254,1,_
TP19,TKA0111_TKA1,560,1,_
TP19,TKB2201_TKB1,655,0.5,_
TP19,TKB2201_TKB1,656,0.5,_
TP19,TKU2201_TKU0,391,0.25,_
TP19,TKU2201_TKU0,392,0.25,_
TP19,TKU2201_TKU0,393,0.25,_
TP19,TKU2201_TKU0,394,0.25,_
TP19,TUI1101_KTW0,298,0.5,_
TP19,TUI1101_KTW0,299,0.5,_
TP19,TUI1101_PRI0,300,0.5,_
TP19,TUI1101_PRI0,301,0.5,_
TP19,TUI1101_TUI0,302,0.333333333,_
TP19,TUI1101_TUI0,303,0.333333333,_
TP19,TUI1101_TUI0,304,0.333333333,_
TP19,TWC2201_NZW0,404,1,_
TP19,TWC2201_TWF0,405,1,_
TP19,TWH0331_TRC1,142,1,_
TP19,TWH0331_TUK0,147,1,_
TP19,WDV1101_TAP0,389,1,_
TP19,WGN0331,411,1,_
TP19,WHI0111,306,1,_
TP19,WHI2201_WHI0,307,0.333333333,_
TP19,WHI2201_WHI0,308,0.333333333,_
TP19,WHI2201_WHI0,309,0.333333333,_
TP19,WHU0331,150,1,_
TP19,WIL0331_MCK0,482,1,_
TP19,WKM2201_MOK0,198,0.524257784,_
TP19,WKM2201_MOK0,199,0.475742216,_
TP19,WKM2201_WKM0,274,0.25,_
TP19,WKM2201_WKM0,275,0.25,_
TP19,WKM2201_WKM0,276,0.25,_
TP19,WKM2201_WKM0,277,0.25,_
TP19,WKO0331,152,1,_
TP19,WPA2201_WPA0,283,1,_
TP19,WRK0331_RKA0,740,1,_
TP19,WRK0331_TAA0,248,1,_
TP19,WRK2201_WRK0,285,0.340664962,_
TP19,WRK2201_WRK0,286,0.170332481,_
TP19,WRK2201_WRK0,287,0.19028133,_
TP19,WRK2201_WRK0,288,0.211764706,_
TP19,WRK2201_WRK0,289,0.086956522,_
TP19,WTK0111_WTK0,660,1,_
TP19,WWD1102_WWD0,479,1,_
TP19,WWD1103_WWD0,744,1,_
TP19,KAW0112_DLS0,176,1,_
TP19,KAW0113_DLS1,178,1,_
TP19,ABY0111,541,1,_
TP19,ALB0331,4,1,_
TP19,ALB1101,41,1,_
TP19,APS0111,569,1,_
TP19,ARG1101,487,1,_
TP19,ASB0331,543,1,_
TP19,ASB0661,544,1,_
TP19,ASY0111,520,0.5,_
TP19,ASY0111,748,0.5,_
TP19,ATU1101,488,1,_
TP19,BAL0331,669,1,_
TP19,BDE0111,671,1,_
TP19,BLN0331,489,1,_
TP19,BOB0331,45,1,_
TP19,BPD1101,618,1,_
TP19,BPE0331,357,1,_
TP19,BPE0551,358,0.5,_
TP19,BPE0551,359,0.5,_
TP19,BPT1101,619,1,_
TP19,BRB0331,8,1,_
TP19,BRK0331,315,1,_
TP19,BRY0661,549,1,_
TP19,BWK1101,673,1,_
TP19,CBG0111,105,1,_
TP19,CLH0111,572,1,_
TP19,CML0331,620,1,_
TP19,COL0111,575,1,_
TP19,COL0661,576,1,_
TP19,CPK0111,416,0.5,_
TP19,CPK0111,417,0.5,_
TP19,CST0331,317,1,_
TP19,CUL0331,493,1,_
TP19,CUL0661,494,1,_
TP19,CYD0331,678,1,_
TP19,CYD2201,679,1,_
TP19,DOB0331,579,1,_
TP19,DVK0111,366,1,_
TP19,EDG0331,168,1,_
TP19,EDN0331,680,1,_
TP19,FHL0331,293,1,_
TP19,FKN0331,628,1,_
TP19,GFD0331,426,1,_
TP19,GLN0331,733,1,_
TP19,GLN0332,51,1,_
TP19,GOR0331,682,1,_
TP19,GYM0661,585,1,_
TP19,GYT0331,429,1,_
TP19,HAM0111,108,1,_
TP19,HAM0551,110,1,_
TP19,HAM0551,5032,0,_
TP19,HAY0111,434,1,_
TP19,HAY0331,443,1,_
TP19,HEN0331,12,1,_
TP19,HEP0331,17,1,_
TP19,HKK0661,587,1,_
TP19,HLY0331,121,1,_
TP19,HOB1101,56,1,_
TP19,HOR0331,589,1,_
TP19,HOR0661,590,1,_
TP19,HTI0331,123,1,_
TP19,HUI0331,319,1,_
TP19,HWA0331,321,1,_
TP19,HWA0332,742,1,_
TP19,HWA1101,322,1,_
TP19,HWA1102,322,1,_
TP19,HWB0331,688,1,_
TP19,HWB0332,753,1,_
TP19,HWB1101,693,1,_
TP19,INV0331,696,1,_
TP19,ISL0661,526,1,_
TP19,KAI0111,531,1,_
TP19,KAW0112,176,1,_
TP19,KAW1101,181,1,_
TP19,KBY0661,591,1,_
TP19,KBY0662,591,1,_
TP19,KIK0111,745,1,_
TP19,KIN0111,126,1,_
TP19,KIN0112,125,1,_
TP19,KIN0113,738,1,_
TP19,KMO0331,187,1,_
TP19,KOE1101,20,1,_
TP19,KPA1101,324,1,_
TP19,KUM0661,593,1,_
TP19,KWA0111,451,1,_
TP19,LFD1101,192,1,_
TP19,LFD1102,192,1,_
TP19,LTN0331,370,1,_
TP19,MAN2201,701,1,_
TP19,MAT1101,156,0.909090909,_
TP19,MAT1101,197,0.090909091,_
TP19,MCH0111,503,1,_
TP19,MER0331,60,1,_
TP19,MGM0331,454,1,_
TP19,MHO0331,374,1,_
TP19,MKE1101,325,0.5,_
TP19,MKE1101,326,0.5,_
TP19,MLG0111,456,1,_
TP19,MLG0331,457,1,_
TP19,MNG0331,61,1,_
TP19,MNG1101,62,1,_
TP19,MNI0111,328,1,_
TP19,MST0331,460,1,_
TP19,MTM0331,212,1,_
TP19,MTN0331,377,1,_
TP19,MTO0331,28,1,_
TP19,MTR0331,380,1,_
TP19,NAP2201,214,1,_
TP19,NAP2202,215,1,_
TP19,NMA0331,711,1,_
TP19,NPK0331,382,1,_
TP19,NPL0331,331,1,_
TP19,NSY0331,632,1,_
TP19,OAM0331,634,1,_
TP19,OKN0111,384,1,_
TP19,ONG0331,137,1,_
TP19,OPK0331,335,1,_
TP19,ORO1101,507,1,_
TP19,ORO1102,508,1,_
TP19,OTA0221,66,1,_
TP19,OTI0111,595,1,_
TP19,OWH0111,239,1,_
TP19,PAK0331,75,1,_
TP19,PAO1101,139,1,_
TP19,PEN0221,79,1,_
TP19,PEN0251,80,1,_
TP19,PEN1101,56,0.190798081,_
TP19,PEN1101,58,0.645660707,_
TP19,PEN1101,88,0.163541212,_
TP19,PNI0331,462,1,_
TP19,PPI2201,241,0.5,_
TP19,PPI2201,242,0.5,_
TP19,RDF0331,295,1,_
TP19,RFN1101,506,1,_
TP19,RFN1102,505,1,_
TP19,ROS0221,89,1,_
TP19,ROS1101,90,1,_
TP19,ROT0111,245,1,_
TP19,ROT0331,246,1,_
TP19,ROT1101,247,1,_
TP19,SBK0331,533,1,_
TP19,SBK0661,534,1,_
TP19,SDN0331,725,1,_
TP19,SFD0331,342,1,_
TP19,SFD2201,345,1,_
TP19,STK0331,511,1,_
TP19,STK0661,512,1,_
TP19,STU0111,653,1,_
TP19,SVL0331,32,1,_
TP19,SWN0251,36,1,_
TP19,SWN2201,37,1,_
TP19,TAK0331,91,1,_
TP19,TGA0111,250,1,_
TP19,TGA0331,251,1,_
TP19,THI2201,255,1,_
TP19,TIM0111,556,1,_
TP19,TKA0331,561,1,_
TP19,TKH0111,256,1,_
TP19,TKR0331,470,1,_
TP19,TKU0331,395,1,_
TP19,TMI0331,258,1,_
TP19,TMK0331,563,1,_
TP19,TMN0551,397,0.5,_
TP19,TMN0551,398,0.5,_
TP19,TMU0111,140,1,_
TP19,TNG0111,400,1,_
TP19,TNG0551,401,0.5,_
TP19,TNG0551,402,0.5,_
TP19,TRK0111,260,1,_
TP19,TUI1101,305,1,_
TP19,TWC2201,406,1,_
TP19,TWH0331,143,0.253164557,_
TP19,TWH0331,148,0.746835443,_
TP19,TWI2201,728,1,_
TP19,TWZ0331,658,1,_
TP19,UHT0331,472,1,_
TP19,WAI0111,269,1,_
TP19,WDV0111,409,1,_
TP19,WDV1101,410,1,_
TP19,WEL0331,38,1,_
TP19,WHI2201,310,1,_
TP19,WIL0331,475,1,_
TP19,WIR0331,94,1,_
TP19,WKM2201,278,1,_
TP19,WPR0331,535,1,_
TP19,WPR0661,536,1,_
TP19,WPT0111,518,1,_
TP19,WPW0331,413,1,_
TP19,WRD0331,41,1,_
TP19,WRK0331,290,1,_
TP19,WTK0111,660,1,_
TP19,WTK0331,5157,1,_
TP19,WTU0331,311,1,_
TP19,WVY0111,352,1,_
TP19,WWD1102,481,1,_
TP19,WWD1103,480,1,_
TP19,ABY1101,542,1,_
TP19,ALB2201,7,1,_
TP19,APS0661,570,1,_
TP19,ARA2201,163,1,_
TP19,ARI1101,737,1,_
TP19,ARI1102,101,1,_
TP19,ASB2201,545,1,_
TP19,ASY0661,521,1,_
TP19,ATI2201,164,1,_
TP19,AVI2201,603,1,_
TP19,BAL1101,670,1,_
TP19,BDE1101,672,1,_
TP19,BEN2201,617,1,_
TP19,BEN2202,617,1,_
TP19,BEN3502,615,1,_
TP19,BEN3503,616,1,_
TP19,BHL2201,47,1,_
TP19,BHL2202,48,1,_
TP19,BLN1101,490,1,_
TP19,BPC1101,598,1,_
TP19,BPE1101,363,1,_
TP19,BPE2201,364,1,_
TP19,BRB2201,9,1,_
TP19,BRK2201,316,1,_
TP19,BRK2202,316,1,_
TP19,BRY2201,553,1,_
TP19,CBG1101,107,1,_
TP19,CBG1102,106,1,_
TP19,CLH0661,573,1,_
TP19,CML1101,625,1,_
TP19,CML1102,624,1,_
TP19,CML2201,627,1,_
TP19,CML2202,626,1,_
TP19,CPK1101,419,1,_
TP19,CPK1102,420,1,_
TP19,CPK1103,421,1,_
TP19,CST1101,318,1,_
TP19,CUL2202,495,1,_
TP19,CUL2203,496,1,_
TP19,DOB0661,580,1,_
TP19,DOB1101,584,1,_
TP19,DOB1102,583,1,_
TP19,DRY2201,49,1,_
TP19,DRY2202,49,1,_
TP19,DVK1101,367,1,_
TP19,DVK1102,368,1,_
TP19,EDG1101,171,1,_
TP19,EDG1102,171,1,_
TP19,EDG2201,172,1,_
TP19,EDN1101,681,1,_
TP19,FHL1101,294,1,_
TP19,FKN1101,630,1,_
TP19,FKN1102,629,1,_
TP19,GFD1101,428,1,_
TP19,GFD1102,427,1,_
TP19,GLN2201,53,1,_
TP19,GNY1101,597,1,_
TP19,GOR1101,683,1,_
TP19,GOR1102,683,1,_
TP19,GYT1101,430,1,_
TP19,GYT1102,431,1,_
TP19,HAM1101,112,1,_
TP19,HAM2201,113,1,_
TP19,HAY1101,447,1,_
TP19,HAY2201,450,1,_
TP19,HAY3502,449,1,_
TP19,HAY3503,448,1,_
TP19,HEN1101,15,1,_
TP19,HEN2201,16,1,_
TP19,HEP1101,18,1,_
TP19,HIN1101,115,1,_
TP19,HLY2201,116,1,_
TP19,HOB2201,57,1,_
TP19,HPI2201,19,1,_
TP19,HPI2202,19,1,_
TP19,HTI1101,124,1,_
TP19,HUI1101,320,1,_
TP19,HWA1001,322,1,_
TP19,HWB2201,694,1,_
TP19,IGH1101,497,1,_
TP19,INV1101,698,1,_
TP19,INV2201,699,1,_
TP19,INV2202,699,1,_
TP19,ISL2201,530,1,_
TP19,KAI0661,532,1,_
TP19,KAW2201,182,1,_
TP19,KBT0661,567,1,_
TP19,KBT0662,566,1,_
TP19,KIK1101,501,1,_
TP19,KIK2201,502,1,_
TP19,KIN1101,129,1,_
TP19,KIN1102,129,1,_
TP19,KMO1101,190,1,_
TP19,KMO1102,190,1,_
TP19,KMO1103,190,1,_
TP19,KMO2201,191,1,_
TP19,KPO1101,133,1,_
TP19,KPU1101,739,1,_
TP19,KPU1102,5046,1,_
TP19,KWA1101,452,1,_
TP19,KWA1102,453,1,_
TP19,LIV2201,631,1,_
TP19,LTN2201,371,1,_
TP19,LTN2202,372,1,_
TP19,MCH1101,504,1,_
TP19,MDN1101,25,1,_
TP19,MDN2201,26,1,_
TP19,MGM1101,455,1,_
TP19,MHO1101,375,1,_
TP19,MHO1102,376,1,_
TP19,MHT1102,422,1,_
TP19,MHT1103,423,1,_
TP19,MKT1101,314,1,_
TP19,MLG1101,459,1,_
TP19,MLG1102,458,1,_
TP19,MNI1101,329,1,_
TP19,MST1101,461,1,_
TP19,MTI2201,211,1,_
TP19,MTM1101,213,1,_
TP19,MTN1101,379,1,_
TP19,MTN1102,378,1,_
TP19,MTO1101,29,1,_
TP19,MTO1102,30,1,_
TP19,MTR1101,381,1,_
TP19,MVE1101,102,1,_
TP19,MVE1102,103,1,_
TP19,NGA1101,31,1,_
TP19,NMA2201,712,1,_
TP19,NPK1101,383,1,_
TP19,NPL1101,333,1,_
TP19,NPL2201,334,1,_
TP19,NSY2201,633,1,_
TP19,OAM1101,635,1,_
TP19,OAM1102,752,1,_
TP19,OHA2201,640,1,_
TP19,OHB2201,645,1,_
TP19,OHC2201,650,1,_
TP19,OHK2201,223,1,_
TP19,OHW2201,136,1,_
TP19,OHW2202,136,1,_
TP19,OKE1101,224,1,_
TP19,OKI2201,227,0.5,_
TP19,OKI2201,229,0.5,_
TP19,OKN1101,385,1,_
TP19,ONG1101,138,1,_
TP19,OPI2201,540,1,_
TP19,OPI2202,539,1,_
TP19,OPK1101,743,1,_
TP19,OPK1102,336,1,_
TP19,OTA1103,70,1,_
TP19,OTA1104,734,1,_
TP19,OTA1105,70,1,_
TP19,OTA1106,734,1,_
TP19,OTA1107,70,1,_
TP19,OTA1108,734,1,_
TP19,OTA1109,70,1,_
TP19,OTA110A,734,1,_
TP19,OTA2201,72,1,_
TP19,OTA2202,73,1,_
TP19,OTA2203,71,1,_
TP19,OTI0661,596,1,_
TP19,OWH1101,240,1,_
TP19,PAK2201,76,1,_
TP19,PEN0222,79,1,_
TP19,PEN2201,87,1,_
TP19,PIE1101,173,1,_
TP19,PNI1101,463,1,_
TP19,PNI1102,464,1,_
TP19,PRM2201,468,1,_
TP19,PRM2202,469,1,_
TP19,PRT2201,425,1,_
TP19,PRT2202,424,1,_
TP19,RDF1101,296,1,_
TP19,RDF1102,296,1,_
TP19,RDF2201,297,1,_
TP19,RFC1101,483,1,_
TP19,ROT1102,247,1,_
TP19,ROX1101,723,1,_
TP19,ROX2201,724,1,_
TP19,RPO2201,388,1,_
TP19,RTO1101,104,1,_
TP19,RTR1101,365,1,_
TP19,SDN2201,726,1,_
TP19,SFD1101,344,1,_
TP19,STK1101,515,1,_
TP19,STK2201,516,1,_
TP19,STU1101,654,1,_
TP19,SVL2201,33,1,_
TP19,SVL2202,34,1,_
TP19,TAK2201,92,1,_
TP19,TAK2202,93,1,_
TP19,TGA1101,252,1,_
TP19,TIM1101,557,1,_
TP19,TIM2201,559,1,_
TP19,TIM2202,558,1,_
TP19,TKA0111,560,1,_
TP19,TKA1101,562,1,_
TP19,TKB2201,657,1,_
TP19,TKH0501,257,1,_
TP19,TKR1101,471,1,_
TP19,TKU2201,396,1,_
TP19,TMH2201,727,1,_
TP19,TMI1101,259,1,_
TP19,TMK1101,5150,1,_
TP19,TMK1102,565,1,_
TP19,TMN2201,399,1,_
TP19,TMU1101,141,1,_
TP19,TNG2201,403,1,_
TP19,TRK1101,267,1,_
TP19,TRK1102,267,1,_
TP19,TRK2201,268,1,_
TP19,TWH2201,149,1,_
TP19,TWT2201,369,1,_
TP19,TWZ2201,659,1,_
TP19,TWZ2202,659,1,_
TP19,UHT1101,473,1,_
TP19,WAI0501,270,1,_
TP19,WAI1101,271,1,_
TP19,WDV1102,410,1,_
TP19,WEL1101,40,1,_
TP19,WEL1102,39,1,_
TP19,WGN1101,412,1,_
TP19,WHU1101,151,1,_
TP19,WIL1101,477,1,_
TP19,WIL2201,478,1,_
TP19,WIR1101,95,1,_
TP19,WIR1102,736,1,_
TP19,WKM2202,282,1,_
TP19,WKO1101,153,1,_
TP19,WMG1101,746,1,_
TP19,WMG1102,517,1,_
TP19,WPA2201,284,1,_
TP19,WPR2202,538,1,_
TP19,WPR2203,537,1,_
TP19,WPT1101,747,1,_
TP19,WPT1102,519,1,_
TP19,WPW1101,414,1,_
TP19,WPW1102,415,1,_
TP19,WRD2201,44,1,_
TP19,WRK2201,292,1,_
TP19,WTK1101,666,1,_
TP19,WTK1102,667,1,_
TP19,WTK2201,668,1,_
TP19,WTU2201,741,1,_
TP19,WTU2202,312,1,_
TP19,WVY1101,353,1,_
TP20,ARA2201_ARA0,160,0.333333333,_
TP20,ARA2201_ARA0,161,0.333333333,_
TP20,ARA2201_ARA0,162,0.333333333,_
TP20,ARG1101_BRR0,486,1,_
TP20,ARI1101_ARI0,100,0.25,_
TP20,ARI1101_ARI0,97,0.25,_
TP20,ARI1101_ARI0,98,0.25,_
TP20,ARI1101_ARI0,99,0.25,_
TP20,ARI1102_ARI0,96,1,_
TP20,ASB0661_HBK0,554,1,_
TP20,ATI2201_ATI0,164,1,_
TP20,AVI2201_AVI0,599,0.25,_
TP20,AVI2201_AVI0,600,0.25,_
TP20,AVI2201_AVI0,601,0.25,_
TP20,AVI2201_AVI0,602,0.25,_
TP20,BEN2202_BEN0,606,0.166666667,_
TP20,BEN2202_BEN0,607,0.166666667,_
TP20,BEN2202_BEN0,608,0.166666667,_
TP20,BEN2202_BEN0,609,0.166666667,_
TP20,BEN2202_BEN0,610,0.166666667,_
TP20,BEN2202_BEN0,611,0.166666667,_
TP20,BOB1101,46,1,_
TP20,BPE0331_TWF0,408,1,_
TP20,BWK1101_WPI0,731,1,_
TP20,COL0661_COL0,574,0.447368421,_
TP20,COL0661_COL0,750,0.552631579,_
TP20,CPK0331,418,1,_
TP20,CYD2201_CYD0,674,0.25,_
TP20,CYD2201_CYD0,675,0.25,_
TP20,CYD2201_CYD0,676,0.25,_
TP20,CYD2201_CYD0,677,0.25,_
TP20,GLN0332_GLN0,50,1,_
TP20,HAM0331,109,1,_
TP20,HIN0331,114,1,_
TP20,HLY2201_HLY1,119,1,_
TP20,HLY2201_HLY2,118,1,_
TP20,HLY2201_HLY5,120,1,_
TP20,HLY2201_HLY6,117,1,_
TP20,HWA1101_PTA1,337,1,_
TP20,HWA1101_PTA2,337,1,_
TP20,HWA1101_PTA3,337,1,_
TP20,HWA1102_WAA0,348,0.416909621,_
TP20,HWA1102_WAA0,350,0.583090379,_
TP20,HWA1102_WAA1,348,0.416909621,_
TP20,HWA1102_WAA1,350,0.583090379,_
TP20,HWB0331_MAH0,700,1,_
TP20,HWB0331_WPI0,730,1,_
TP20,ISL0331,525,1,_
TP20,KAW0111,179,1,_
TP20,KAW0112_ONU0,235,0.29467381,_
TP20,KAW0112_ONU0,236,0.204853451,_
TP20,KAW0112_ONU0,237,0.126063662,_
TP20,KAW0112_ONU0,238,0.374409077,_
TP20,KAW0113,178,1,_
TP20,KAW1101_KAG0,174,1,_
TP20,KIN0112_KIN0,125,1,_
TP20,KIN0331,127,1,_
TP20,KPA1101_KPI1,323,1,_
TP20,KPO1101_KPO0,130,0.333333333,_
TP20,KPO1101_KPO0,131,0.333333333,_
TP20,KPO1101_KPO0,132,0.333333333,_
TP20,KPU0661,134,1,_
TP20,KUM0661_KUM0,593,1,_
TP20,LTN0331_TWF0,407,1,_
TP20,MAN2201_MAN0,702,0.142857143,_
TP20,MAN2201_MAN0,703,0.142857143,_
TP20,MAN2201_MAN0,704,0.142857143,_
TP20,MAN2201_MAN0,705,0.142857143,_
TP20,MAN2201_MAN0,706,0.142857143,_
TP20,MAN2201_MAN0,707,0.142857143,_
TP20,MAN2201_MAN0,708,0.142857143,_
TP20,MAT1101_ANI0,154,0.5,_
TP20,MAT1101_ANI0,155,0.5,_
TP20,MAT1101_MAT0,195,0.5,_
TP20,MAT1101_MAT0,196,0.5,_
TP20,MHO0331_MHO0,373,1,_
TP20,MKE1101_MKE1,325,0.5,_
TP20,MKE1101_MKE1,326,0.5,_
TP20,MPE1101,27,1,_
TP20,MTI2201_MTI0,201,0.1,_
TP20,MTI2201_MTI0,202,0.1,_
TP20,MTI2201_MTI0,203,0.1,_
TP20,MTI2201_MTI0,204,0.1,_
TP20,MTI2201_MTI0,205,0.1,_
TP20,MTI2201_MTI0,206,0.1,_
TP20,MTI2201_MTI0,207,0.1,_
TP20,MTI2201_MTI0,208,0.1,_
TP20,MTI2201_MTI0,209,0.1,_
TP20,MTI2201_MTI0,210,0.1,_
TP20,NAP2201_NAP0,214,1,_
TP20,NAP2202_NTM0,216,0.5,_
TP20,NAP2202_NTM0,217,0.5,_
TP20,NMA0331_WHL0,729,1,_
TP20,NSY0331_PAE0,651,1,_
TP20,OHA2201_OHA0,636,0.25,_
TP20,OHA2201_OHA0,637,0.25,_
TP20,OHA2201_OHA0,638,0.25,_
TP20,OHA2201_OHA0,639,0.25,_
TP20,OHB2201_OHB0,641,0.25,_
TP20,OHB2201_OHB0,642,0.25,_
TP20,OHB2201_OHB0,643,0.25,_
TP20,OHB2201_OHB0,644,0.25,_
TP20,OHC2201_OHC0,646,0.25,_
TP20,OHC2201_OHC0,647,0.25,_
TP20,OHC2201_OHC0,648,0.25,_
TP20,OHC2201_OHC0,649,0.25,_
TP20,OHK2201_OHK0,219,0.25,_
TP20,OHK2201_OHK0,220,0.25,_
TP20,OHK2201_OHK0,221,0.25,_
TP20,OHK2201_OHK0,222,0.25,_
TP20,OKI2201_OKI0,228,0.099099099,_
TP20,OKI2201_OKI0,230,0.450450451,_
TP20,OKI2201_OKI0,231,0.450450451,_
TP20,PEN0331,81,1,_
TP20,PPI2201_PPI0,241,1,_
TP20,PRM0331,465,1,_
TP20,ROT1101_WHE0,272,1,_
TP20,ROX1101_ROX0,714,0.333333333,_
TP20,ROX1101_ROX0,715,0.333333333,_
TP20,ROX1101_ROX0,716,0.333333333,_
TP20,ROX2201_ROX0,717,0.2,_
TP20,ROX2201_ROX0,718,0.2,_
TP20,ROX2201_ROX0,719,0.2,_
TP20,ROX2201_ROX0,720,0.2,_
TP20,ROX2201_ROX0,721,0.2,_
TP20,RPO2201_RPO0,386,0.5,_
TP20,RPO2201_RPO0,387,0.5,_
TP20,SFD2201_SFD21,340,1,_
TP20,SFD2201_SFD22,341,1,_
TP20,SFD2201_SPL0,346,1,_
TP20,STK0661_COB0,491,1,_
TP20,TGA0331_KMI0,183,1,_
TP20,THI2201_THI1,253,1,_
TP20,THI2201_THI2,254,1,_
TP20,TKA0111_TKA1,560,1,_
TP20,TKB2201_TKB1,655,0.5,_
TP20,TKB2201_TKB1,656,0.5,_
TP20,TKU2201_TKU0,391,0.25,_
TP20,TKU2201_TKU0,392,0.25,_
TP20,TKU2201_TKU0,393,0.25,_
TP20,TKU2201_TKU0,394,0.25,_
TP20,TUI1101_KTW0,298,0.5,_
TP20,TUI1101_KTW0,299,0.5,_
TP20,TUI1101_PRI0,300,0.5,_
TP20,TUI1101_PRI0,301,0.5,_
TP20,TUI1101_TUI0,302,0.333333333,_
TP20,TUI1101_TUI0,303,0.333333333,_
TP20,TUI1101_TUI0,304,0.333333333,_
TP20,TWC2201_NZW0,404,1,_
TP20,TWC2201_TWF0,405,1,_
TP20,TWH0331_TRC1,142,1,_
TP20,TWH0331_TUK0,147,1,_
TP20,WDV1101_TAP0,389,1,_
TP20,WGN0331,411,1,_
TP20,WHI0111,306,1,_
TP20,WHI2201_WHI0,307,0.333333333,_
TP20,WHI2201_WHI0,308,0.333333333,_
TP20,WHI2201_WHI0,309,0.333333333,_
TP20,WHU0331,150,1,_
TP20,WIL0331_MCK0,482,1,_
TP20,WKM2201_MOK0,198,0.524257784,_
TP20,WKM2201_MOK0,199,0.475742216,_
TP20,WKM2201_WKM0,274,0.25,_
TP20,WKM2201_WKM0,275,0.25,_
TP20,WKM2201_WKM0,276,0.25,_
TP20,WKM2201_WKM0,277,0.25,_
TP20,WKO0331,152,1,_
TP20,WPA2201_WPA0,283,1,_
TP20,WRK0331_RKA0,740,1,_
TP20,WRK0331_TAA0,248,1,_
TP20,WRK2201_WRK0,285,0.340664962,_
TP20,WRK2201_WRK0,286,0.170332481,_
TP20,WRK2201_WRK0,287,0.19028133,_
TP20,WRK2201_WRK0,288,0.211764706,_
TP20,WRK2201_WRK0,289,0.086956522,_
TP20,WTK0111_WTK0,660,1,_
TP20,WWD1102_WWD0,479,1,_
TP20,WWD1103_WWD0,744,1,_
TP20,KAW0112_DLS0,176,1,_
TP20,KAW0113_DLS1,178,1,_
TP20,ABY0111,541,1,_
TP20,ALB0331,4,1,_
TP20,ALB1101,41,1,_
TP20,APS0111,569,1,_
TP20,ARG1101,487,1,_
TP20,ASB0331,543,1,_
TP20,ASB0661,544,1,_
TP20,ASY0111,520,0.5,_
TP20,ASY0111,748,0.5,_
TP20,ATU1101,488,1,_
TP20,BAL0331,669,1,_
TP20,BDE0111,671,1,_
TP20,BLN0331,489,1,_
TP20,BOB0331,45,1,_
TP20,BPD1101,618,1,_
TP20,BPE0331,357,1,_
TP20,BPE0551,358,0.5,_
TP20,BPE0551,359,0.5,_
TP20,BPT1101,619,1,_
TP20,BRB0331,8,1,_
TP20,BRK0331,315,1,_
TP20,BRY0661,549,1,_
TP20,BWK1101,673,1,_
TP20,CBG0111,105,1,_
TP20,CLH0111,572,1,_
TP20,CML0331,620,1,_
TP20,COL0111,575,1,_
TP20,COL0661,576,1,_
TP20,CPK0111,416,0.5,_
TP20,CPK0111,417,0.5,_
TP20,CST0331,317,1,_
TP20,CUL0331,493,1,_
TP20,CUL0661,494,1,_
TP20,CYD0331,678,1,_
TP20,CYD2201,679,1,_
TP20,DOB0331,579,1,_
TP20,DVK0111,366,1,_
TP20,EDG0331,168,1,_
TP20,EDN0331,680,1,_
TP20,FHL0331,293,1,_
TP20,FKN0331,628,1,_
TP20,GFD0331,426,1,_
TP20,GLN0331,733,1,_
TP20,GLN0332,51,1,_
TP20,GOR0331,682,1,_
TP20,GYM0661,585,1,_
TP20,GYT0331,429,1,_
TP20,HAM0111,108,1,_
TP20,HAM0551,110,1,_
TP20,HAM0551,5032,0,_
TP20,HAY0111,434,1,_
TP20,HAY0331,443,1,_
TP20,HEN0331,12,1,_
TP20,HEP0331,17,1,_
TP20,HKK0661,587,1,_
TP20,HLY0331,121,1,_
TP20,HOB1101,56,1,_
TP20,HOR0331,589,1,_
TP20,HOR0661,590,1,_
TP20,HTI0331,123,1,_
TP20,HUI0331,319,1,_
TP20,HWA0331,321,1,_
TP20,HWA0332,742,1,_
TP20,HWA1101,322,1,_
TP20,HWA1102,322,1,_
TP20,HWB0331,688,1,_
TP20,HWB0332,753,1,_
TP20,HWB1101,693,1,_
TP20,INV0331,696,1,_
TP20,ISL0661,526,1,_
TP20,KAI0111,531,1,_
TP20,KAW0112,176,1,_
TP20,KAW1101,181,1,_
TP20,KBY0661,591,1,_
TP20,KBY0662,591,1,_
TP20,KIK0111,745,1,_
TP20,KIN0111,126,1,_
TP20,KIN0112,125,1,_
TP20,KIN0113,738,1,_
TP20,KMO0331,187,1,_
TP20,KOE1101,20,1,_
TP20,KPA1101,324,1,_
TP20,KUM0661,593,1,_
TP20,KWA0111,451,1,_
TP20,LFD1101,192,1,_
TP20,LFD1102,192,1,_
TP20,LTN0331,370,1,_
TP20,MAN2201,701,1,_
TP20,MAT1101,156,0.909090909,_
TP20,MAT1101,197,0.090909091,_
TP20,MCH0111,503,1,_
TP20,MER0331,60,1,_
TP20,MGM0331,454,1,_
TP20,MHO0331,374,1,_
TP20,MKE1101,325,0.5,_
TP20,MKE1101,326,0.5,_
TP20,MLG0111,456,1,_
TP20,MLG0331,457,1,_
TP20,MNG0331,61,1,_
TP20,MNG1101,62,1,_
TP20,MNI0111,328,1,_
TP20,MST0331,460,1,_
TP20,MTM0331,212,1,_
TP20,MTN0331,377,1,_
TP20,MTO0331,28,1,_
TP20,MTR0331,380,1,_
TP20,NAP2201,214,1,_
TP20,NAP2202,215,1,_
TP20,NMA0331,711,1,_
TP20,NPK0331,382,1,_
TP20,NPL0331,331,1,_
TP20,NSY0331,632,1,_
TP20,OAM0331,634,1,_
TP20,OKN0111,384,1,_
TP20,ONG0331,137,1,_
TP20,OPK0331,335,1,_
TP20,ORO1101,507,1,_
TP20,ORO1102,508,1,_
TP20,OTA0221,66,1,_
TP20,OTI0111,595,1,_
TP20,OWH0111,239,1,_
TP20,PAK0331,75,1,_
TP20,PAO1101,139,1,_
TP20,PEN0221,79,1,_
TP20,PEN0251,80,1,_
TP20,PEN1101,56,0.190798081,_
TP20,PEN1101,58,0.645660707,_
TP20,PEN1101,88,0.163541212,_
TP20,PNI0331,462,1,_
TP20,PPI2201,241,0.5,_
TP20,PPI2201,242,0.5,_
TP20,RDF0331,295,1,_
TP20,RFN1101,506,1,_
TP20,RFN1102,505,1,_
TP20,ROS0221,89,1,_
TP20,ROS1101,90,1,_
TP20,ROT0111,245,1,_
TP20,ROT0331,246,1,_
TP20,ROT1101,247,1,_
TP20,SBK0331,533,1,_
TP20,SBK0661,534,1,_
TP20,SDN0331,725,1,_
TP20,SFD0331,342,1,_
TP20,SFD2201,345,1,_
TP20,STK0331,511,1,_
TP20,STK0661,512,1,_
TP20,STU0111,653,1,_
TP20,SVL0331,32,1,_
TP20,SWN0251,36,1,_
TP20,SWN2201,37,1,_
TP20,TAK0331,91,1,_
TP20,TGA0111,250,1,_
TP20,TGA0331,251,1,_
TP20,THI2201,255,1,_
TP20,TIM0111,556,1,_
TP20,TKA0331,561,1,_
TP20,TKH0111,256,1,_
TP20,TKR0331,470,1,_
TP20,TKU0331,395,1,_
TP20,TMI0331,258,1,_
TP20,TMK0331,563,1,_
TP20,TMN0551,397,0.5,_
TP20,TMN0551,398,0.5,_
TP20,TMU0111,140,1,_
TP20,TNG0111,400,1,_
TP20,TNG0551,401,0.5,_
TP20,TNG0551,402,0.5,_
TP20,TRK0111,260,1,_
TP20,TUI1101,305,1,_
TP20,TWC2201,406,1,_
TP20,TWH0331,143,0.253164557,_
TP20,TWH0331,148,0.746835443,_
TP20,TWI2201,728,1,_
TP20,TWZ0331,658,1,_
TP20,UHT0331,472,1,_
TP20,WAI0111,269,1,_
TP20,WDV0111,409,1,_
TP20,WDV1101,410,1,_
TP20,WEL0331,38,1,_
TP20,WHI2201,310,1,_
TP20,WIL0331,475,1,_
TP20,WIR0331,94,1,_
TP20,WKM2201,278,1,_
TP20,WPR0331,535,1,_
TP20,WPR0661,536,1,_
TP20,WPT0111,518,1,_
TP20,WPW0331,413,1,_
TP20,WRD0331,41,1,_
TP20,WRK0331,290,1,_
TP20,WTK0111,660,1,_
TP20,WTK0331,5157,1,_
TP20,WTU0331,311,1,_
TP20,WVY0111,352,1,_
TP20,WWD1102,481,1,_
TP20,WWD1103,480,1,_
TP20,ABY1101,542,1,_
TP20,ALB2201,7,1,_
TP20,APS0661,570,1,_
TP20,ARA2201,163,1,_
TP20,ARI1101,737,1,_
TP20,ARI1102,101,1,_
TP20,ASB2201,545,1,_
TP20,ASY0661,521,1,_
TP20,ATI2201,164,1,_
TP20,AVI2201,603,1,_
TP20,BAL1101,670,1,_
TP20,BDE1101,672,1,_
TP20,BEN2201,617,1,_
TP20,BEN2202,617,1,_
TP20,BEN3502,615,1,_
TP20,BEN3503,616,1,_
TP20,BHL2201,47,1,_
TP20,BHL2202,48,1,_
TP20,BLN1101,490,1,_
TP20,BPC1101,598,1,_
TP20,BPE1101,363,1,_
TP20,BPE2201,364,1,_
TP20,BRB2201,9,1,_
TP20,BRK2201,316,1,_
TP20,BRK2202,316,1,_
TP20,BRY2201,553,1,_
TP20,CBG1101,107,1,_
TP20,CBG1102,106,1,_
TP20,CLH0661,573,1,_
TP20,CML1101,625,1,_
TP20,CML1102,624,1,_
TP20,CML2201,627,1,_
TP20,CML2202,626,1,_
TP20,CPK1101,419,1,_
TP20,CPK1102,420,1,_
TP20,CPK1103,421,1,_
TP20,CST1101,318,1,_
TP20,CUL2202,495,1,_
TP20,CUL2203,496,1,_
TP20,DOB0661,580,1,_
TP20,DOB1101,584,1,_
TP20,DOB1102,583,1,_
TP20,DRY2201,49,1,_
TP20,DRY2202,49,1,_
TP20,DVK1101,367,1,_
TP20,DVK1102,368,1,_
TP20,EDG1101,171,1,_
TP20,EDG1102,171,1,_
TP20,EDG2201,172,1,_
TP20,EDN1101,681,1,_
TP20,FHL1101,294,1,_
TP20,FKN1101,630,1,_
TP20,FKN1102,629,1,_
TP20,GFD1101,428,1,_
TP20,GFD1102,427,1,_
TP20,GLN2201,53,1,_
TP20,GNY1101,597,1,_
TP20,GOR1101,683,1,_
TP20,GOR1102,683,1,_
TP20,GYT1101,430,1,_
TP20,GYT1102,431,1,_
TP20,HAM1101,112,1,_
TP20,HAM2201,113,1,_
TP20,HAY1101,447,1,_
TP20,HAY2201,450,1,_
TP20,HAY3502,449,1,_
TP20,HAY3503,448,1,_
TP20,HEN1101,15,1,_
TP20,HEN2201,16,1,_
TP20,HEP1101,18,1,_
TP20,HIN1101,115,1,_
TP20,HLY2201,116,1,_
TP20,HOB2201,57,1,_
TP20,HPI2201,19,1,_
TP20,HPI2202,19,1,_
TP20,HTI1101,124,1,_
TP20,HUI1101,320,1,_
TP20,HWA1001,322,1,_
TP20,HWB2201,694,1,_
TP20,IGH1101,497,1,_
TP20,INV1101,698,1,_
TP20,INV2201,699,1,_
TP20,INV2202,699,1,_
TP20,ISL2201,530,1,_
TP20,KAI0661,532,1,_
TP20,KAW2201,182,1,_
TP20,KBT0661,567,1,_
TP20,KBT0662,566,1,_
TP20,KIK1101,501,1,_
TP20,KIK2201,502,1,_
TP20,KIN1101,129,1,_
TP20,KIN1102,129,1,_
TP20,KMO1101,190,1,_
TP20,KMO1102,190,1,_
TP20,KMO1103,190,1,_
TP20,KMO2201,191,1,_
TP20,KPO1101,133,1,_
TP20,KPU1101,739,1,_
TP20,KPU1102,5046,1,_
TP20,KWA1101,452,1,_
TP20,KWA1102,453,1,_
TP20,LIV2201,631,1,_
TP20,LTN2201,371,1,_
TP20,LTN2202,372,1,_
TP20,MCH1101,504,1,_
TP20,MDN1101,25,1,_
TP20,MDN2201,26,1,_
TP20,MGM1101,455,1,_
TP20,MHO1101,375,1,_
TP20,MHO1102,376,1,_
TP20,MHT1102,422,1,_
TP20,MHT1103,423,1,_
TP20,MKT1101,314,1,_
TP20,MLG1101,459,1,_
TP20,MLG1102,458,1,_
TP20,MNI1101,329,1,_
TP20,MST1101,461,1,_
TP20,MTI2201,211,1,_
TP20,MTM1101,213,1,_
TP20,MTN1101,379,1,_
TP20,MTN1102,378,1,_
TP20,MTO1101,29,1,_
TP20,MTO1102,30,1,_
TP20,MTR1101,381,1,_
TP20,MVE1101,102,1,_
TP20,MVE1102,103,1,_
TP20,NGA1101,31,1,_
TP20,NMA2201,712,1,_
TP20,NPK1101,383,1,_
TP20,NPL1101,333,1,_
TP20,NPL2201,334,1,_
TP20,NSY2201,633,1,_
TP20,OAM1101,635,1,_
TP20,OAM1102,752,1,_
TP20,OHA2201,640,1,_
TP20,OHB2201,645,1,_
TP20,OHC2201,650,1,_
TP20,OHK2201,223,1,_
TP20,OHW2201,136,1,_
TP20,OHW2202,136,1,_
TP20,OKE1101,224,1,_
TP20,OKI2201,227,0.5,_
TP20,OKI2201,229,0.5,_
TP20,OKN1101,385,1,_
TP20,ONG1101,138,1,_
TP20,OPI2201,540,1,_
TP20,OPI2202,539,1,_
TP20,OPK1101,743,1,_
TP20,OPK1102,336,1,_
TP20,OTA1103,70,1,_
TP20,OTA1104,734,1,_
TP20,OTA1105,70,1,_
TP20,OTA1106,734,1,_
TP20,OTA1107,70,1,_
TP20,OTA1108,734,1,_
TP20,OTA1109,70,1,_
TP20,OTA110A,734,1,_
TP20,OTA2201,72,1,_
TP20,OTA2202,73,1,_
TP20,OTA2203,71,1,_
TP20,OTI0661,596,1,_
TP20,OWH1101,240,1,_
TP20,PAK2201,76,1,_
TP20,PEN0222,79,1,_
TP20,PEN2201,87,1,_
TP20,PIE1101,173,1,_
TP20,PNI1101,463,1,_
TP20,PNI1102,464,1,_
TP20,PRM2201,468,1,_
TP20,PRM2202,469,1,_
TP20,PRT2201,425,1,_
TP20,PRT2202,424,1,_
TP20,RDF1101,296,1,_
TP20,RDF1102,296,1,_
TP20,RDF2201,297,1,_
TP20,RFC1101,483,1,_
TP20,ROT1102,247,1,_
TP20,ROX1101,723,1,_
TP20,ROX2201,724,1,_
TP20,RPO2201,388,1,_
TP20,RTO1101,104,1,_
TP20,RTR1101,365,1,_
TP20,SDN2201,726,1,_
TP20,SFD1101,344,1,_
TP20,STK1101,515,1,_
TP20,STK2201,516,1,_
TP20,STU1101,654,1,_
TP20,SVL2201,33,1,_
TP20,SVL2202,34,1,_
TP20,TAK2201,92,1,_
TP20,TAK2202,93,1,_
TP20,TGA1101,252,1,_
TP20,TIM1101,557,1,_
TP20,TIM2201,559,1,_
TP20,TIM2202,558,1,_
TP20,TKA0111,560,1,_
TP20,TKA1101,562,1,_
TP20,TKB2201,657,1,_
TP20,TKH0501,257,1,_
TP20,TKR1101,471,1,_
TP20,TKU2201,396,1,_
TP20,TMH2201,727,1,_
TP20,TMI1101,259,1,_
TP20,TMK1101,5150,1,_
TP20,TMK1102,565,1,_
TP20,TMN2201,399,1,_
TP20,TMU1101,141,1,_
TP20,TNG2201,403,1,_
TP20,TRK1101,267,1,_
TP20,TRK1102,267,1,_
TP20,TRK2201,268,1,_
TP20,TWH2201,149,1,_
TP20,TWT2201,369,1,_
TP20,TWZ2201,659,1,_
TP20,TWZ2202,659,1,_
TP20,UHT1101,473,1,_
TP20,WAI0501,270,1,_
TP20,WAI1101,271,1,_
TP20,WDV1102,410,1,_
TP20,WEL1101,40,1,_
TP20,WEL1102,39,1,_
TP20,WGN1101,412,1,_
TP20,WHU1101,151,1,_
TP20,WIL1101,477,1,_
TP20,WIL2201,478,1,_
TP20,WIR1101,95,1,_
TP20,WIR1102,736,1,_
TP20,WKM2202,282,1,_
TP20,WKO1101,153,1,_
TP20,WMG1101,746,1,_
TP20,WMG1102,517,1,_
TP20,WPA2201,284,1,_
TP20,WPR2202,538,1,_
TP20,WPR2203,537,1,_
TP20,WPT1101,747,1,_
TP20,WPT1102,519,1,_
TP20,WPW1101,414,1,_
TP20,WPW1102,415,1,_
TP20,WRD2201,44,1,_
TP20,WRK2201,292,1,_
TP20,WTK1101,666,1,_
TP20,WTK1102,667,1,_
TP20,WTK2201,668,1,_
TP20,WTU2201,741,1,_
TP20,WTU2202,312,1,_
TP20,WVY1101,353,1,_
TP21,ARA2201_ARA0,160,0.333333333,_
TP21,ARA2201_ARA0,161,0.333333333,_
TP21,ARA2201_ARA0,162,0.333333333,_
TP21,ARG1101_BRR0,486,1,_
TP21,ARI1101_ARI0,100,0.25,_
TP21,ARI1101_ARI0,97,0.25,_
TP21,ARI1101_ARI0,98,0.25,_
TP21,ARI1101_ARI0,99,0.25,_
TP21,ARI1102_ARI0,96,1,_
TP21,ASB0661_HBK0,554,1,_
TP21,ATI2201_ATI0,164,1,_
TP21,AVI2201_AVI0,599,0.25,_
TP21,AVI2201_AVI0,600,0.25,_
TP21,AVI2201_AVI0,601,0.25,_
TP21,AVI2201_AVI0,602,0.25,_
TP21,BEN2202_BEN0,606,0.166666667,_
TP21,BEN2202_BEN0,607,0.166666667,_
TP21,BEN2202_BEN0,608,0.166666667,_
TP21,BEN2202_BEN0,609,0.166666667,_
TP21,BEN2202_BEN0,610,0.166666667,_
TP21,BEN2202_BEN0,611,0.166666667,_
TP21,BOB1101,46,1,_
TP21,BPE0331_TWF0,408,1,_
TP21,BWK1101_WPI0,731,1,_
TP21,COL0661_COL0,574,0.447368421,_
TP21,COL0661_COL0,750,0.552631579,_
TP21,CPK0331,418,1,_
TP21,CYD2201_CYD0,674,0.25,_
TP21,CYD2201_CYD0,675,0.25,_
TP21,CYD2201_CYD0,676,0.25,_
TP21,CYD2201_CYD0,677,0.25,_
TP21,GLN0332_GLN0,50,1,_
TP21,HAM0331,109,1,_
TP21,HIN0331,114,1,_
TP21,HLY2201_HLY1,119,1,_
TP21,HLY2201_HLY2,118,1,_
TP21,HLY2201_HLY5,120,1,_
TP21,HLY2201_HLY6,117,1,_
TP21,HWA1101_PTA1,337,1,_
TP21,HWA1101_PTA2,337,1,_
TP21,HWA1101_PTA3,337,1,_
TP21,HWA1102_WAA0,348,0.416909621,_
TP21,HWA1102_WAA0,350,0.583090379,_
TP21,HWA1102_WAA1,348,0.416909621,_
TP21,HWA1102_WAA1,350,0.583090379,_
TP21,HWB0331_MAH0,700,1,_
TP21,HWB0331_WPI0,730,1,_
TP21,ISL0331,525,1,_
TP21,KAW0111,179,1,_
TP21,KAW0112_ONU0,235,0.29467381,_
TP21,KAW0112_ONU0,236,0.204853451,_
TP21,KAW0112_ONU0,237,0.126063662,_
TP21,KAW0112_ONU0,238,0.374409077,_
TP21,KAW0113,178,1,_
TP21,KAW1101_KAG0,174,1,_
TP21,KIN0112_KIN0,125,1,_
TP21,KIN0331,127,1,_
TP21,KPA1101_KPI1,323,1,_
TP21,KPO1101_KPO0,130,0.333333333,_
TP21,KPO1101_KPO0,131,0.333333333,_
TP21,KPO1101_KPO0,132,0.333333333,_
TP21,KPU0661,134,1,_
TP21,KUM0661_KUM0,593,1,_
TP21,LTN0331_TWF0,407,1,_
TP21,MAN2201_MAN0,702,0.142857143,_
TP21,MAN2201_MAN0,703,0.142857143,_
TP21,MAN2201_MAN0,704,0.142857143,_
TP21,MAN2201_MAN0,705,0.142857143,_
TP21,MAN2201_MAN0,706,0.142857143,_
TP21,MAN2201_MAN0,707,0.142857143,_
TP21,MAN2201_MAN0,708,0.142857143,_
TP21,MAT1101_ANI0,154,0.5,_
TP21,MAT1101_ANI0,155,0.5,_
TP21,MAT1101_MAT0,195,0.5,_
TP21,MAT1101_MAT0,196,0.5,_
TP21,MHO0331_MHO0,373,1,_
TP21,MKE1101_MKE1,325,0.5,_
TP21,MKE1101_MKE1,326,0.5,_
TP21,MPE1101,27,1,_
TP21,MTI2201_MTI0,201,0.1,_
TP21,MTI2201_MTI0,202,0.1,_
TP21,MTI2201_MTI0,203,0.1,_
TP21,MTI2201_MTI0,204,0.1,_
TP21,MTI2201_MTI0,205,0.1,_
TP21,MTI2201_MTI0,206,0.1,_
TP21,MTI2201_MTI0,207,0.1,_
TP21,MTI2201_MTI0,208,0.1,_
TP21,MTI2201_MTI0,209,0.1,_
TP21,MTI2201_MTI0,210,0.1,_
TP21,NAP2201_NAP0,214,1,_
TP21,NAP2202_NTM0,216,0.5,_
TP21,NAP2202_NTM0,217,0.5,_
TP21,NMA0331_WHL0,729,1,_
TP21,NSY0331_PAE0,651,1,_
TP21,OHA2201_OHA0,636,0.25,_
TP21,OHA2201_OHA0,637,0.25,_
TP21,OHA2201_OHA0,638,0.25,_
TP21,OHA2201_OHA0,639,0.25,_
TP21,OHB2201_OHB0,641,0.25,_
TP21,OHB2201_OHB0,642,0.25,_
TP21,OHB2201_OHB0,643,0.25,_
TP21,OHB2201_OHB0,644,0.25,_
TP21,OHC2201_OHC0,646,0.25,_
TP21,OHC2201_OHC0,647,0.25,_
TP21,OHC2201_OHC0,648,0.25,_
TP21,OHC2201_OHC0,649,0.25,_
TP21,OHK2201_OHK0,219,0.25,_
TP21,OHK2201_OHK0,220,0.25,_
TP21,OHK2201_OHK0,221,0.25,_
TP21,OHK2201_OHK0,222,0.25,_
TP21,OKI2201_OKI0,228,0.099099099,_
TP21,OKI2201_OKI0,230,0.450450451,_
TP21,OKI2201_OKI0,231,0.450450451,_
TP21,PEN0331,81,1,_
TP21,PPI2201_PPI0,241,1,_
TP21,PRM0331,465,1,_
TP21,ROT1101_WHE0,272,1,_
TP21,ROX1101_ROX0,714,0.333333333,_
TP21,ROX1101_ROX0,715,0.333333333,_
TP21,ROX1101_ROX0,716,0.333333333,_
TP21,ROX2201_ROX0,717,0.2,_
TP21,ROX2201_ROX0,718,0.2,_
TP21,ROX2201_ROX0,719,0.2,_
TP21,ROX2201_ROX0,720,0.2,_
TP21,ROX2201_ROX0,721,0.2,_
TP21,RPO2201_RPO0,386,0.5,_
TP21,RPO2201_RPO0,387,0.5,_
TP21,SFD2201_SFD21,340,1,_
TP21,SFD2201_SFD22,341,1,_
TP21,SFD2201_SPL0,346,1,_
TP21,STK0661_COB0,491,1,_
TP21,TGA0331_KMI0,183,1,_
TP21,THI2201_THI1,253,1,_
TP21,THI2201_THI2,254,1,_
TP21,TKA0111_TKA1,560,1,_
TP21,TKB2201_TKB1,655,0.5,_
TP21,TKB2201_TKB1,656,0.5,_
TP21,TKU2201_TKU0,391,0.25,_
TP21,TKU2201_TKU0,392,0.25,_
TP21,TKU2201_TKU0,393,0.25,_
TP21,TKU2201_TKU0,394,0.25,_
TP21,TUI1101_KTW0,298,0.5,_
TP21,TUI1101_KTW0,299,0.5,_
TP21,TUI1101_PRI0,300,0.5,_
TP21,TUI1101_PRI0,301,0.5,_
TP21,TUI1101_TUI0,302,0.333333333,_
TP21,TUI1101_TUI0,303,0.333333333,_
TP21,TUI1101_TUI0,304,0.333333333,_
TP21,TWC2201_NZW0,404,1,_
TP21,TWC2201_TWF0,405,1,_
TP21,TWH0331_TRC1,142,1,_
TP21,TWH0331_TUK0,147,1,_
TP21,WDV1101_TAP0,389,1,_
TP21,WGN0331,411,1,_
TP21,WHI0111,306,1,_
TP21,WHI2201_WHI0,307,0.333333333,_
TP21,WHI2201_WHI0,308,0.333333333,_
TP21,WHI2201_WHI0,309,0.333333333,_
TP21,WHU0331,150,1,_
TP21,WIL0331_MCK0,482,1,_
TP21,WKM2201_MOK0,198,0.524257784,_
TP21,WKM2201_MOK0,199,0.475742216,_
TP21,WKM2201_WKM0,274,0.25,_
TP21,WKM2201_WKM0,275,0.25,_
TP21,WKM2201_WKM0,276,0.25,_
TP21,WKM2201_WKM0,277,0.25,_
TP21,WKO0331,152,1,_
TP21,WPA2201_WPA0,283,1,_
TP21,WRK0331_RKA0,740,1,_
TP21,WRK0331_TAA0,248,1,_
TP21,WRK2201_WRK0,285,0.340664962,_
TP21,WRK2201_WRK0,286,0.170332481,_
TP21,WRK2201_WRK0,287,0.19028133,_
TP21,WRK2201_WRK0,288,0.211764706,_
TP21,WRK2201_WRK0,289,0.086956522,_
TP21,WTK0111_WTK0,660,1,_
TP21,WWD1102_WWD0,479,1,_
TP21,WWD1103_WWD0,744,1,_
TP21,KAW0112_DLS0,176,1,_
TP21,KAW0113_DLS1,178,1,_
TP21,ABY0111,541,1,_
TP21,ALB0331,4,1,_
TP21,ALB1101,41,1,_
TP21,APS0111,569,1,_
TP21,ARG1101,487,1,_
TP21,ASB0331,543,1,_
TP21,ASB0661,544,1,_
TP21,ASY0111,520,0.5,_
TP21,ASY0111,748,0.5,_
TP21,ATU1101,488,1,_
TP21,BAL0331,669,1,_
TP21,BDE0111,671,1,_
TP21,BLN0331,489,1,_
TP21,BOB0331,45,1,_
TP21,BPD1101,618,1,_
TP21,BPE0331,357,1,_
TP21,BPE0551,358,0.5,_
TP21,BPE0551,359,0.5,_
TP21,BPT1101,619,1,_
TP21,BRB0331,8,1,_
TP21,BRK0331,315,1,_
TP21,BRY0661,549,1,_
TP21,BWK1101,673,1,_
TP21,CBG0111,105,1,_
TP21,CLH0111,572,1,_
TP21,CML0331,620,1,_
TP21,COL0111,575,1,_
TP21,COL0661,576,1,_
TP21,CPK0111,416,0.5,_
TP21,CPK0111,417,0.5,_
TP21,CST0331,317,1,_
TP21,CUL0331,493,1,_
TP21,CUL0661,494,1,_
TP21,CYD0331,678,1,_
TP21,CYD2201,679,1,_
TP21,DOB0331,579,1,_
TP21,DVK0111,366,1,_
TP21,EDG0331,168,1,_
TP21,EDN0331,680,1,_
TP21,FHL0331,293,1,_
TP21,FKN0331,628,1,_
TP21,GFD0331,426,1,_
TP21,GLN0331,733,1,_
TP21,GLN0332,51,1,_
TP21,GOR0331,682,1,_
TP21,GYM0661,585,1,_
TP21,GYT0331,429,1,_
TP21,HAM0111,108,1,_
TP21,HAM0551,110,1,_
TP21,HAM0551,5032,0,_
TP21,HAY0111,434,1,_
TP21,HAY0331,443,1,_
TP21,HEN0331,12,1,_
TP21,HEP0331,17,1,_
TP21,HKK0661,587,1,_
TP21,HLY0331,121,1,_
TP21,HOB1101,56,1,_
TP21,HOR0331,589,1,_
TP21,HOR0661,590,1,_
TP21,HTI0331,123,1,_
TP21,HUI0331,319,1,_
TP21,HWA0331,321,1,_
TP21,HWA0332,742,1,_
TP21,HWA1101,322,1,_
TP21,HWA1102,322,1,_
TP21,HWB0331,688,1,_
TP21,HWB0332,753,1,_
TP21,HWB1101,693,1,_
TP21,INV0331,696,1,_
TP21,ISL0661,526,1,_
TP21,KAI0111,531,1,_
TP21,KAW0112,176,1,_
TP21,KAW1101,181,1,_
TP21,KBY0661,591,1,_
TP21,KBY0662,591,1,_
TP21,KIK0111,745,1,_
TP21,KIN0111,126,1,_
TP21,KIN0112,125,1,_
TP21,KIN0113,738,1,_
TP21,KMO0331,187,1,_
TP21,KOE1101,20,1,_
TP21,KPA1101,324,1,_
TP21,KUM0661,593,1,_
TP21,KWA0111,451,1,_
TP21,LFD1101,192,1,_
TP21,LFD1102,192,1,_
TP21,LTN0331,370,1,_
TP21,MAN2201,701,1,_
TP21,MAT1101,156,0.909090909,_
TP21,MAT1101,197,0.090909091,_
TP21,MCH0111,503,1,_
TP21,MER0331,60,1,_
TP21,MGM0331,454,1,_
TP21,MHO0331,374,1,_
TP21,MKE1101,325,0.5,_
TP21,MKE1101,326,0.5,_
TP21,MLG0111,456,1,_
TP21,MLG0331,457,1,_
TP21,MNG0331,61,1,_
TP21,MNG1101,62,1,_
TP21,MNI0111,328,1,_
TP21,MST0331,460,1,_
TP21,MTM0331,212,1,_
TP21,MTN0331,377,1,_
TP21,MTO0331,28,1,_
TP21,MTR0331,380,1,_
TP21,NAP2201,214,1,_
TP21,NAP2202,215,1,_
TP21,NMA0331,711,1,_
TP21,NPK0331,382,1,_
TP21,NPL0331,331,1,_
TP21,NSY0331,632,1,_
TP21,OAM0331,634,1,_
TP21,OKN0111,384,1,_
TP21,ONG0331,137,1,_
TP21,OPK0331,335,1,_
TP21,ORO1101,507,1,_
TP21,ORO1102,508,1,_
TP21,OTA0221,66,1,_
TP21,OTI0111,595,1,_
TP21,OWH0111,239,1,_
TP21,PAK0331,75,1,_
TP21,PAO1101,139,1,_
TP21,PEN0221,79,1,_
TP21,PEN0251,80,1,_
TP21,PEN1101,56,0.190798081,_
TP21,PEN1101,58,0.645660707,_
TP21,PEN1101,88,0.163541212,_
TP21,PNI0331,462,1,_
TP21,PPI2201,241,0.5,_
TP21,PPI2201,242,0.5,_
TP21,RDF0331,295,1,_
TP21,RFN1101,506,1,_
TP21,RFN1102,505,1,_
TP21,ROS0221,89,1,_
TP21,ROS1101,90,1,_
TP21,ROT0111,245,1,_
TP21,ROT0331,246,1,_
TP21,ROT1101,247,1,_
TP21,SBK0331,533,1,_
TP21,SBK0661,534,1,_
TP21,SDN0331,725,1,_
TP21,SFD0331,342,1,_
TP21,SFD2201,345,1,_
TP21,STK0331,511,1,_
TP21,STK0661,512,1,_
TP21,STU0111,653,1,_
TP21,SVL0331,32,1,_
TP21,SWN0251,36,1,_
TP21,SWN2201,37,1,_
TP21,TAK0331,91,1,_
TP21,TGA0111,250,1,_
TP21,TGA0331,251,1,_
TP21,THI2201,255,1,_
TP21,TIM0111,556,1,_
TP21,TKA0331,561,1,_
TP21,TKH0111,256,1,_
TP21,TKR0331,470,1,_
TP21,TKU0331,395,1,_
TP21,TMI0331,258,1,_
TP21,TMK0331,563,1,_
TP21,TMN0551,397,0.5,_
TP21,TMN0551,398,0.5,_
TP21,TMU0111,140,1,_
TP21,TNG0111,400,1,_
TP21,TNG0551,401,0.5,_
TP21,TNG0551,402,0.5,_
TP21,TRK0111,260,1,_
TP21,TUI1101,305,1,_
TP21,TWC2201,406,1,_
TP21,TWH0331,143,0.253164557,_
TP21,TWH0331,148,0.746835443,_
TP21,TWI2201,728,1,_
TP21,TWZ0331,658,1,_
TP21,UHT0331,472,1,_
TP21,WAI0111,269,1,_
TP21,WDV0111,409,1,_
TP21,WDV1101,410,1,_
TP21,WEL0331,38,1,_
TP21,WHI2201,310,1,_
TP21,WIL0331,475,1,_
TP21,WIR0331,94,1,_
TP21,WKM2201,278,1,_
TP21,WPR0331,535,1,_
TP21,WPR0661,536,1,_
TP21,WPT0111,518,1,_
TP21,WPW0331,413,1,_
TP21,WRD0331,41,1,_
TP21,WRK0331,290,1,_
TP21,WTK0111,660,1,_
TP21,WTK0331,5157,1,_
TP21,WTU0331,311,1,_
TP21,WVY0111,352,1,_
TP21,WWD1102,481,1,_
TP21,WWD1103,480,1,_
TP21,ABY1101,542,1,_
TP21,ALB2201,7,1,_
TP21,APS0661,570,1,_
TP21,ARA2201,163,1,_
TP21,ARI1101,737,1,_
TP21,ARI1102,101,1,_
TP21,ASB2201,545,1,_
TP21,ASY0661,521,1,_
TP21,ATI2201,164,1,_
TP21,AVI2201,603,1,_
TP21,BAL1101,670,1,_
TP21,BDE1101,672,1,_
TP21,BEN2201,617,1,_
TP21,BEN2202,617,1,_
TP21,BEN3502,615,1,_
TP21,BEN3503,616,1,_
TP21,BHL2201,47,1,_
TP21,BHL2202,48,1,_
TP21,BLN1101,490,1,_
TP21,BPC1101,598,1,_
TP21,BPE1101,363,1,_
TP21,BPE2201,364,1,_
TP21,BRB2201,9,1,_
TP21,BRK2201,316,1,_
TP21,BRK2202,316,1,_
TP21,BRY2201,553,1,_
TP21,CBG1101,107,1,_
TP21,CBG1102,106,1,_
TP21,CLH0661,573,1,_
TP21,CML1101,625,1,_
TP21,CML1102,624,1,_
TP21,CML2201,627,1,_
TP21,CML2202,626,1,_
TP21,CPK1101,419,1,_
TP21,CPK1102,420,1,_
TP21,CPK1103,421,1,_
TP21,CST1101,318,1,_
TP21,CUL2202,495,1,_
TP21,CUL2203,496,1,_
TP21,DOB0661,580,1,_
TP21,DOB1101,584,1,_
TP21,DOB1102,583,1,_
TP21,DRY2201,49,1,_
TP21,DRY2202,49,1,_
TP21,DVK1101,367,1,_
TP21,DVK1102,368,1,_
TP21,EDG1101,171,1,_
TP21,EDG1102,171,1,_
TP21,EDG2201,172,1,_
TP21,EDN1101,681,1,_
TP21,FHL1101,294,1,_
TP21,FKN1101,630,1,_
TP21,FKN1102,629,1,_
TP21,GFD1101,428,1,_
TP21,GFD1102,427,1,_
TP21,GLN2201,53,1,_
TP21,GNY1101,597,1,_
TP21,GOR1101,683,1,_
TP21,GOR1102,683,1,_
TP21,GYT1101,430,1,_
TP21,GYT1102,431,1,_
TP21,HAM1101,112,1,_
TP21,HAM2201,113,1,_
TP21,HAY1101,447,1,_
TP21,HAY2201,450,1,_
TP21,HAY3502,449,1,_
TP21,HAY3503,448,1,_
TP21,HEN1101,15,1,_
TP21,HEN2201,16,1,_
TP21,HEP1101,18,1,_
TP21,HIN1101,115,1,_
TP21,HLY2201,116,1,_
TP21,HOB2201,57,1,_
TP21,HPI2201,19,1,_
TP21,HPI2202,19,1,_
TP21,HTI1101,124,1,_
TP21,HUI1101,320,1,_
TP21,HWA1001,322,1,_
TP21,HWB2201,694,1,_
TP21,IGH1101,497,1,_
TP21,INV1101,698,1,_
TP21,INV2201,699,1,_
TP21,INV2202,699,1,_
TP21,ISL2201,530,1,_
TP21,KAI0661,532,1,_
TP21,KAW2201,182,1,_
TP21,KBT0661,567,1,_
TP21,KBT0662,566,1,_
TP21,KIK1101,501,1,_
TP21,KIK2201,502,1,_
TP21,KIN1101,129,1,_
TP21,KIN1102,129,1,_
TP21,KMO1101,190,1,_
TP21,KMO1102,190,1,_
TP21,KMO1103,190,1,_
TP21,KMO2201,191,1,_
TP21,KPO1101,133,1,_
TP21,KPU1101,739,1,_
TP21,KPU1102,5046,1,_
TP21,KWA1101,452,1,_
TP21,KWA1102,453,1,_
TP21,LIV2201,631,1,_
TP21,LTN2201,371,1,_
TP21,LTN2202,372,1,_
TP21,MCH1101,504,1,_
TP21,MDN1101,25,1,_
TP21,MDN2201,26,1,_
TP21,MGM1101,455,1,_
TP21,MHO1101,375,1,_
TP21,MHO1102,376,1,_
TP21,MHT1102,422,1,_
TP21,MHT1103,423,1,_
TP21,MKT1101,314,1,_
TP21,MLG1101,459,1,_
TP21,MLG1102,458,1,_
TP21,MNI1101,329,1,_
TP21,MST1101,461,1,_
TP21,MTI2201,211,1,_
TP21,MTM1101,213,1,_
TP21,MTN1101,379,1,_
TP21,MTN1102,378,1,_
TP21,MTO1101,29,1,_
TP21,MTO1102,30,1,_
TP21,MTR1101,381,1,_
TP21,MVE1101,102,1,_
TP21,MVE1102,103,1,_
TP21,NGA1101,31,1,_
TP21,NMA2201,712,1,_
TP21,NPK1101,383,1,_
TP21,NPL1101,333,1,_
TP21,NPL2201,334,1,_
TP21,NSY2201,633,1,_
TP21,OAM1101,635,1,_
TP21,OAM1102,752,1,_
TP21,OHA2201,640,1,_
TP21,OHB2201,645,1,_
TP21,OHC2201,650,1,_
TP21,OHK2201,223,1,_
TP21,OHW2201,136,1,_
TP21,OHW2202,136,1,_
TP21,OKE1101,224,1,_
TP21,OKI2201,227,0.5,_
TP21,OKI2201,229,0.5,_
TP21,OKN1101,385,1,_
TP21,ONG1101,138,1,_
TP21,OPI2201,540,1,_
TP21,OPI2202,539,1,_
TP21,OPK1101,743,1,_
TP21,OPK1102,336,1,_
TP21,OTA1103,70,1,_
TP21,OTA1104,734,1,_
TP21,OTA1105,70,1,_
TP21,OTA1106,734,1,_
TP21,OTA1107,70,1,_
TP21,OTA1108,734,1,_
TP21,OTA1109,70,1,_
TP21,OTA110A,734,1,_
TP21,OTA2201,72,1,_
TP21,OTA2202,73,1,_
TP21,OTA2203,71,1,_
TP21,OTI0661,596,1,_
TP21,OWH1101,240,1,_
TP21,PAK2201,76,1,_
TP21,PEN0222,79,1,_
TP21,PEN2201,87,1,_
TP21,PIE1101,173,1,_
TP21,PNI1101,463,1,_
TP21,PNI1102,464,1,_
TP21,PRM2201,468,1,_
TP21,PRM2202,469,1,_
TP21,PRT2201,425,1,_
TP21,PRT2202,424,1,_
TP21,RDF1101,296,1,_
TP21,RDF1102,296,1,_
TP21,RDF2201,297,1,_
TP21,RFC1101,483,1,_
TP21,ROT1102,247,1,_
TP21,ROX1101,723,1,_
TP21,ROX2201,724,1,_
TP21,RPO2201,388,1,_
TP21,RTO1101,104,1,_
TP21,RTR1101,365,1,_
TP21,SDN2201,726,1,_
TP21,SFD1101,344,1,_
TP21,STK1101,515,1,_
TP21,STK2201,516,1,_
TP21,STU1101,654,1,_
TP21,SVL2201,33,1,_
TP21,SVL2202,34,1,_
TP21,TAK2201,92,1,_
TP21,TAK2202,93,1,_
TP21,TGA1101,252,1,_
TP21,TIM1101,557,1,_
TP21,TIM2201,559,1,_
TP21,TIM2202,558,1,_
TP21,TKA0111,560,1,_
TP21,TKA1101,562,1,_
TP21,TKB2201,657,1,_
TP21,TKH0501,257,1,_
TP21,TKR1101,471,1,_
TP21,TKU2201,396,1,_
TP21,TMH2201,727,1,_
TP21,TMI1101,259,1,_
TP21,TMK1101,5150,1,_
TP21,TMK1102,565,1,_
TP21,TMN2201,399,1,_
TP21,TMU1101,141,1,_
TP21,TNG2201,403,1,_
TP21,TRK1101,267,1,_
TP21,TRK1102,267,1,_
TP21,TRK2201,268,1,_
TP21,TWH2201,149,1,_
TP21,TWT2201,369,1,_
TP21,TWZ2201,659,1,_
TP21,TWZ2202,659,1,_
TP21,UHT1101,473,1,_
TP21,WAI0501,270,1,_
TP21,WAI1101,271,1,_
TP21,WDV1102,410,1,_
TP21,WEL1101,40,1,_
TP21,WEL1102,39,1,_
TP21,WGN1101,412,1,_
TP21,WHU1101,151,1,_
TP21,WIL1101,477,1,_
TP21,WIL2201,478,1,_
TP21,WIR1101,95,1,_
TP21,WIR1102,736,1,_
TP21,WKM2202,282,1,_
TP21,WKO1101,153,1,_
TP21,WMG1101,746,1,_
TP21,WMG1102,517,1,_
TP21,WPA2201,284,1,_
TP21,WPR2202,538,1,_
TP21,WPR2203,537,1,_
TP21,WPT1101,747,1,_
TP21,WPT1102,519,1,_
TP21,WPW1101,414,1,_
TP21,WPW1102,415,1,_
TP21,WRD2201,44,1,_
TP21,WRK2201,292,1,_
TP21,WTK1101,666,1,_
TP21,WTK1102,667,1,_
TP21,WTK2201,668,1,_
TP21,WTU2201,741,1,_
TP21,WTU2202,312,1,_
TP21,WVY1101,353,1,_
TP22,ARA2201_ARA0,160,0.333333333,_
TP22,ARA2201_ARA0,161,0.333333333,_
TP22,ARA2201_ARA0,162,0.333333333,_
TP22,ARG1101_BRR0,486,1,_
TP22,ARI1101_ARI0,100,0.25,_
TP22,ARI1101_ARI0,97,0.25,_
TP22,ARI1101_ARI0,98,0.25,_
TP22,ARI1101_ARI0,99,0.25,_
TP22,ARI1102_ARI0,96,1,_
TP22,ASB0661_HBK0,554,1,_
TP22,ATI2201_ATI0,164,1,_
TP22,AVI2201_AVI0,599,0.25,_
TP22,AVI2201_AVI0,600,0.25,_
TP22,AVI2201_AVI0,601,0.25,_
TP22,AVI2201_AVI0,602,0.25,_
TP22,BEN2202_BEN0,606,0.166666667,_
TP22,BEN2202_BEN0,607,0.166666667,_
TP22,BEN2202_BEN0,608,0.166666667,_
TP22,BEN2202_BEN0,609,0.166666667,_
TP22,BEN2202_BEN0,610,0.166666667,_
TP22,BEN2202_BEN0,611,0.166666667,_
TP22,BOB1101,46,1,_
TP22,BPE0331_TWF0,408,1,_
TP22,BWK1101_WPI0,731,1,_
TP22,COL0661_COL0,574,0.447368421,_
TP22,COL0661_COL0,750,0.552631579,_
TP22,CPK0331,418,1,_
TP22,CYD2201_CYD0,674,0.25,_
TP22,CYD2201_CYD0,675,0.25,_
TP22,CYD2201_CYD0,676,0.25,_
TP22,CYD2201_CYD0,677,0.25,_
TP22,GLN0332_GLN0,50,1,_
TP22,HAM0331,109,1,_
TP22,HIN0331,114,1,_
TP22,HLY2201_HLY1,119,1,_
TP22,HLY2201_HLY2,118,1,_
TP22,HLY2201_HLY5,120,1,_
TP22,HLY2201_HLY6,117,1,_
TP22,HWA1101_PTA1,337,1,_
TP22,HWA1101_PTA2,337,1,_
TP22,HWA1101_PTA3,337,1,_
TP22,HWA1102_WAA0,348,0.416909621,_
TP22,HWA1102_WAA0,350,0.583090379,_
TP22,HWA1102_WAA1,348,0.416909621,_
TP22,HWA1102_WAA1,350,0.583090379,_
TP22,HWB0331_MAH0,700,1,_
TP22,HWB0331_WPI0,730,1,_
TP22,ISL0331,525,1,_
TP22,KAW0111,179,1,_
TP22,KAW0112_ONU0,235,0.29467381,_
TP22,KAW0112_ONU0,236,0.204853451,_
TP22,KAW0112_ONU0,237,0.126063662,_
TP22,KAW0112_ONU0,238,0.374409077,_
TP22,KAW0113,178,1,_
TP22,KAW1101_KAG0,174,1,_
TP22,KIN0112_KIN0,125,1,_
TP22,KIN0331,127,1,_
TP22,KPA1101_KPI1,323,1,_
TP22,KPO1101_KPO0,130,0.333333333,_
TP22,KPO1101_KPO0,131,0.333333333,_
TP22,KPO1101_KPO0,132,0.333333333,_
TP22,KPU0661,134,1,_
TP22,KUM0661_KUM0,593,1,_
TP22,LTN0331_TWF0,407,1,_
TP22,MAN2201_MAN0,702,0.142857143,_
TP22,MAN2201_MAN0,703,0.142857143,_
TP22,MAN2201_MAN0,704,0.142857143,_
TP22,MAN2201_MAN0,705,0.142857143,_
TP22,MAN2201_MAN0,706,0.142857143,_
TP22,MAN2201_MAN0,707,0.142857143,_
TP22,MAN2201_MAN0,708,0.142857143,_
TP22,MAT1101_ANI0,154,0.5,_
TP22,MAT1101_ANI0,155,0.5,_
TP22,MAT1101_MAT0,195,0.5,_
TP22,MAT1101_MAT0,196,0.5,_
TP22,MHO0331_MHO0,373,1,_
TP22,MKE1101_MKE1,325,0.5,_
TP22,MKE1101_MKE1,326,0.5,_
TP22,MPE1101,27,1,_
TP22,MTI2201_MTI0,201,0.1,_
TP22,MTI2201_MTI0,202,0.1,_
TP22,MTI2201_MTI0,203,0.1,_
TP22,MTI2201_MTI0,204,0.1,_
TP22,MTI2201_MTI0,205,0.1,_
TP22,MTI2201_MTI0,206,0.1,_
TP22,MTI2201_MTI0,207,0.1,_
TP22,MTI2201_MTI0,208,0.1,_
TP22,MTI2201_MTI0,209,0.1,_
TP22,MTI2201_MTI0,210,0.1,_
TP22,NAP2201_NAP0,214,1,_
TP22,NAP2202_NTM0,216,0.5,_
TP22,NAP2202_NTM0,217,0.5,_
TP22,NMA0331_WHL0,729,1,_
TP22,NSY0331_PAE0,651,1,_
TP22,OHA2201_OHA0,636,0.25,_
TP22,OHA2201_OHA0,637,0.25,_
TP22,OHA2201_OHA0,638,0.25,_
TP22,OHA2201_OHA0,639,0.25,_
TP22,OHB2201_OHB0,641,0.25,_
TP22,OHB2201_OHB0,642,0.25,_
TP22,OHB2201_OHB0,643,0.25,_
TP22,OHB2201_OHB0,644,0.25,_
TP22,OHC2201_OHC0,646,0.25,_
TP22,OHC2201_OHC0,647,0.25,_
TP22,OHC2201_OHC0,648,0.25,_
TP22,OHC2201_OHC0,649,0.25,_
TP22,OHK2201_OHK0,219,0.25,_
TP22,OHK2201_OHK0,220,0.25,_
TP22,OHK2201_OHK0,221,0.25,_
TP22,OHK2201_OHK0,222,0.25,_
TP22,OKI2201_OKI0,228,0.099099099,_
TP22,OKI2201_OKI0,230,0.450450451,_
TP22,OKI2201_OKI0,231,0.450450451,_
TP22,PEN0331,81,1,_
TP22,PPI2201_PPI0,241,1,_
TP22,PRM0331,465,1,_
TP22,ROT1101_WHE0,272,1,_
TP22,ROX1101_ROX0,714,0.333333333,_
TP22,ROX1101_ROX0,715,0.333333333,_
TP22,ROX1101_ROX0,716,0.333333333,_
TP22,ROX2201_ROX0,717,0.2,_
TP22,ROX2201_ROX0,718,0.2,_
TP22,ROX2201_ROX0,719,0.2,_
TP22,ROX2201_ROX0,720,0.2,_
TP22,ROX2201_ROX0,721,0.2,_
TP22,RPO2201_RPO0,386,0.5,_
TP22,RPO2201_RPO0,387,0.5,_
TP22,SFD2201_SFD21,340,1,_
TP22,SFD2201_SFD22,341,1,_
TP22,SFD2201_SPL0,346,1,_
TP22,STK0661_COB0,491,1,_
TP22,TGA0331_KMI0,183,1,_
TP22,THI2201_THI1,253,1,_
TP22,THI2201_THI2,254,1,_
TP22,TKA0111_TKA1,560,1,_
TP22,TKB2201_TKB1,655,0.5,_
TP22,TKB2201_TKB1,656,0.5,_
TP22,TKU2201_TKU0,391,0.25,_
TP22,TKU2201_TKU0,392,0.25,_
TP22,TKU2201_TKU0,393,0.25,_
TP22,TKU2201_TKU0,394,0.25,_
TP22,TUI1101_KTW0,298,0.5,_
TP22,TUI1101_KTW0,299,0.5,_
TP22,TUI1101_PRI0,300,0.5,_
TP22,TUI1101_PRI0,301,0.5,_
TP22,TUI1101_TUI0,302,0.333333333,_
TP22,TUI1101_TUI0,303,0.333333333,_
TP22,TUI1101_TUI0,304,0.333333333,_
TP22,TWC2201_NZW0,404,1,_
TP22,TWC2201_TWF0,405,1,_
TP22,TWH0331_TRC1,142,1,_
TP22,TWH0331_TUK0,147,1,_
TP22,WDV1101_TAP0,389,1,_
TP22,WGN0331,411,1,_
TP22,WHI0111,306,1,_
TP22,WHI2201_WHI0,307,0.333333333,_
TP22,WHI2201_WHI0,308,0.333333333,_
TP22,WHI2201_WHI0,309,0.333333333,_
TP22,WHU0331,150,1,_
TP22,WIL0331_MCK0,482,1,_
TP22,WKM2201_MOK0,198,0.524257784,_
TP22,WKM2201_MOK0,199,0.475742216,_
TP22,WKM2201_WKM0,274,0.25,_
TP22,WKM2201_WKM0,275,0.25,_
TP22,WKM2201_WKM0,276,0.25,_
TP22,WKM2201_WKM0,277,0.25,_
TP22,WKO0331,152,1,_
TP22,WPA2201_WPA0,283,1,_
TP22,WRK0331_RKA0,740,1,_
TP22,WRK0331_TAA0,248,1,_
TP22,WRK2201_WRK0,285,0.340664962,_
TP22,WRK2201_WRK0,286,0.170332481,_
TP22,WRK2201_WRK0,287,0.19028133,_
TP22,WRK2201_WRK0,288,0.211764706,_
TP22,WRK2201_WRK0,289,0.086956522,_
TP22,WTK0111_WTK0,660,1,_
TP22,WWD1102_WWD0,479,1,_
TP22,WWD1103_WWD0,744,1,_
TP22,KAW0112_DLS0,176,1,_
TP22,KAW0113_DLS1,178,1,_
TP22,ABY0111,541,1,_
TP22,ALB0331,4,1,_
TP22,ALB1101,41,1,_
TP22,APS0111,569,1,_
TP22,ARG1101,487,1,_
TP22,ASB0331,543,1,_
TP22,ASB0661,544,1,_
TP22,ASY0111,520,0.5,_
TP22,ASY0111,748,0.5,_
TP22,ATU1101,488,1,_
TP22,BAL0331,669,1,_
TP22,BDE0111,671,1,_
TP22,BLN0331,489,1,_
TP22,BOB0331,45,1,_
TP22,BPD1101,618,1,_
TP22,BPE0331,357,1,_
TP22,BPE0551,358,0.5,_
TP22,BPE0551,359,0.5,_
TP22,BPT1101,619,1,_
TP22,BRB0331,8,1,_
TP22,BRK0331,315,1,_
TP22,BRY0661,549,1,_
TP22,BWK1101,673,1,_
TP22,CBG0111,105,1,_
TP22,CLH0111,572,1,_
TP22,CML0331,620,1,_
TP22,COL0111,575,1,_
TP22,COL0661,576,1,_
TP22,CPK0111,416,0.5,_
TP22,CPK0111,417,0.5,_
TP22,CST0331,317,1,_
TP22,CUL0331,493,1,_
TP22,CUL0661,494,1,_
TP22,CYD0331,678,1,_
TP22,CYD2201,679,1,_
TP22,DOB0331,579,1,_
TP22,DVK0111,366,1,_
TP22,EDG0331,168,1,_
TP22,EDN0331,680,1,_
TP22,FHL0331,293,1,_
TP22,FKN0331,628,1,_
TP22,GFD0331,426,1,_
TP22,GLN0331,733,1,_
TP22,GLN0332,51,1,_
TP22,GOR0331,682,1,_
TP22,GYM0661,585,1,_
TP22,GYT0331,429,1,_
TP22,HAM0111,108,1,_
TP22,HAM0551,110,1,_
TP22,HAM0551,5032,0,_
TP22,HAY0111,434,1,_
TP22,HAY0331,443,1,_
TP22,HEN0331,12,1,_
TP22,HEP0331,17,1,_
TP22,HKK0661,587,1,_
TP22,HLY0331,121,1,_
TP22,HOB1101,56,1,_
TP22,HOR0331,589,1,_
TP22,HOR0661,590,1,_
TP22,HTI0331,123,1,_
TP22,HUI0331,319,1,_
TP22,HWA0331,321,1,_
TP22,HWA0332,742,1,_
TP22,HWA1101,322,1,_
TP22,HWA1102,322,1,_
TP22,HWB0331,688,1,_
TP22,HWB0332,753,1,_
TP22,HWB1101,693,1,_
TP22,INV0331,696,1,_
TP22,ISL0661,526,1,_
TP22,KAI0111,531,1,_
TP22,KAW0112,176,1,_
TP22,KAW1101,181,1,_
TP22,KBY0661,591,1,_
TP22,KBY0662,591,1,_
TP22,KIK0111,745,1,_
TP22,KIN0111,126,1,_
TP22,KIN0112,125,1,_
TP22,KIN0113,738,1,_
TP22,KMO0331,187,1,_
TP22,KOE1101,20,1,_
TP22,KPA1101,324,1,_
TP22,KUM0661,593,1,_
TP22,KWA0111,451,1,_
TP22,LFD1101,192,1,_
TP22,LFD1102,192,1,_
TP22,LTN0331,370,1,_
TP22,MAN2201,701,1,_
TP22,MAT1101,156,0.909090909,_
TP22,MAT1101,197,0.090909091,_
TP22,MCH0111,503,1,_
TP22,MER0331,60,1,_
TP22,MGM0331,454,1,_
TP22,MHO0331,374,1,_
TP22,MKE1101,325,0.5,_
TP22,MKE1101,326,0.5,_
TP22,MLG0111,456,1,_
TP22,MLG0331,457,1,_
TP22,MNG0331,61,1,_
TP22,MNG1101,62,1,_
TP22,MNI0111,328,1,_
TP22,MST0331,460,1,_
TP22,MTM0331,212,1,_
TP22,MTN0331,377,1,_
TP22,MTO0331,28,1,_
TP22,MTR0331,380,1,_
TP22,NAP2201,214,1,_
TP22,NAP2202,215,1,_
TP22,NMA0331,711,1,_
TP22,NPK0331,382,1,_
TP22,NPL0331,331,1,_
TP22,NSY0331,632,1,_
TP22,OAM0331,634,1,_
TP22,OKN0111,384,1,_
TP22,ONG0331,137,1,_
TP22,OPK0331,335,1,_
TP22,ORO1101,507,1,_
TP22,ORO1102,508,1,_
TP22,OTA0221,66,1,_
TP22,OTI0111,595,1,_
TP22,OWH0111,239,1,_
TP22,PAK0331,75,1,_
TP22,PAO1101,139,1,_
TP22,PEN0221,79,1,_
TP22,PEN0251,80,1,_
TP22,PEN1101,56,0.190798081,_
TP22,PEN1101,58,0.645660707,_
TP22,PEN1101,88,0.163541212,_
TP22,PNI0331,462,1,_
TP22,PPI2201,241,0.5,_
TP22,PPI2201,242,0.5,_
TP22,RDF0331,295,1,_
TP22,RFN1101,506,1,_
TP22,RFN1102,505,1,_
TP22,ROS0221,89,1,_
TP22,ROS1101,90,1,_
TP22,ROT0111,245,1,_
TP22,ROT0331,246,1,_
TP22,ROT1101,247,1,_
TP22,SBK0331,533,1,_
TP22,SBK0661,534,1,_
TP22,SDN0331,725,1,_
TP22,SFD0331,342,1,_
TP22,SFD2201,345,1,_
TP22,STK0331,511,1,_
TP22,STK0661,512,1,_
TP22,STU0111,653,1,_
TP22,SVL0331,32,1,_
TP22,SWN0251,36,1,_
TP22,SWN2201,37,1,_
TP22,TAK0331,91,1,_
TP22,TGA0111,250,1,_
TP22,TGA0331,251,1,_
TP22,THI2201,255,1,_
TP22,TIM0111,556,1,_
TP22,TKA0331,561,1,_
TP22,TKH0111,256,1,_
TP22,TKR0331,470,1,_
TP22,TKU0331,395,1,_
TP22,TMI0331,258,1,_
TP22,TMK0331,563,1,_
TP22,TMN0551,397,0.5,_
TP22,TMN0551,398,0.5,_
TP22,TMU0111,140,1,_
TP22,TNG0111,400,1,_
TP22,TNG0551,401,0.5,_
TP22,TNG0551,402,0.5,_
TP22,TRK0111,260,1,_
TP22,TUI1101,305,1,_
TP22,TWC2201,406,1,_
TP22,TWH0331,143,0.253164557,_
TP22,TWH0331,148,0.746835443,_
TP22,TWI2201,728,1,_
TP22,TWZ0331,658,1,_
TP22,UHT0331,472,1,_
TP22,WAI0111,269,1,_
TP22,WDV0111,409,1,_
TP22,WDV1101,410,1,_
TP22,WEL0331,38,1,_
TP22,WHI2201,310,1,_
TP22,WIL0331,475,1,_
TP22,WIR0331,94,1,_
TP22,WKM2201,278,1,_
TP22,WPR0331,535,1,_
TP22,WPR0661,536,1,_
TP22,WPT0111,518,1,_
TP22,WPW0331,413,1,_
TP22,WRD0331,41,1,_
TP22,WRK0331,290,1,_
TP22,WTK0111,660,1,_
TP22,WTK0331,5157,1,_
TP22,WTU0331,311,1,_
TP22,WVY0111,352,1,_
TP22,WWD1102,481,1,_
TP22,WWD1103,480,1,_
TP22,ABY1101,542,1,_
TP22,ALB2201,7,1,_
TP22,APS0661,570,1,_
TP22,ARA2201,163,1,_
TP22,ARI1101,737,1,_
TP22,ARI1102,101,1,_
TP22,ASB2201,545,1,_
TP22,ASY0661,521,1,_
TP22,ATI2201,164,1,_
TP22,AVI2201,603,1,_
TP22,BAL1101,670,1,_
TP22,BDE1101,672,1,_
TP22,BEN2201,617,1,_
TP22,BEN2202,617,1,_
TP22,BEN3502,615,1,_
TP22,BEN3503,616,1,_
TP22,BHL2201,47,1,_
TP22,BHL2202,48,1,_
TP22,BLN1101,490,1,_
TP22,BPC1101,598,1,_
TP22,BPE1101,363,1,_
TP22,BPE2201,364,1,_
TP22,BRB2201,9,1,_
TP22,BRK2201,316,1,_
TP22,BRK2202,316,1,_
TP22,BRY2201,553,1,_
TP22,CBG1101,107,1,_
TP22,CBG1102,106,1,_
TP22,CLH0661,573,1,_
TP22,CML1101,625,1,_
TP22,CML1102,624,1,_
TP22,CML2201,627,1,_
TP22,CML2202,626,1,_
TP22,CPK1101,419,1,_
TP22,CPK1102,420,1,_
TP22,CPK1103,421,1,_
TP22,CST1101,318,1,_
TP22,CUL2202,495,1,_
TP22,CUL2203,496,1,_
TP22,DOB0661,580,1,_
TP22,DOB1101,584,1,_
TP22,DOB1102,583,1,_
TP22,DRY2201,49,1,_
TP22,DRY2202,49,1,_
TP22,DVK1101,367,1,_
TP22,DVK1102,368,1,_
TP22,EDG1101,171,1,_
TP22,EDG1102,171,1,_
TP22,EDG2201,172,1,_
TP22,EDN1101,681,1,_
TP22,FHL1101,294,1,_
TP22,FKN1101,630,1,_
TP22,FKN1102,629,1,_
TP22,GFD1101,428,1,_
TP22,GFD1102,427,1,_
TP22,GLN2201,53,1,_
TP22,GNY1101,597,1,_
TP22,GOR1101,683,1,_
TP22,GOR1102,683,1,_
TP22,GYT1101,430,1,_
TP22,GYT1102,431,1,_
TP22,HAM1101,112,1,_
TP22,HAM2201,113,1,_
TP22,HAY1101,447,1,_
TP22,HAY2201,450,1,_
TP22,HAY3502,449,1,_
TP22,HAY3503,448,1,_
TP22,HEN1101,15,1,_
TP22,HEN2201,16,1,_
TP22,HEP1101,18,1,_
TP22,HIN1101,115,1,_
TP22,HLY2201,116,1,_
TP22,HOB2201,57,1,_
TP22,HPI2201,19,1,_
TP22,HPI2202,19,1,_
TP22,HTI1101,124,1,_
TP22,HUI1101,320,1,_
TP22,HWA1001,322,1,_
TP22,HWB2201,694,1,_
TP22,IGH1101,497,1,_
TP22,INV1101,698,1,_
TP22,INV2201,699,1,_
TP22,INV2202,699,1,_
TP22,ISL2201,530,1,_
TP22,KAI0661,532,1,_
TP22,KAW2201,182,1,_
TP22,KBT0661,567,1,_
TP22,KBT0662,566,1,_
TP22,KIK1101,501,1,_
TP22,KIK2201,502,1,_
TP22,KIN1101,129,1,_
TP22,KIN1102,129,1,_
TP22,KMO1101,190,1,_
TP22,KMO1102,190,1,_
TP22,KMO1103,190,1,_
TP22,KMO2201,191,1,_
TP22,KPO1101,133,1,_
TP22,KPU1101,739,1,_
TP22,KPU1102,5046,1,_
TP22,KWA1101,452,1,_
TP22,KWA1102,453,1,_
TP22,LIV2201,631,1,_
TP22,LTN2201,371,1,_
TP22,LTN2202,372,1,_
TP22,MCH1101,504,1,_
TP22,MDN1101,25,1,_
TP22,MDN2201,26,1,_
TP22,MGM1101,455,1,_
TP22,MHO1101,375,1,_
TP22,MHO1102,376,1,_
TP22,MHT1102,422,1,_
TP22,MHT1103,423,1,_
TP22,MKT1101,314,1,_
TP22,MLG1101,459,1,_
TP22,MLG1102,458,1,_
TP22,MNI1101,329,1,_
TP22,MST1101,461,1,_
TP22,MTI2201,211,1,_
TP22,MTM1101,213,1,_
TP22,MTN1101,379,1,_
TP22,MTN1102,378,1,_
TP22,MTO1101,29,1,_
TP22,MTO1102,30,1,_
TP22,MTR1101,381,1,_
TP22,MVE1101,102,1,_
TP22,MVE1102,103,1,_
TP22,NGA1101,31,1,_
TP22,NMA2201,712,1,_
TP22,NPK1101,383,1,_
TP22,NPL1101,333,1,_
TP22,NPL2201,334,1,_
TP22,NSY2201,633,1,_
TP22,OAM1101,635,1,_
TP22,OAM1102,752,1,_
TP22,OHA2201,640,1,_
TP22,OHB2201,645,1,_
TP22,OHC2201,650,1,_
TP22,OHK2201,223,1,_
TP22,OHW2201,136,1,_
TP22,OHW2202,136,1,_
TP22,OKE1101,224,1,_
TP22,OKI2201,227,0.5,_
TP22,OKI2201,229,0.5,_
TP22,OKN1101,385,1,_
TP22,ONG1101,138,1,_
TP22,OPI2201,540,1,_
TP22,OPI2202,539,1,_
TP22,OPK1101,743,1,_
TP22,OPK1102,336,1,_
TP22,OTA1103,70,1,_
TP22,OTA1104,734,1,_
TP22,OTA1105,70,1,_
TP22,OTA1106,734,1,_
TP22,OTA1107,70,1,_
TP22,OTA1108,734,1,_
TP22,OTA1109,70,1,_
TP22,OTA110A,734,1,_
TP22,OTA2201,72,1,_
TP22,OTA2202,73,1,_
TP22,OTA2203,71,1,_
TP22,OTI0661,596,1,_
TP22,OWH1101,240,1,_
TP22,PAK2201,76,1,_
TP22,PEN0222,79,1,_
TP22,PEN2201,87,1,_
TP22,PIE1101,173,1,_
TP22,PNI1101,463,1,_
TP22,PNI1102,464,1,_
TP22,PRM2201,468,1,_
TP22,PRM2202,469,1,_
TP22,PRT2201,425,1,_
TP22,PRT2202,424,1,_
TP22,RDF1101,296,1,_
TP22,RDF1102,296,1,_
TP22,RDF2201,297,1,_
TP22,RFC1101,483,1,_
TP22,ROT1102,247,1,_
TP22,ROX1101,723,1,_
TP22,ROX2201,724,1,_
TP22,RPO2201,388,1,_
TP22,RTO1101,104,1,_
TP22,RTR1101,365,1,_
TP22,SDN2201,726,1,_
TP22,SFD1101,344,1,_
TP22,STK1101,515,1,_
TP22,STK2201,516,1,_
TP22,STU1101,654,1,_
TP22,SVL2201,33,1,_
TP22,SVL2202,34,1,_
TP22,TAK2201,92,1,_
TP22,TAK2202,93,1,_
TP22,TGA1101,252,1,_
TP22,TIM1101,557,1,_
TP22,TIM2201,559,1,_
TP22,TIM2202,558,1,_
TP22,TKA0111,560,1,_
TP22,TKA1101,562,1,_
TP22,TKB2201,657,1,_
TP22,TKH0501,257,1,_
TP22,TKR1101,471,1,_
TP22,TKU2201,396,1,_
TP22,TMH2201,727,1,_
TP22,TMI1101,259,1,_
TP22,TMK1101,5150,1,_
TP22,TMK1102,565,1,_
TP22,TMN2201,399,1,_
TP22,TMU1101,141,1,_
TP22,TNG2201,403,1,_
TP22,TRK1101,267,1,_
TP22,TRK1102,267,1,_
TP22,TRK2201,268,1,_
TP22,TWH2201,149,1,_
TP22,TWT2201,369,1,_
TP22,TWZ2201,659,1,_
TP22,TWZ2202,659,1,_
TP22,UHT1101,473,1,_
TP22,WAI0501,270,1,_
TP22,WAI1101,271,1,_
TP22,WDV1102,410,1,_
TP22,WEL1101,40,1,_
TP22,WEL1102,39,1,_
TP22,WGN1101,412,1,_
TP22,WHU1101,151,1,_
TP22,WIL1101,477,1,_
TP22,WIL2201,478,1,_
TP22,WIR1101,95,1,_
TP22,WIR1102,736,1,_
TP22,WKM2202,282,1,_
TP22,WKO1101,153,1,_
TP22,WMG1101,746,1,_
TP22,WMG1102,517,1,_
TP22,WPA2201,284,1,_
TP22,WPR2202,538,1,_
TP22,WPR2203,537,1,_
TP22,WPT1101,747,1,_
TP22,WPT1102,519,1,_
TP22,WPW1101,414,1,_
TP22,WPW1102,415,1,_
TP22,WRD2201,44,1,_
TP22,WRK2201,292,1,_
TP22,WTK1101,666,1,_
TP22,WTK1102,667,1,_
TP22,WTK2201,668,1,_
TP22,WTU2201,741,1,_
TP22,WTU2202,312,1,_
TP22,WVY1101,353,1,_
TP23,ARA2201_ARA0,160,0.333333333,_
TP23,ARA2201_ARA0,161,0.333333333,_
TP23,ARA2201_ARA0,162,0.333333333,_
TP23,ARG1101_BRR0,486,1,_
TP23,ARI1101_ARI0,100,0.25,_
TP23,ARI1101_ARI0,97,0.25,_
TP23,ARI1101_ARI0,98,0.25,_
TP23,ARI1101_ARI0,99,0.25,_
TP23,ARI1102_ARI0,96,1,_
TP23,ASB0661_HBK0,554,1,_
TP23,ATI2201_ATI0,164,1,_
TP23,AVI2201_AVI0,599,0.25,_
TP23,AVI2201_AVI0,600,0.25,_
TP23,AVI2201_AVI0,601,0.25,_
TP23,AVI2201_AVI0,602,0.25,_
TP23,BEN2202_BEN0,606,0.166666667,_
TP23,BEN2202_BEN0,607,0.166666667,_
TP23,BEN2202_BEN0,608,0.166666667,_
TP23,BEN2202_BEN0,609,0.166666667,_
TP23,BEN2202_BEN0,610,0.166666667,_
TP23,BEN2202_BEN0,611,0.166666667,_
TP23,BOB1101,46,1,_
TP23,BPE0331_TWF0,408,1,_
TP23,BWK1101_WPI0,731,1,_
TP23,COL0661_COL0,574,0.447368421,_
TP23,COL0661_COL0,750,0.552631579,_
TP23,CPK0331,418,1,_
TP23,CYD2201_CYD0,674,0.25,_
TP23,CYD2201_CYD0,675,0.25,_
TP23,CYD2201_CYD0,676,0.25,_
TP23,CYD2201_CYD0,677,0.25,_
TP23,GLN0332_GLN0,50,1,_
TP23,HAM0331,109,1,_
TP23,HIN0331,114,1,_
TP23,HLY2201_HLY1,119,1,_
TP23,HLY2201_HLY2,118,1,_
TP23,HLY2201_HLY5,120,1,_
TP23,HLY2201_HLY6,117,1,_
TP23,HWA1101_PTA1,337,1,_
TP23,HWA1101_PTA2,337,1,_
TP23,HWA1101_PTA3,337,1,_
TP23,HWA1102_WAA0,348,0.416909621,_
TP23,HWA1102_WAA0,350,0.583090379,_
TP23,HWA1102_WAA1,348,0.416909621,_
TP23,HWA1102_WAA1,350,0.583090379,_
TP23,HWB0331_MAH0,700,1,_
TP23,HWB0331_WPI0,730,1,_
TP23,ISL0331,525,1,_
TP23,KAW0111,179,1,_
TP23,KAW0112_ONU0,235,0.29467381,_
TP23,KAW0112_ONU0,236,0.204853451,_
TP23,KAW0112_ONU0,237,0.126063662,_
TP23,KAW0112_ONU0,238,0.374409077,_
TP23,KAW0113,178,1,_
TP23,KAW1101_KAG0,174,1,_
TP23,KIN0112_KIN0,125,1,_
TP23,KIN0331,127,1,_
TP23,KPA1101_KPI1,323,1,_
TP23,KPO1101_KPO0,130,0.333333333,_
TP23,KPO1101_KPO0,131,0.333333333,_
TP23,KPO1101_KPO0,132,0.333333333,_
TP23,KPU0661,134,1,_
TP23,KUM0661_KUM0,593,1,_
TP23,LTN0331_TWF0,407,1,_
TP23,MAN2201_MAN0,702,0.142857143,_
TP23,MAN2201_MAN0,703,0.142857143,_
TP23,MAN2201_MAN0,704,0.142857143,_
TP23,MAN2201_MAN0,705,0.142857143,_
TP23,MAN2201_MAN0,706,0.142857143,_
TP23,MAN2201_MAN0,707,0.142857143,_
TP23,MAN2201_MAN0,708,0.142857143,_
TP23,MAT1101_ANI0,154,0.5,_
TP23,MAT1101_ANI0,155,0.5,_
TP23,MAT1101_MAT0,195,0.5,_
TP23,MAT1101_MAT0,196,0.5,_
TP23,MHO0331_MHO0,373,1,_
TP23,MKE1101_MKE1,325,0.5,_
TP23,MKE1101_MKE1,326,0.5,_
TP23,MPE1101,27,1,_
TP23,MTI2201_MTI0,201,0.1,_
TP23,MTI2201_MTI0,202,0.1,_
TP23,MTI2201_MTI0,203,0.1,_
TP23,MTI2201_MTI0,204,0.1,_
TP23,MTI2201_MTI0,205,0.1,_
TP23,MTI2201_MTI0,206,0.1,_
TP23,MTI2201_MTI0,207,0.1,_
TP23,MTI2201_MTI0,208,0.1,_
TP23,MTI2201_MTI0,209,0.1,_
TP23,MTI2201_MTI0,210,0.1,_
TP23,NAP2201_NAP0,214,1,_
TP23,NAP2202_NTM0,216,0.5,_
TP23,NAP2202_NTM0,217,0.5,_
TP23,NMA0331_WHL0,729,1,_
TP23,NSY0331_PAE0,651,1,_
TP23,OHA2201_OHA0,636,0.25,_
TP23,OHA2201_OHA0,637,0.25,_
TP23,OHA2201_OHA0,638,0.25,_
TP23,OHA2201_OHA0,639,0.25,_
TP23,OHB2201_OHB0,641,0.25,_
TP23,OHB2201_OHB0,642,0.25,_
TP23,OHB2201_OHB0,643,0.25,_
TP23,OHB2201_OHB0,644,0.25,_
TP23,OHC2201_OHC0,646,0.25,_
TP23,OHC2201_OHC0,647,0.25,_
TP23,OHC2201_OHC0,648,0.25,_
TP23,OHC2201_OHC0,649,0.25,_
TP23,OHK2201_OHK0,219,0.25,_
TP23,OHK2201_OHK0,220,0.25,_
TP23,OHK2201_OHK0,221,0.25,_
TP23,OHK2201_OHK0,222,0.25,_
TP23,OKI2201_OKI0,228,0.099099099,_
TP23,OKI2201_OKI0,230,0.450450451,_
TP23,OKI2201_OKI0,231,0.450450451,_
TP23,PEN0331,81,1,_
TP23,PPI2201_PPI0,241,1,_
TP23,PRM0331,465,1,_
TP23,ROT1101_WHE0,272,1,_
TP23,ROX1101_ROX0,714,0.333333333,_
TP23,ROX1101_ROX0,715,0.333333333,_
TP23,ROX1101_ROX0,716,0.333333333,_
TP23,ROX2201_ROX0,717,0.2,_
TP23,ROX2201_ROX0,718,0.2,_
TP23,ROX2201_ROX0,719,0.2,_
TP23,ROX2201_ROX0,720,0.2,_
TP23,ROX2201_ROX0,721,0.2,_
TP23,RPO2201_RPO0,386,0.5,_
TP23,RPO2201_RPO0,387,0.5,_
TP23,SFD2201_SFD21,340,1,_
TP23,SFD2201_SFD22,341,1,_
TP23,SFD2201_SPL0,346,1,_
TP23,STK0661_COB0,491,1,_
TP23,TGA0331_KMI0,183,1,_
TP23,THI2201_THI1,253,1,_
TP23,THI2201_THI2,254,1,_
TP23,TKA0111_TKA1,560,1,_
TP23,TKB2201_TKB1,655,0.5,_
TP23,TKB2201_TKB1,656,0.5,_
TP23,TKU2201_TKU0,391,0.25,_
TP23,TKU2201_TKU0,392,0.25,_
TP23,TKU2201_TKU0,393,0.25,_
TP23,TKU2201_TKU0,394,0.25,_
TP23,TUI1101_KTW0,298,0.5,_
TP23,TUI1101_KTW0,299,0.5,_
TP23,TUI1101_PRI0,300,0.5,_
TP23,TUI1101_PRI0,301,0.5,_
TP23,TUI1101_TUI0,302,0.333333333,_
TP23,TUI1101_TUI0,303,0.333333333,_
TP23,TUI1101_TUI0,304,0.333333333,_
TP23,TWC2201_NZW0,404,1,_
TP23,TWC2201_TWF0,405,1,_
TP23,TWH0331_TRC1,142,1,_
TP23,TWH0331_TUK0,147,1,_
TP23,WDV1101_TAP0,389,1,_
TP23,WGN0331,411,1,_
TP23,WHI0111,306,1,_
TP23,WHI2201_WHI0,307,0.333333333,_
TP23,WHI2201_WHI0,308,0.333333333,_
TP23,WHI2201_WHI0,309,0.333333333,_
TP23,WHU0331,150,1,_
TP23,WIL0331_MCK0,482,1,_
TP23,WKM2201_MOK0,198,0.524257784,_
TP23,WKM2201_MOK0,199,0.475742216,_
TP23,WKM2201_WKM0,274,0.25,_
TP23,WKM2201_WKM0,275,0.25,_
TP23,WKM2201_WKM0,276,0.25,_
TP23,WKM2201_WKM0,277,0.25,_
TP23,WKO0331,152,1,_
TP23,WPA2201_WPA0,283,1,_
TP23,WRK0331_RKA0,740,1,_
TP23,WRK0331_TAA0,248,1,_
TP23,WRK2201_WRK0,285,0.340664962,_
TP23,WRK2201_WRK0,286,0.170332481,_
TP23,WRK2201_WRK0,287,0.19028133,_
TP23,WRK2201_WRK0,288,0.211764706,_
TP23,WRK2201_WRK0,289,0.086956522,_
TP23,WTK0111_WTK0,660,1,_
TP23,WWD1102_WWD0,479,1,_
TP23,WWD1103_WWD0,744,1,_
TP23,KAW0112_DLS0,176,1,_
TP23,KAW0113_DLS1,178,1,_
TP23,ABY0111,541,1,_
TP23,ALB0331,4,1,_
TP23,ALB1101,41,1,_
TP23,APS0111,569,1,_
TP23,ARG1101,487,1,_
TP23,ASB0331,543,1,_
TP23,ASB0661,544,1,_
TP23,ASY0111,520,0.5,_
TP23,ASY0111,748,0.5,_
TP23,ATU1101,488,1,_
TP23,BAL0331,669,1,_
TP23,BDE0111,671,1,_
TP23,BLN0331,489,1,_
TP23,BOB0331,45,1,_
TP23,BPD1101,618,1,_
TP23,BPE0331,357,1,_
TP23,BPE0551,358,0.5,_
TP23,BPE0551,359,0.5,_
TP23,BPT1101,619,1,_
TP23,BRB0331,8,1,_
TP23,BRK0331,315,1,_
TP23,BRY0661,549,1,_
TP23,BWK1101,673,1,_
TP23,CBG0111,105,1,_
TP23,CLH0111,572,1,_
TP23,CML0331,620,1,_
TP23,COL0111,575,1,_
TP23,COL0661,576,1,_
TP23,CPK0111,416,0.5,_
TP23,CPK0111,417,0.5,_
TP23,CST0331,317,1,_
TP23,CUL0331,493,1,_
TP23,CUL0661,494,1,_
TP23,CYD0331,678,1,_
TP23,CYD2201,679,1,_
TP23,DOB0331,579,1,_
TP23,DVK0111,366,1,_
TP23,EDG0331,168,1,_
TP23,EDN0331,680,1,_
TP23,FHL0331,293,1,_
TP23,FKN0331,628,1,_
TP23,GFD0331,426,1,_
TP23,GLN0331,733,1,_
TP23,GLN0332,51,1,_
TP23,GOR0331,682,1,_
TP23,GYM0661,585,1,_
TP23,GYT0331,429,1,_
TP23,HAM0111,108,1,_
TP23,HAM0551,110,1,_
TP23,HAM0551,5032,0,_
TP23,HAY0111,434,1,_
TP23,HAY0331,443,1,_
TP23,HEN0331,12,1,_
TP23,HEP0331,17,1,_
TP23,HKK0661,587,1,_
TP23,HLY0331,121,1,_
TP23,HOB1101,56,1,_
TP23,HOR0331,589,1,_
TP23,HOR0661,590,1,_
TP23,HTI0331,123,1,_
TP23,HUI0331,319,1,_
TP23,HWA0331,321,1,_
TP23,HWA0332,742,1,_
TP23,HWA1101,322,1,_
TP23,HWA1102,322,1,_
TP23,HWB0331,688,1,_
TP23,HWB0332,753,1,_
TP23,HWB1101,693,1,_
TP23,INV0331,696,1,_
TP23,ISL0661,526,1,_
TP23,KAI0111,531,1,_
TP23,KAW0112,176,1,_
TP23,KAW1101,181,1,_
TP23,KBY0661,591,1,_
TP23,KBY0662,591,1,_
TP23,KIK0111,745,1,_
TP23,KIN0111,126,1,_
TP23,KIN0112,125,1,_
TP23,KIN0113,738,1,_
TP23,KMO0331,187,1,_
TP23,KOE1101,20,1,_
TP23,KPA1101,324,1,_
TP23,KUM0661,593,1,_
TP23,KWA0111,451,1,_
TP23,LFD1101,192,1,_
TP23,LFD1102,192,1,_
TP23,LTN0331,370,1,_
TP23,MAN2201,701,1,_
TP23,MAT1101,156,0.909090909,_
TP23,MAT1101,197,0.090909091,_
TP23,MCH0111,503,1,_
TP23,MER0331,60,1,_
TP23,MGM0331,454,1,_
TP23,MHO0331,374,1,_
TP23,MKE1101,325,0.5,_
TP23,MKE1101,326,0.5,_
TP23,MLG0111,456,1,_
TP23,MLG0331,457,1,_
TP23,MNG0331,61,1,_
TP23,MNG1101,62,1,_
TP23,MNI0111,328,1,_
TP23,MST0331,460,1,_
TP23,MTM0331,212,1,_
TP23,MTN0331,377,1,_
TP23,MTO0331,28,1,_
TP23,MTR0331,380,1,_
TP23,NAP2201,214,1,_
TP23,NAP2202,215,1,_
TP23,NMA0331,711,1,_
TP23,NPK0331,382,1,_
TP23,NPL0331,331,1,_
TP23,NSY0331,632,1,_
TP23,OAM0331,634,1,_
TP23,OKN0111,384,1,_
TP23,ONG0331,137,1,_
TP23,OPK0331,335,1,_
TP23,ORO1101,507,1,_
TP23,ORO1102,508,1,_
TP23,OTA0221,66,1,_
TP23,OTI0111,595,1,_
TP23,OWH0111,239,1,_
TP23,PAK0331,75,1,_
TP23,PAO1101,139,1,_
TP23,PEN0221,79,1,_
TP23,PEN0251,80,1,_
TP23,PEN1101,56,0.190798081,_
TP23,PEN1101,58,0.645660707,_
TP23,PEN1101,88,0.163541212,_
TP23,PNI0331,462,1,_
TP23,PPI2201,241,0.5,_
TP23,PPI2201,242,0.5,_
TP23,RDF0331,295,1,_
TP23,RFN1101,506,1,_
TP23,RFN1102,505,1,_
TP23,ROS0221,89,1,_
TP23,ROS1101,90,1,_
TP23,ROT0111,245,1,_
TP23,ROT0331,246,1,_
TP23,ROT1101,247,1,_
TP23,SBK0331,533,1,_
TP23,SBK0661,534,1,_
TP23,SDN0331,725,1,_
TP23,SFD0331,342,1,_
TP23,SFD2201,345,1,_
TP23,STK0331,511,1,_
TP23,STK0661,512,1,_
TP23,STU0111,653,1,_
TP23,SVL0331,32,1,_
TP23,SWN0251,36,1,_
TP23,SWN2201,37,1,_
TP23,TAK0331,91,1,_
TP23,TGA0111,250,1,_
TP23,TGA0331,251,1,_
TP23,THI2201,255,1,_
TP23,TIM0111,556,1,_
TP23,TKA0331,561,1,_
TP23,TKH0111,256,1,_
TP23,TKR0331,470,1,_
TP23,TKU0331,395,1,_
TP23,TMI0331,258,1,_
TP23,TMK0331,563,1,_
TP23,TMN0551,397,0.5,_
TP23,TMN0551,398,0.5,_
TP23,TMU0111,140,1,_
TP23,TNG0111,400,1,_
TP23,TNG0551,401,0.5,_
TP23,TNG0551,402,0.5,_
TP23,TRK0111,260,1,_
TP23,TUI1101,305,1,_
TP23,TWC2201,406,1,_
TP23,TWH0331,143,0.253164557,_
TP23,TWH0331,148,0.746835443,_
TP23,TWI2201,728,1,_
TP23,TWZ0331,658,1,_
TP23,UHT0331,472,1,_
TP23,WAI0111,269,1,_
TP23,WDV0111,409,1,_
TP23,WDV1101,410,1,_
TP23,WEL0331,38,1,_
TP23,WHI2201,310,1,_
TP23,WIL0331,475,1,_
TP23,WIR0331,94,1,_
TP23,WKM2201,278,1,_
TP23,WPR0331,535,1,_
TP23,WPR0661,536,1,_
TP23,WPT0111,518,1,_
TP23,WPW0331,413,1,_
TP23,WRD0331,41,1,_
TP23,WRK0331,290,1,_
TP23,WTK0111,660,1,_
TP23,WTK0331,5157,1,_
TP23,WTU0331,311,1,_
TP23,WVY0111,352,1,_
TP23,WWD1102,481,1,_
TP23,WWD1103,480,1,_
TP23,ABY1101,542,1,_
TP23,ALB2201,7,1,_
TP23,APS0661,570,1,_
TP23,ARA2201,163,1,_
TP23,ARI1101,737,1,_
TP23,ARI1102,101,1,_
TP23,ASB2201,545,1,_
TP23,ASY0661,521,1,_
TP23,ATI2201,164,1,_
TP23,AVI2201,603,1,_
TP23,BAL1101,670,1,_
TP23,BDE1101,672,1,_
TP23,BEN2201,617,1,_
TP23,BEN2202,617,1,_
TP23,BEN3502,615,1,_
TP23,BEN3503,616,1,_
TP23,BHL2201,47,1,_
TP23,BHL2202,48,1,_
TP23,BLN1101,490,1,_
TP23,BPC1101,598,1,_
TP23,BPE1101,363,1,_
TP23,BPE2201,364,1,_
TP23,BRB2201,9,1,_
TP23,BRK2201,316,1,_
TP23,BRK2202,316,1,_
TP23,BRY2201,553,1,_
TP23,CBG1101,107,1,_
TP23,CBG1102,106,1,_
TP23,CLH0661,573,1,_
TP23,CML1101,625,1,_
TP23,CML1102,624,1,_
TP23,CML2201,627,1,_
TP23,CML2202,626,1,_
TP23,CPK1101,419,1,_
TP23,CPK1102,420,1,_
TP23,CPK1103,421,1,_
TP23,CST1101,318,1,_
TP23,CUL2202,495,1,_
TP23,CUL2203,496,1,_
TP23,DOB0661,580,1,_
TP23,DOB1101,584,1,_
TP23,DOB1102,583,1,_
TP23,DRY2201,49,1,_
TP23,DRY2202,49,1,_
TP23,DVK1101,367,1,_
TP23,DVK1102,368,1,_
TP23,EDG1101,171,1,_
TP23,EDG1102,171,1,_
TP23,EDG2201,172,1,_
TP23,EDN1101,681,1,_
TP23,FHL1101,294,1,_
TP23,FKN1101,630,1,_
TP23,FKN1102,629,1,_
TP23,GFD1101,428,1,_
TP23,GFD1102,427,1,_
TP23,GLN2201,53,1,_
TP23,GNY1101,597,1,_
TP23,GOR1101,683,1,_
TP23,GOR1102,683,1,_
TP23,GYT1101,430,1,_
TP23,GYT1102,431,1,_
TP23,HAM1101,112,1,_
TP23,HAM2201,113,1,_
TP23,HAY1101,447,1,_
TP23,HAY2201,450,1,_
TP23,HAY3502,449,1,_
TP23,HAY3503,448,1,_
TP23,HEN1101,15,1,_
TP23,HEN2201,16,1,_
TP23,HEP1101,18,1,_
TP23,HIN1101,115,1,_
TP23,HLY2201,116,1,_
TP23,HOB2201,57,1,_
TP23,HPI2201,19,1,_
TP23,HPI2202,19,1,_
TP23,HTI1101,124,1,_
TP23,HUI1101,320,1,_
TP23,HWA1001,322,1,_
TP23,HWB2201,694,1,_
TP23,IGH1101,497,1,_
TP23,INV1101,698,1,_
TP23,INV2201,699,1,_
TP23,INV2202,699,1,_
TP23,ISL2201,530,1,_
TP23,KAI0661,532,1,_
TP23,KAW2201,182,1,_
TP23,KBT0661,567,1,_
TP23,KBT0662,566,1,_
TP23,KIK1101,501,1,_
TP23,KIK2201,502,1,_
TP23,KIN1101,129,1,_
TP23,KIN1102,129,1,_
TP23,KMO1101,190,1,_
TP23,KMO1102,190,1,_
TP23,KMO1103,190,1,_
TP23,KMO2201,191,1,_
TP23,KPO1101,133,1,_
TP23,KPU1101,739,1,_
TP23,KPU1102,5046,1,_
TP23,KWA1101,452,1,_
TP23,KWA1102,453,1,_
TP23,LIV2201,631,1,_
TP23,LTN2201,371,1,_
TP23,LTN2202,372,1,_
TP23,MCH1101,504,1,_
TP23,MDN1101,25,1,_
TP23,MDN2201,26,1,_
TP23,MGM1101,455,1,_
TP23,MHO1101,375,1,_
TP23,MHO1102,376,1,_
TP23,MHT1102,422,1,_
TP23,MHT1103,423,1,_
TP23,MKT1101,314,1,_
TP23,MLG1101,459,1,_
TP23,MLG1102,458,1,_
TP23,MNI1101,329,1,_
TP23,MST1101,461,1,_
TP23,MTI2201,211,1,_
TP23,MTM1101,213,1,_
TP23,MTN1101,379,1,_
TP23,MTN1102,378,1,_
TP23,MTO1101,29,1,_
TP23,MTO1102,30,1,_
TP23,MTR1101,381,1,_
TP23,MVE1101,102,1,_
TP23,MVE1102,103,1,_
TP23,NGA1101,31,1,_
TP23,NMA2201,712,1,_
TP23,NPK1101,383,1,_
TP23,NPL1101,333,1,_
TP23,NPL2201,334,1,_
TP23,NSY2201,633,1,_
TP23,OAM1101,635,1,_
TP23,OAM1102,752,1,_
TP23,OHA2201,640,1,_
TP23,OHB2201,645,1,_
TP23,OHC2201,650,1,_
TP23,OHK2201,223,1,_
TP23,OHW2201,136,1,_
TP23,OHW2202,136,1,_
TP23,OKE1101,224,1,_
TP23,OKI2201,227,0.5,_
TP23,OKI2201,229,0.5,_
TP23,OKN1101,385,1,_
TP23,ONG1101,138,1,_
TP23,OPI2201,540,1,_
TP23,OPI2202,539,1,_
TP23,OPK1101,743,1,_
TP23,OPK1102,336,1,_
TP23,OTA1103,70,1,_
TP23,OTA1104,734,1,_
TP23,OTA1105,70,1,_
TP23,OTA1106,734,1,_
TP23,OTA1107,70,1,_
TP23,OTA1108,734,1,_
TP23,OTA1109,70,1,_
TP23,OTA110A,734,1,_
TP23,OTA2201,72,1,_
TP23,OTA2202,73,1,_
TP23,OTA2203,71,1,_
TP23,OTI0661,596,1,_
TP23,OWH1101,240,1,_
TP23,PAK2201,76,1,_
TP23,PEN0222,79,1,_
TP23,PEN2201,87,1,_
TP23,PIE1101,173,1,_
TP23,PNI1101,463,1,_
TP23,PNI1102,464,1,_
TP23,PRM2201,468,1,_
TP23,PRM2202,469,1,_
TP23,PRT2201,425,1,_
TP23,PRT2202,424,1,_
TP23,RDF1101,296,1,_
TP23,RDF1102,296,1,_
TP23,RDF2201,297,1,_
TP23,RFC1101,483,1,_
TP23,ROT1102,247,1,_
TP23,ROX1101,723,1,_
TP23,ROX2201,724,1,_
TP23,RPO2201,388,1,_
TP23,RTO1101,104,1,_
TP23,RTR1101,365,1,_
TP23,SDN2201,726,1,_
TP23,SFD1101,344,1,_
TP23,STK1101,515,1,_
TP23,STK2201,516,1,_
TP23,STU1101,654,1,_
TP23,SVL2201,33,1,_
TP23,SVL2202,34,1,_
TP23,TAK2201,92,1,_
TP23,TAK2202,93,1,_
TP23,TGA1101,252,1,_
TP23,TIM1101,557,1,_
TP23,TIM2201,559,1,_
TP23,TIM2202,558,1,_
TP23,TKA0111,560,1,_
TP23,TKA1101,562,1,_
TP23,TKB2201,657,1,_
TP23,TKH0501,257,1,_
TP23,TKR1101,471,1,_
TP23,TKU2201,396,1,_
TP23,TMH2201,727,1,_
TP23,TMI1101,259,1,_
TP23,TMK1101,5150,1,_
TP23,TMK1102,565,1,_
TP23,TMN2201,399,1,_
TP23,TMU1101,141,1,_
TP23,TNG2201,403,1,_
TP23,TRK1101,267,1,_
TP23,TRK1102,267,1,_
TP23,TRK2201,268,1,_
TP23,TWH2201,149,1,_
TP23,TWT2201,369,1,_
TP23,TWZ2201,659,1,_
TP23,TWZ2202,659,1,_
TP23,UHT1101,473,1,_
TP23,WAI0501,270,1,_
TP23,WAI1101,271,1,_
TP23,WDV1102,410,1,_
TP23,WEL1101,40,1,_
TP23,WEL1102,39,1,_
TP23,WGN1101,412,1,_
TP23,WHU1101,151,1,_
TP23,WIL1101,477,1,_
TP23,WIL2201,478,1,_
TP23,WIR1101,95,1,_
TP23,WIR1102,736,1,_
TP23,WKM2202,282,1,_
TP23,WKO1101,153,1,_
TP23,WMG1101,746,1,_
TP23,WMG1102,517,1,_
TP23,WPA2201,284,1,_
TP23,WPR2202,538,1,_
TP23,WPR2203,537,1,_
TP23,WPT1101,747,1,_
TP23,WPT1102,519,1,_
TP23,WPW1101,414,1,_
TP23,WPW1102,415,1,_
TP23,WRD2201,44,1,_
TP23,WRK2201,292,1,_
TP23,WTK1101,666,1,_
TP23,WTK1102,667,1,_
TP23,WTK2201,668,1,_
TP23,WTU2201,741,1,_
TP23,WTU2202,312,1,_
TP23,WVY1101,353,1,_
TP24,ARA2201_ARA0,160,0.333333333,_
TP24,ARA2201_ARA0,161,0.333333333,_
TP24,ARA2201_ARA0,162,0.333333333,_
TP24,ARG1101_BRR0,486,1,_
TP24,ARI1101_ARI0,100,0.25,_
TP24,ARI1101_ARI0,97,0.25,_
TP24,ARI1101_ARI0,98,0.25,_
TP24,ARI1101_ARI0,99,0.25,_
TP24,ARI1102_ARI0,96,1,_
TP24,ASB0661_HBK0,554,1,_
TP24,ATI2201_ATI0,164,1,_
TP24,AVI2201_AVI0,599,0.25,_
TP24,AVI2201_AVI0,600,0.25,_
TP24,AVI2201_AVI0,601,0.25,_
TP24,AVI2201_AVI0,602,0.25,_
TP24,BEN2202_BEN0,606,0.166666667,_
TP24,BEN2202_BEN0,607,0.166666667,_
TP24,BEN2202_BEN0,608,0.166666667,_
TP24,BEN2202_BEN0,609,0.166666667,_
TP24,BEN2202_BEN0,610,0.166666667,_
TP24,BEN2202_BEN0,611,0.166666667,_
TP24,BOB1101,46,1,_
TP24,BPE0331_TWF0,408,1,_
TP24,BWK1101_WPI0,731,1,_
TP24,COL0661_COL0,574,0.447368421,_
TP24,COL0661_COL0,750,0.552631579,_
TP24,CPK0331,418,1,_
TP24,CYD2201_CYD0,674,0.25,_
TP24,CYD2201_CYD0,675,0.25,_
TP24,CYD2201_CYD0,676,0.25,_
TP24,CYD2201_CYD0,677,0.25,_
TP24,GLN0332_GLN0,50,1,_
TP24,HAM0331,109,1,_
TP24,HIN0331,114,1,_
TP24,HLY2201_HLY1,119,1,_
TP24,HLY2201_HLY2,118,1,_
TP24,HLY2201_HLY5,120,1,_
TP24,HLY2201_HLY6,117,1,_
TP24,HWA1101_PTA1,337,1,_
TP24,HWA1101_PTA2,337,1,_
TP24,HWA1101_PTA3,337,1,_
TP24,HWA1102_WAA0,348,0.416909621,_
TP24,HWA1102_WAA0,350,0.583090379,_
TP24,HWA1102_WAA1,348,0.416909621,_
TP24,HWA1102_WAA1,350,0.583090379,_
TP24,HWB0331_MAH0,700,1,_
TP24,HWB0331_WPI0,730,1,_
TP24,ISL0331,525,1,_
TP24,KAW0111,179,1,_
TP24,KAW0112_ONU0,235,0.29467381,_
TP24,KAW0112_ONU0,236,0.204853451,_
TP24,KAW0112_ONU0,237,0.126063662,_
TP24,KAW0112_ONU0,238,0.374409077,_
TP24,KAW0113,178,1,_
TP24,KAW1101_KAG0,174,1,_
TP24,KIN0112_KIN0,125,1,_
TP24,KIN0331,127,1,_
TP24,KPA1101_KPI1,323,1,_
TP24,KPO1101_KPO0,130,0.333333333,_
TP24,KPO1101_KPO0,131,0.333333333,_
TP24,KPO1101_KPO0,132,0.333333333,_
TP24,KPU0661,134,1,_
TP24,KUM0661_KUM0,593,1,_
TP24,LTN0331_TWF0,407,1,_
TP24,MAN2201_MAN0,702,0.142857143,_
TP24,MAN2201_MAN0,703,0.142857143,_
TP24,MAN2201_MAN0,704,0.142857143,_
TP24,MAN2201_MAN0,705,0.142857143,_
TP24,MAN2201_MAN0,706,0.142857143,_
TP24,MAN2201_MAN0,707,0.142857143,_
TP24,MAN2201_MAN0,708,0.142857143,_
TP24,MAT1101_ANI0,154,0.5,_
TP24,MAT1101_ANI0,155,0.5,_
TP24,MAT1101_MAT0,195,0.5,_
TP24,MAT1101_MAT0,196,0.5,_
TP24,MHO0331_MHO0,373,1,_
TP24,MKE1101_MKE1,325,0.5,_
TP24,MKE1101_MKE1,326,0.5,_
TP24,MPE1101,27,1,_
TP24,MTI2201_MTI0,201,0.1,_
TP24,MTI2201_MTI0,202,0.1,_
TP24,MTI2201_MTI0,203,0.1,_
TP24,MTI2201_MTI0,204,0.1,_
TP24,MTI2201_MTI0,205,0.1,_
TP24,MTI2201_MTI0,206,0.1,_
TP24,MTI2201_MTI0,207,0.1,_
TP24,MTI2201_MTI0,208,0.1,_
TP24,MTI2201_MTI0,209,0.1,_
TP24,MTI2201_MTI0,210,0.1,_
TP24,NAP2201_NAP0,214,1,_
TP24,NAP2202_NTM0,216,0.5,_
TP24,NAP2202_NTM0,217,0.5,_
TP24,NMA0331_WHL0,729,1,_
TP24,NSY0331_PAE0,651,1,_
TP24,OHA2201_OHA0,636,0.25,_
TP24,OHA2201_OHA0,637,0.25,_
TP24,OHA2201_OHA0,638,0.25,_
TP24,OHA2201_OHA0,639,0.25,_
TP24,OHB2201_OHB0,641,0.25,_
TP24,OHB2201_OHB0,642,0.25,_
TP24,OHB2201_OHB0,643,0.25,_
TP24,OHB2201_OHB0,644,0.25,_
TP24,OHC2201_OHC0,646,0.25,_
TP24,OHC2201_OHC0,647,0.25,_
TP24,OHC2201_OHC0,648,0.25,_
TP24,OHC2201_OHC0,649,0.25,_
TP24,OHK2201_OHK0,219,0.25,_
TP24,OHK2201_OHK0,220,0.25,_
TP24,OHK2201_OHK0,221,0.25,_
TP24,OHK2201_OHK0,222,0.25,_
TP24,OKI2201_OKI0,228,0.099099099,_
TP24,OKI2201_OKI0,230,0.450450451,_
TP24,OKI2201_OKI0,231,0.450450451,_
TP24,PEN0331,81,1,_
TP24,PPI2201_PPI0,241,1,_
TP24,PRM0331,465,1,_
TP24,ROT1101_WHE0,272,1,_
TP24,ROX1101_ROX0,714,0.333333333,_
TP24,ROX1101_ROX0,715,0.333333333,_
TP24,ROX1101_ROX0,716,0.333333333,_
TP24,ROX2201_ROX0,717,0.2,_
TP24,ROX2201_ROX0,718,0.2,_
TP24,ROX2201_ROX0,719,0.2,_
TP24,ROX2201_ROX0,720,0.2,_
TP24,ROX2201_ROX0,721,0.2,_
TP24,RPO2201_RPO0,386,0.5,_
TP24,RPO2201_RPO0,387,0.5,_
TP24,SFD2201_SFD21,340,1,_
TP24,SFD2201_SFD22,341,1,_
TP24,SFD2201_SPL0,346,1,_
TP24,STK0661_COB0,491,1,_
TP24,TGA0331_KMI0,183,1,_
TP24,THI2201_THI1,253,1,_
TP24,THI2201_THI2,254,1,_
TP24,TKA0111_TKA1,560,1,_
TP24,TKB2201_TKB1,655,0.5,_
TP24,TKB2201_TKB1,656,0.5,_
TP24,TKU2201_TKU0,391,0.25,_
TP24,TKU2201_TKU0,392,0.25,_
TP24,TKU2201_TKU0,393,0.25,_
TP24,TKU2201_TKU0,394,0.25,_
TP24,TUI1101_KTW0,298,0.5,_
TP24,TUI1101_KTW0,299,0.5,_
TP24,TUI1101_PRI0,300,0.5,_
TP24,TUI1101_PRI0,301,0.5,_
TP24,TUI1101_TUI0,302,0.333333333,_
TP24,TUI1101_TUI0,303,0.333333333,_
TP24,TUI1101_TUI0,304,0.333333333,_
TP24,TWC2201_NZW0,404,1,_
TP24,TWC2201_TWF0,405,1,_
TP24,TWH0331_TRC1,142,1,_
TP24,TWH0331_TUK0,147,1,_
TP24,WDV1101_TAP0,389,1,_
TP24,WGN0331,411,1,_
TP24,WHI0111,306,1,_
TP24,WHI2201_WHI0,307,0.333333333,_
TP24,WHI2201_WHI0,308,0.333333333,_
TP24,WHI2201_WHI0,309,0.333333333,_
TP24,WHU0331,150,1,_
TP24,WIL0331_MCK0,482,1,_
TP24,WKM2201_MOK0,198,0.524257784,_
TP24,WKM2201_MOK0,199,0.475742216,_
TP24,WKM2201_WKM0,274,0.25,_
TP24,WKM2201_WKM0,275,0.25,_
TP24,WKM2201_WKM0,276,0.25,_
TP24,WKM2201_WKM0,277,0.25,_
TP24,WKO0331,152,1,_
TP24,WPA2201_WPA0,283,1,_
TP24,WRK0331_RKA0,740,1,_
TP24,WRK0331_TAA0,248,1,_
TP24,WRK2201_WRK0,285,0.340664962,_
TP24,WRK2201_WRK0,286,0.170332481,_
TP24,WRK2201_WRK0,287,0.19028133,_
TP24,WRK2201_WRK0,288,0.211764706,_
TP24,WRK2201_WRK0,289,0.086956522,_
TP24,WTK0111_WTK0,660,1,_
TP24,WWD1102_WWD0,479,1,_
TP24,WWD1103_WWD0,744,1,_
TP24,KAW0112_DLS0,176,1,_
TP24,KAW0113_DLS1,178,1,_
TP24,ABY0111,541,1,_
TP24,ALB0331,4,1,_
TP24,ALB1101,41,1,_
TP24,APS0111,569,1,_
TP24,ARG1101,487,1,_
TP24,ASB0331,543,1,_
TP24,ASB0661,544,1,_
TP24,ASY0111,520,0.5,_
TP24,ASY0111,748,0.5,_
TP24,ATU1101,488,1,_
TP24,BAL0331,669,1,_
TP24,BDE0111,671,1,_
TP24,BLN0331,489,1,_
TP24,BOB0331,45,1,_
TP24,BPD1101,618,1,_
TP24,BPE0331,357,1,_
TP24,BPE0551,358,0.5,_
TP24,BPE0551,359,0.5,_
TP24,BPT1101,619,1,_
TP24,BRB0331,8,1,_
TP24,BRK0331,315,1,_
TP24,BRY0661,549,1,_
TP24,BWK1101,673,1,_
TP24,CBG0111,105,1,_
TP24,CLH0111,572,1,_
TP24,CML0331,620,1,_
TP24,COL0111,575,1,_
TP24,COL0661,576,1,_
TP24,CPK0111,416,0.5,_
TP24,CPK0111,417,0.5,_
TP24,CST0331,317,1,_
TP24,CUL0331,493,1,_
TP24,CUL0661,494,1,_
TP24,CYD0331,678,1,_
TP24,CYD2201,679,1,_
TP24,DOB0331,579,1,_
TP24,DVK0111,366,1,_
TP24,EDG0331,168,1,_
TP24,EDN0331,680,1,_
TP24,FHL0331,293,1,_
TP24,FKN0331,628,1,_
TP24,GFD0331,426,1,_
TP24,GLN0331,733,1,_
TP24,GLN0332,51,1,_
TP24,GOR0331,682,1,_
TP24,GYM0661,585,1,_
TP24,GYT0331,429,1,_
TP24,HAM0111,108,1,_
TP24,HAM0551,110,1,_
TP24,HAM0551,5032,0,_
TP24,HAY0111,434,1,_
TP24,HAY0331,443,1,_
TP24,HEN0331,12,1,_
TP24,HEP0331,17,1,_
TP24,HKK0661,587,1,_
TP24,HLY0331,121,1,_
TP24,HOB1101,56,1,_
TP24,HOR0331,589,1,_
TP24,HOR0661,590,1,_
TP24,HTI0331,123,1,_
TP24,HUI0331,319,1,_
TP24,HWA0331,321,1,_
TP24,HWA0332,742,1,_
TP24,HWA1101,322,1,_
TP24,HWA1102,322,1,_
TP24,HWB0331,688,1,_
TP24,HWB0332,753,1,_
TP24,HWB1101,693,1,_
TP24,INV0331,696,1,_
TP24,ISL0661,526,1,_
TP24,KAI0111,531,1,_
TP24,KAW0112,176,1,_
TP24,KAW1101,181,1,_
TP24,KBY0661,591,1,_
TP24,KBY0662,591,1,_
TP24,KIK0111,745,1,_
TP24,KIN0111,126,1,_
TP24,KIN0112,125,1,_
TP24,KIN0113,738,1,_
TP24,KMO0331,187,1,_
TP24,KOE1101,20,1,_
TP24,KPA1101,324,1,_
TP24,KUM0661,593,1,_
TP24,KWA0111,451,1,_
TP24,LFD1101,192,1,_
TP24,LFD1102,192,1,_
TP24,LTN0331,370,1,_
TP24,MAN2201,701,1,_
TP24,MAT1101,156,0.909090909,_
TP24,MAT1101,197,0.090909091,_
TP24,MCH0111,503,1,_
TP24,MER0331,60,1,_
TP24,MGM0331,454,1,_
TP24,MHO0331,374,1,_
TP24,MKE1101,325,0.5,_
TP24,MKE1101,326,0.5,_
TP24,MLG0111,456,1,_
TP24,MLG0331,457,1,_
TP24,MNG0331,61,1,_
TP24,MNG1101,62,1,_
TP24,MNI0111,328,1,_
TP24,MST0331,460,1,_
TP24,MTM0331,212,1,_
TP24,MTN0331,377,1,_
TP24,MTO0331,28,1,_
TP24,MTR0331,380,1,_
TP24,NAP2201,214,1,_
TP24,NAP2202,215,1,_
TP24,NMA0331,711,1,_
TP24,NPK0331,382,1,_
TP24,NPL0331,331,1,_
TP24,NSY0331,632,1,_
TP24,OAM0331,634,1,_
TP24,OKN0111,384,1,_
TP24,ONG0331,137,1,_
TP24,OPK0331,335,1,_
TP24,ORO1101,507,1,_
TP24,ORO1102,508,1,_
TP24,OTA0221,66,1,_
TP24,OTI0111,595,1,_
TP24,OWH0111,239,1,_
TP24,PAK0331,75,1,_
TP24,PAO1101,139,1,_
TP24,PEN0221,79,1,_
TP24,PEN0251,80,1,_
TP24,PEN1101,56,0.190798081,_
TP24,PEN1101,58,0.645660707,_
TP24,PEN1101,88,0.163541212,_
TP24,PNI0331,462,1,_
TP24,PPI2201,241,0.5,_
TP24,PPI2201,242,0.5,_
TP24,RDF0331,295,1,_
TP24,RFN1101,506,1,_
TP24,RFN1102,505,1,_
TP24,ROS0221,89,1,_
TP24,ROS1101,90,1,_
TP24,ROT0111,245,1,_
TP24,ROT0331,246,1,_
TP24,ROT1101,247,1,_
TP24,SBK0331,533,1,_
TP24,SBK0661,534,1,_
TP24,SDN0331,725,1,_
TP24,SFD0331,342,1,_
TP24,SFD2201,345,1,_
TP24,STK0331,511,1,_
TP24,STK0661,512,1,_
TP24,STU0111,653,1,_
TP24,SVL0331,32,1,_
TP24,SWN0251,36,1,_
TP24,SWN2201,37,1,_
TP24,TAK0331,91,1,_
TP24,TGA0111,250,1,_
TP24,TGA0331,251,1,_
TP24,THI2201,255,1,_
TP24,TIM0111,556,1,_
TP24,TKA0331,561,1,_
TP24,TKH0111,256,1,_
TP24,TKR0331,470,1,_
TP24,TKU0331,395,1,_
TP24,TMI0331,258,1,_
TP24,TMK0331,563,1,_
TP24,TMN0551,397,0.5,_
TP24,TMN0551,398,0.5,_
TP24,TMU0111,140,1,_
TP24,TNG0111,400,1,_
TP24,TNG0551,401,0.5,_
TP24,TNG0551,402,0.5,_
TP24,TRK0111,260,1,_
TP24,TUI1101,305,1,_
TP24,TWC2201,406,1,_
TP24,TWH0331,143,0.253164557,_
TP24,TWH0331,148,0.746835443,_
TP24,TWI2201,728,1,_
TP24,TWZ0331,658,1,_
TP24,UHT0331,472,1,_
TP24,WAI0111,269,1,_
TP24,WDV0111,409,1,_
TP24,WDV1101,410,1,_
TP24,WEL0331,38,1,_
TP24,WHI2201,310,1,_
TP24,WIL0331,475,1,_
TP24,WIR0331,94,1,_
TP24,WKM2201,278,1,_
TP24,WPR0331,535,1,_
TP24,WPR0661,536,1,_
TP24,WPT0111,518,1,_
TP24,WPW0331,413,1,_
TP24,WRD0331,41,1,_
TP24,WRK0331,290,1,_
TP24,WTK0111,660,1,_
TP24,WTK0331,5157,1,_
TP24,WTU0331,311,1,_
TP24,WVY0111,352,1,_
TP24,WWD1102,481,1,_
TP24,WWD1103,480,1,_
TP24,ABY1101,542,1,_
TP24,ALB2201,7,1,_
TP24,APS0661,570,1,_
TP24,ARA2201,163,1,_
TP24,ARI1101,737,1,_
TP24,ARI1102,101,1,_
TP24,ASB2201,545,1,_
TP24,ASY0661,521,1,_
TP24,ATI2201,164,1,_
TP24,AVI2201,603,1,_
TP24,BAL1101,670,1,_
TP24,BDE1101,672,1,_
TP24,BEN2201,617,1,_
TP24,BEN2202,617,1,_
TP24,BEN3502,615,1,_
TP24,BEN3503,616,1,_
TP24,BHL2201,47,1,_
TP24,BHL2202,48,1,_
TP24,BLN1101,490,1,_
TP24,BPC1101,598,1,_
TP24,BPE1101,363,1,_
TP24,BPE2201,364,1,_
TP24,BRB2201,9,1,_
TP24,BRK2201,316,1,_
TP24,BRK2202,316,1,_
TP24,BRY2201,553,1,_
TP24,CBG1101,107,1,_
TP24,CBG1102,106,1,_
TP24,CLH0661,573,1,_
TP24,CML1101,625,1,_
TP24,CML1102,624,1,_
TP24,CML2201,627,1,_
TP24,CML2202,626,1,_
TP24,CPK1101,419,1,_
TP24,CPK1102,420,1,_
TP24,CPK1103,421,1,_
TP24,CST1101,318,1,_
TP24,CUL2202,495,1,_
TP24,CUL2203,496,1,_
TP24,DOB0661,580,1,_
TP24,DOB1101,584,1,_
TP24,DOB1102,583,1,_
TP24,DRY2201,49,1,_
TP24,DRY2202,49,1,_
TP24,DVK1101,367,1,_
TP24,DVK1102,368,1,_
TP24,EDG1101,171,1,_
TP24,EDG1102,171,1,_
TP24,EDG2201,172,1,_
TP24,EDN1101,681,1,_
TP24,FHL1101,294,1,_
TP24,FKN1101,630,1,_
TP24,FKN1102,629,1,_
TP24,GFD1101,428,1,_
TP24,GFD1102,427,1,_
TP24,GLN2201,53,1,_
TP24,GNY1101,597,1,_
TP24,GOR1101,683,1,_
TP24,GOR1102,683,1,_
TP24,GYT1101,430,1,_
TP24,GYT1102,431,1,_
TP24,HAM1101,112,1,_
TP24,HAM2201,113,1,_
TP24,HAY1101,447,1,_
TP24,HAY2201,450,1,_
TP24,HAY3502,449,1,_
TP24,HAY3503,448,1,_
TP24,HEN1101,15,1,_
TP24,HEN2201,16,1,_
TP24,HEP1101,18,1,_
TP24,HIN1101,115,1,_
TP24,HLY2201,116,1,_
TP24,HOB2201,57,1,_
TP24,HPI2201,19,1,_
TP24,HPI2202,19,1,_
TP24,HTI1101,124,1,_
TP24,HUI1101,320,1,_
TP24,HWA1001,322,1,_
TP24,HWB2201,694,1,_
TP24,IGH1101,497,1,_
TP24,INV1101,698,1,_
TP24,INV2201,699,1,_
TP24,INV2202,699,1,_
TP24,ISL2201,530,1,_
TP24,KAI0661,532,1,_
TP24,KAW2201,182,1,_
TP24,KBT0661,567,1,_
TP24,KBT0662,566,1,_
TP24,KIK1101,501,1,_
TP24,KIK2201,502,1,_
TP24,KIN1101,129,1,_
TP24,KIN1102,129,1,_
TP24,KMO1101,190,1,_
TP24,KMO1102,190,1,_
TP24,KMO1103,190,1,_
TP24,KMO2201,191,1,_
TP24,KPO1101,133,1,_
TP24,KPU1101,739,1,_
TP24,KPU1102,5046,1,_
TP24,KWA1101,452,1,_
TP24,KWA1102,453,1,_
TP24,LIV2201,631,1,_
TP24,LTN2201,371,1,_
TP24,LTN2202,372,1,_
TP24,MCH1101,504,1,_
TP24,MDN1101,25,1,_
TP24,MDN2201,26,1,_
TP24,MGM1101,455,1,_
TP24,MHO1101,375,1,_
TP24,MHO1102,376,1,_
TP24,MHT1102,422,1,_
TP24,MHT1103,423,1,_
TP24,MKT1101,314,1,_
TP24,MLG1101,459,1,_
TP24,MLG1102,458,1,_
TP24,MNI1101,329,1,_
TP24,MST1101,461,1,_
TP24,MTI2201,211,1,_
TP24,MTM1101,213,1,_
TP24,MTN1101,379,1,_
TP24,MTN1102,378,1,_
TP24,MTO1101,29,1,_
TP24,MTO1102,30,1,_
TP24,MTR1101,381,1,_
TP24,MVE1101,102,1,_
TP24,MVE1102,103,1,_
TP24,NGA1101,31,1,_
TP24,NMA2201,712,1,_
TP24,NPK1101,383,1,_
TP24,NPL1101,333,1,_
TP24,NPL2201,334,1,_
TP24,NSY2201,633,1,_
TP24,OAM1101,635,1,_
TP24,OAM1102,752,1,_
TP24,OHA2201,640,1,_
TP24,OHB2201,645,1,_
TP24,OHC2201,650,1,_
TP24,OHK2201,223,1,_
TP24,OHW2201,136,1,_
TP24,OHW2202,136,1,_
TP24,OKE1101,224,1,_
TP24,OKI2201,227,0.5,_
TP24,OKI2201,229,0.5,_
TP24,OKN1101,385,1,_
TP24,ONG1101,138,1,_
TP24,OPI2201,540,1,_
TP24,OPI2202,539,1,_
TP24,OPK1101,743,1,_
TP24,OPK1102,336,1,_
TP24,OTA1103,70,1,_
TP24,OTA1104,734,1,_
TP24,OTA1105,70,1,_
TP24,OTA1106,734,1,_
TP24,OTA1107,70,1,_
TP24,OTA1108,734,1,_
TP24,OTA1109,70,1,_
TP24,OTA110A,734,1,_
TP24,OTA2201,72,1,_
TP24,OTA2202,73,1,_
TP24,OTA2203,71,1,_
TP24,OTI0661,596,1,_
TP24,OWH1101,240,1,_
TP24,PAK2201,76,1,_
TP24,PEN0222,79,1,_
TP24,PEN2201,87,1,_
TP24,PIE1101,173,1,_
TP24,PNI1101,463,1,_
TP24,PNI1102,464,1,_
TP24,PRM2201,468,1,_
TP24,PRM2202,469,1,_
TP24,PRT2201,425,1,_
TP24,PRT2202,424,1,_
TP24,RDF1101,296,1,_
TP24,RDF1102,296,1,_
TP24,RDF2201,297,1,_
TP24,RFC1101,483,1,_
TP24,ROT1102,247,1,_
TP24,ROX1101,723,1,_
TP24,ROX2201,724,1,_
TP24,RPO2201,388,1,_
TP24,RTO1101,104,1,_
TP24,RTR1101,365,1,_
TP24,SDN2201,726,1,_
TP24,SFD1101,344,1,_
TP24,STK1101,515,1,_
TP24,STK2201,516,1,_
TP24,STU1101,654,1,_
TP24,SVL2201,33,1,_
TP24,SVL2202,34,1,_
TP24,TAK2201,92,1,_
TP24,TAK2202,93,1,_
TP24,TGA1101,252,1,_
TP24,TIM1101,557,1,_
TP24,TIM2201,559,1,_
TP24,TIM2202,558,1,_
TP24,TKA0111,560,1,_
TP24,TKA1101,562,1,_
TP24,TKB2201,657,1,_
TP24,TKH0501,257,1,_
TP24,TKR1101,471,1,_
TP24,TKU2201,396,1,_
TP24,TMH2201,727,1,_
TP24,TMI1101,259,1,_
TP24,TMK1101,5150,1,_
TP24,TMK1102,565,1,_
TP24,TMN2201,399,1,_
TP24,TMU1101,141,1,_
TP24,TNG2201,403,1,_
TP24,TRK1101,267,1,_
TP24,TRK1102,267,1,_
TP24,TRK2201,268,1,_
TP24,TWH2201,149,1,_
TP24,TWT2201,369,1,_
TP24,TWZ2201,659,1,_
TP24,TWZ2202,659,1,_
TP24,UHT1101,473,1,_
TP24,WAI0501,270,1,_
TP24,WAI1101,271,1,_
TP24,WDV1102,410,1,_
TP24,WEL1101,40,1,_
TP24,WEL1102,39,1,_
TP24,WGN1101,412,1,_
TP24,WHU1101,151,1,_
TP24,WIL1101,477,1,_
TP24,WIL2201,478,1,_
TP24,WIR1101,95,1,_
TP24,WIR1102,736,1,_
TP24,WKM2202,282,1,_
TP24,WKO1101,153,1,_
TP24,WMG1101,746,1,_
TP24,WMG1102,517,1,_
TP24,WPA2201,284,1,_
TP24,WPR2202,538,1,_
TP24,WPR2203,537,1,_
TP24,WPT1101,747,1,_
TP24,WPT1102,519,1,_
TP24,WPW1101,414,1,_
TP24,WPW1102,415,1,_
TP24,WRD2201,44,1,_
TP24,WRK2201,292,1,_
TP24,WTK1101,666,1,_
TP24,WTK1102,667,1,_
TP24,WTK2201,668,1,_
TP24,WTU2201,741,1,_
TP24,WTU2202,312,1,_
TP24,WVY1101,353,1,_
TP25,ARA2201_ARA0,160,0.333333333,_
TP25,ARA2201_ARA0,161,0.333333333,_
TP25,ARA2201_ARA0,162,0.333333333,_
TP25,ARG1101_BRR0,486,1,_
TP25,ARI1101_ARI0,100,0.25,_
TP25,ARI1101_ARI0,97,0.25,_
TP25,ARI1101_ARI0,98,0.25,_
TP25,ARI1101_ARI0,99,0.25,_
TP25,ARI1102_ARI0,96,1,_
TP25,ASB0661_HBK0,554,1,_
TP25,ATI2201_ATI0,164,1,_
TP25,AVI2201_AVI0,599,0.25,_
TP25,AVI2201_AVI0,600,0.25,_
TP25,AVI2201_AVI0,601,0.25,_
TP25,AVI2201_AVI0,602,0.25,_
TP25,BEN2202_BEN0,606,0.166666667,_
TP25,BEN2202_BEN0,607,0.166666667,_
TP25,BEN2202_BEN0,608,0.166666667,_
TP25,BEN2202_BEN0,609,0.166666667,_
TP25,BEN2202_BEN0,610,0.166666667,_
TP25,BEN2202_BEN0,611,0.166666667,_
TP25,BOB1101,46,1,_
TP25,BPE0331_TWF0,408,1,_
TP25,BWK1101_WPI0,731,1,_
TP25,COL0661_COL0,574,0.447368421,_
TP25,COL0661_COL0,750,0.552631579,_
TP25,CPK0331,418,1,_
TP25,CYD2201_CYD0,674,0.25,_
TP25,CYD2201_CYD0,675,0.25,_
TP25,CYD2201_CYD0,676,0.25,_
TP25,CYD2201_CYD0,677,0.25,_
TP25,GLN0332_GLN0,50,1,_
TP25,HAM0331,109,1,_
TP25,HIN0331,114,1,_
TP25,HLY2201_HLY1,119,1,_
TP25,HLY2201_HLY2,118,1,_
TP25,HLY2201_HLY5,120,1,_
TP25,HLY2201_HLY6,117,1,_
TP25,HWA1101_PTA1,337,1,_
TP25,HWA1101_PTA2,337,1,_
TP25,HWA1101_PTA3,337,1,_
TP25,HWA1102_WAA0,348,0.416909621,_
TP25,HWA1102_WAA0,350,0.583090379,_
TP25,HWA1102_WAA1,348,0.416909621,_
TP25,HWA1102_WAA1,350,0.583090379,_
TP25,HWB0331_MAH0,700,1,_
TP25,HWB0331_WPI0,730,1,_
TP25,ISL0331,525,1,_
TP25,KAW0111,179,1,_
TP25,KAW0112_ONU0,235,0.29467381,_
TP25,KAW0112_ONU0,236,0.204853451,_
TP25,KAW0112_ONU0,237,0.126063662,_
TP25,KAW0112_ONU0,238,0.374409077,_
TP25,KAW0113,178,1,_
TP25,KAW1101_KAG0,174,1,_
TP25,KIN0112_KIN0,125,1,_
TP25,KIN0331,127,1,_
TP25,KPA1101_KPI1,323,1,_
TP25,KPO1101_KPO0,130,0.333333333,_
TP25,KPO1101_KPO0,131,0.333333333,_
TP25,KPO1101_KPO0,132,0.333333333,_
TP25,KPU0661,134,1,_
TP25,KUM0661_KUM0,593,1,_
TP25,LTN0331_TWF0,407,1,_
TP25,MAN2201_MAN0,702,0.142857143,_
TP25,MAN2201_MAN0,703,0.142857143,_
TP25,MAN2201_MAN0,704,0.142857143,_
TP25,MAN2201_MAN0,705,0.142857143,_
TP25,MAN2201_MAN0,706,0.142857143,_
TP25,MAN2201_MAN0,707,0.142857143,_
TP25,MAN2201_MAN0,708,0.142857143,_
TP25,MAT1101_ANI0,154,0.5,_
TP25,MAT1101_ANI0,155,0.5,_
TP25,MAT1101_MAT0,195,0.5,_
TP25,MAT1101_MAT0,196,0.5,_
TP25,MHO0331_MHO0,373,1,_
TP25,MKE1101_MKE1,325,0.5,_
TP25,MKE1101_MKE1,326,0.5,_
TP25,MPE1101,27,1,_
TP25,MTI2201_MTI0,201,0.1,_
TP25,MTI2201_MTI0,202,0.1,_
TP25,MTI2201_MTI0,203,0.1,_
TP25,MTI2201_MTI0,204,0.1,_
TP25,MTI2201_MTI0,205,0.1,_
TP25,MTI2201_MTI0,206,0.1,_
TP25,MTI2201_MTI0,207,0.1,_
TP25,MTI2201_MTI0,208,0.1,_
TP25,MTI2201_MTI0,209,0.1,_
TP25,MTI2201_MTI0,210,0.1,_
TP25,NAP2201_NAP0,214,1,_
TP25,NAP2202_NTM0,216,0.5,_
TP25,NAP2202_NTM0,217,0.5,_
TP25,NMA0331_WHL0,729,1,_
TP25,NSY0331_PAE0,651,1,_
TP25,OHA2201_OHA0,636,0.25,_
TP25,OHA2201_OHA0,637,0.25,_
TP25,OHA2201_OHA0,638,0.25,_
TP25,OHA2201_OHA0,639,0.25,_
TP25,OHB2201_OHB0,641,0.25,_
TP25,OHB2201_OHB0,642,0.25,_
TP25,OHB2201_OHB0,643,0.25,_
TP25,OHB2201_OHB0,644,0.25,_
TP25,OHC2201_OHC0,646,0.25,_
TP25,OHC2201_OHC0,647,0.25,_
TP25,OHC2201_OHC0,648,0.25,_
TP25,OHC2201_OHC0,649,0.25,_
TP25,OHK2201_OHK0,219,0.25,_
TP25,OHK2201_OHK0,220,0.25,_
TP25,OHK2201_OHK0,221,0.25,_
TP25,OHK2201_OHK0,222,0.25,_
TP25,OKI2201_OKI0,228,0.099099099,_
TP25,OKI2201_OKI0,230,0.450450451,_
TP25,OKI2201_OKI0,231,0.450450451,_
TP25,PEN0331,81,1,_
TP25,PPI2201_PPI0,241,1,_
TP25,PRM0331,465,1,_
TP25,ROT1101_WHE0,272,1,_
TP25,ROX1101_ROX0,714,0.333333333,_
TP25,ROX1101_ROX0,715,0.333333333,_
TP25,ROX1101_ROX0,716,0.333333333,_
TP25,ROX2201_ROX0,717,0.2,_
TP25,ROX2201_ROX0,718,0.2,_
TP25,ROX2201_ROX0,719,0.2,_
TP25,ROX2201_ROX0,720,0.2,_
TP25,ROX2201_ROX0,721,0.2,_
TP25,RPO2201_RPO0,386,0.5,_
TP25,RPO2201_RPO0,387,0.5,_
TP25,SFD2201_SFD21,340,1,_
TP25,SFD2201_SFD22,341,1,_
TP25,SFD2201_SPL0,346,1,_
TP25,STK0661_COB0,491,1,_
TP25,TGA0331_KMI0,183,1,_
TP25,THI2201_THI1,253,1,_
TP25,THI2201_THI2,254,1,_
TP25,TKA0111_TKA1,560,1,_
TP25,TKB2201_TKB1,655,0.5,_
TP25,TKB2201_TKB1,656,0.5,_
TP25,TKU2201_TKU0,391,0.25,_
TP25,TKU2201_TKU0,392,0.25,_
TP25,TKU2201_TKU0,393,0.25,_
TP25,TKU2201_TKU0,394,0.25,_
TP25,TUI1101_KTW0,298,0.5,_
TP25,TUI1101_KTW0,299,0.5,_
TP25,TUI1101_PRI0,300,0.5,_
TP25,TUI1101_PRI0,301,0.5,_
TP25,TUI1101_TUI0,302,0.333333333,_
TP25,TUI1101_TUI0,303,0.333333333,_
TP25,TUI1101_TUI0,304,0.333333333,_
TP25,TWC2201_NZW0,404,1,_
TP25,TWC2201_TWF0,405,1,_
TP25,TWH0331_TRC1,142,1,_
TP25,TWH0331_TUK0,147,1,_
TP25,WDV1101_TAP0,389,1,_
TP25,WGN0331,411,1,_
TP25,WHI0111,306,1,_
TP25,WHI2201_WHI0,307,0.333333333,_
TP25,WHI2201_WHI0,308,0.333333333,_
TP25,WHI2201_WHI0,309,0.333333333,_
TP25,WHU0331,150,1,_
TP25,WIL0331_MCK0,482,1,_
TP25,WKM2201_MOK0,198,0.524257784,_
TP25,WKM2201_MOK0,199,0.475742216,_
TP25,WKM2201_WKM0,274,0.25,_
TP25,WKM2201_WKM0,275,0.25,_
TP25,WKM2201_WKM0,276,0.25,_
TP25,WKM2201_WKM0,277,0.25,_
TP25,WKO0331,152,1,_
TP25,WPA2201_WPA0,283,1,_
TP25,WRK0331_RKA0,740,1,_
TP25,WRK0331_TAA0,248,1,_
TP25,WRK2201_WRK0,285,0.340664962,_
TP25,WRK2201_WRK0,286,0.170332481,_
TP25,WRK2201_WRK0,287,0.19028133,_
TP25,WRK2201_WRK0,288,0.211764706,_
TP25,WRK2201_WRK0,289,0.086956522,_
TP25,WTK0111_WTK0,660,1,_
TP25,WWD1102_WWD0,479,1,_
TP25,WWD1103_WWD0,744,1,_
TP25,KAW0112_DLS0,176,1,_
TP25,KAW0113_DLS1,178,1,_
TP25,ABY0111,541,1,_
TP25,ALB0331,4,1,_
TP25,ALB1101,41,1,_
TP25,APS0111,569,1,_
TP25,ARG1101,487,1,_
TP25,ASB0331,543,1,_
TP25,ASB0661,544,1,_
TP25,ASY0111,520,0.5,_
TP25,ASY0111,748,0.5,_
TP25,ATU1101,488,1,_
TP25,BAL0331,669,1,_
TP25,BDE0111,671,1,_
TP25,BLN0331,489,1,_
TP25,BOB0331,45,1,_
TP25,BPD1101,618,1,_
TP25,BPE0331,357,1,_
TP25,BPE0551,358,0.5,_
TP25,BPE0551,359,0.5,_
TP25,BPT1101,619,1,_
TP25,BRB0331,8,1,_
TP25,BRK0331,315,1,_
TP25,BRY0661,549,1,_
TP25,BWK1101,673,1,_
TP25,CBG0111,105,1,_
TP25,CLH0111,572,1,_
TP25,CML0331,620,1,_
TP25,COL0111,575,1,_
TP25,COL0661,576,1,_
TP25,CPK0111,416,0.5,_
TP25,CPK0111,417,0.5,_
TP25,CST0331,317,1,_
TP25,CUL0331,493,1,_
TP25,CUL0661,494,1,_
TP25,CYD0331,678,1,_
TP25,CYD2201,679,1,_
TP25,DOB0331,579,1,_
TP25,DVK0111,366,1,_
TP25,EDG0331,168,1,_
TP25,EDN0331,680,1,_
TP25,FHL0331,293,1,_
TP25,FKN0331,628,1,_
TP25,GFD0331,426,1,_
TP25,GLN0331,733,1,_
TP25,GLN0332,51,1,_
TP25,GOR0331,682,1,_
TP25,GYM0661,585,1,_
TP25,GYT0331,429,1,_
TP25,HAM0111,108,1,_
TP25,HAM0551,110,1,_
TP25,HAM0551,5032,0,_
TP25,HAY0111,434,1,_
TP25,HAY0331,443,1,_
TP25,HEN0331,12,1,_
TP25,HEP0331,17,1,_
TP25,HKK0661,587,1,_
TP25,HLY0331,121,1,_
TP25,HOB1101,56,1,_
TP25,HOR0331,589,1,_
TP25,HOR0661,590,1,_
TP25,HTI0331,123,1,_
TP25,HUI0331,319,1,_
TP25,HWA0331,321,1,_
TP25,HWA0332,742,1,_
TP25,HWA1101,322,1,_
TP25,HWA1102,322,1,_
TP25,HWB0331,688,1,_
TP25,HWB0332,753,1,_
TP25,HWB1101,693,1,_
TP25,INV0331,696,1,_
TP25,ISL0661,526,1,_
TP25,KAI0111,531,1,_
TP25,KAW0112,176,1,_
TP25,KAW1101,181,1,_
TP25,KBY0661,591,1,_
TP25,KBY0662,591,1,_
TP25,KIK0111,745,1,_
TP25,KIN0111,126,1,_
TP25,KIN0112,125,1,_
TP25,KIN0113,738,1,_
TP25,KMO0331,187,1,_
TP25,KOE1101,20,1,_
TP25,KPA1101,324,1,_
TP25,KUM0661,593,1,_
TP25,KWA0111,451,1,_
TP25,LFD1101,192,1,_
TP25,LFD1102,192,1,_
TP25,LTN0331,370,1,_
TP25,MAN2201,701,1,_
TP25,MAT1101,156,0.909090909,_
TP25,MAT1101,197,0.090909091,_
TP25,MCH0111,503,1,_
TP25,MER0331,60,1,_
TP25,MGM0331,454,1,_
TP25,MHO0331,374,1,_
TP25,MKE1101,325,0.5,_
TP25,MKE1101,326,0.5,_
TP25,MLG0111,456,1,_
TP25,MLG0331,457,1,_
TP25,MNG0331,61,1,_
TP25,MNG1101,62,1,_
TP25,MNI0111,328,1,_
TP25,MST0331,460,1,_
TP25,MTM0331,212,1,_
TP25,MTN0331,377,1,_
TP25,MTO0331,28,1,_
TP25,MTR0331,380,1,_
TP25,NAP2201,214,1,_
TP25,NAP2202,215,1,_
TP25,NMA0331,711,1,_
TP25,NPK0331,382,1,_
TP25,NPL0331,331,1,_
TP25,NSY0331,632,1,_
TP25,OAM0331,634,1,_
TP25,OKN0111,384,1,_
TP25,ONG0331,137,1,_
TP25,OPK0331,335,1,_
TP25,ORO1101,507,1,_
TP25,ORO1102,508,1,_
TP25,OTA0221,66,1,_
TP25,OTI0111,595,1,_
TP25,OWH0111,239,1,_
TP25,PAK0331,75,1,_
TP25,PAO1101,139,1,_
TP25,PEN0221,79,1,_
TP25,PEN0251,80,1,_
TP25,PEN1101,56,0.190798081,_
TP25,PEN1101,58,0.645660707,_
TP25,PEN1101,88,0.163541212,_
TP25,PNI0331,462,1,_
TP25,PPI2201,241,0.5,_
TP25,PPI2201,242,0.5,_
TP25,RDF0331,295,1,_
TP25,RFN1101,506,1,_
TP25,RFN1102,505,1,_
TP25,ROS0221,89,1,_
TP25,ROS1101,90,1,_
TP25,ROT0111,245,1,_
TP25,ROT0331,246,1,_
TP25,ROT1101,247,1,_
TP25,SBK0331,533,1,_
TP25,SBK0661,534,1,_
TP25,SDN0331,725,1,_
TP25,SFD0331,342,1,_
TP25,SFD2201,345,1,_
TP25,STK0331,511,1,_
TP25,STK0661,512,1,_
TP25,STU0111,653,1,_
TP25,SVL0331,32,1,_
TP25,SWN0251,36,1,_
TP25,SWN2201,37,1,_
TP25,TAK0331,91,1,_
TP25,TGA0111,250,1,_
TP25,TGA0331,251,1,_
TP25,THI2201,255,1,_
TP25,TIM0111,556,1,_
TP25,TKA0331,561,1,_
TP25,TKH0111,256,1,_
TP25,TKR0331,470,1,_
TP25,TKU0331,395,1,_
TP25,TMI0331,258,1,_
TP25,TMK0331,563,1,_
TP25,TMN0551,397,0.5,_
TP25,TMN0551,398,0.5,_
TP25,TMU0111,140,1,_
TP25,TNG0111,400,1,_
TP25,TNG0551,401,0.5,_
TP25,TNG0551,402,0.5,_
TP25,TRK0111,260,1,_
TP25,TUI1101,305,1,_
TP25,TWC2201,406,1,_
TP25,TWH0331,143,0.253164557,_
TP25,TWH0331,148,0.746835443,_
TP25,TWI2201,728,1,_
TP25,TWZ0331,658,1,_
TP25,UHT0331,472,1,_
TP25,WAI0111,269,1,_
TP25,WDV0111,409,1,_
TP25,WDV1101,410,1,_
TP25,WEL0331,38,1,_
TP25,WHI2201,310,1,_
TP25,WIL0331,475,1,_
TP25,WIR0331,94,1,_
TP25,WKM2201,278,1,_
TP25,WPR0331,535,1,_
TP25,WPR0661,536,1,_
TP25,WPT0111,518,1,_
TP25,WPW0331,413,1,_
TP25,WRD0331,41,1,_
TP25,WRK0331,290,1,_
TP25,WTK0111,660,1,_
TP25,WTK0331,5157,1,_
TP25,WTU0331,311,1,_
TP25,WVY0111,352,1,_
TP25,WWD1102,481,1,_
TP25,WWD1103,480,1,_
TP25,ABY1101,542,1,_
TP25,ALB2201,7,1,_
TP25,APS0661,570,1,_
TP25,ARA2201,163,1,_
TP25,ARI1101,737,1,_
TP25,ARI1102,101,1,_
TP25,ASB2201,545,1,_
TP25,ASY0661,521,1,_
TP25,ATI2201,164,1,_
TP25,AVI2201,603,1,_
TP25,BAL1101,670,1,_
TP25,BDE1101,672,1,_
TP25,BEN2201,617,1,_
TP25,BEN2202,617,1,_
TP25,BEN3502,615,1,_
TP25,BEN3503,616,1,_
TP25,BHL2201,47,1,_
TP25,BHL2202,48,1,_
TP25,BLN1101,490,1,_
TP25,BPC1101,598,1,_
TP25,BPE1101,363,1,_
TP25,BPE2201,364,1,_
TP25,BRB2201,9,1,_
TP25,BRK2201,316,1,_
TP25,BRK2202,316,1,_
TP25,BRY2201,553,1,_
TP25,CBG1101,107,1,_
TP25,CBG1102,106,1,_
TP25,CLH0661,573,1,_
TP25,CML1101,625,1,_
TP25,CML1102,624,1,_
TP25,CML2201,627,1,_
TP25,CML2202,626,1,_
TP25,CPK1101,419,1,_
TP25,CPK1102,420,1,_
TP25,CPK1103,421,1,_
TP25,CST1101,318,1,_
TP25,CUL2202,495,1,_
TP25,CUL2203,496,1,_
TP25,DOB0661,580,1,_
TP25,DOB1101,584,1,_
TP25,DOB1102,583,1,_
TP25,DRY2201,49,1,_
TP25,DRY2202,49,1,_
TP25,DVK1101,367,1,_
TP25,DVK1102,368,1,_
TP25,EDG1101,171,1,_
TP25,EDG1102,171,1,_
TP25,EDG2201,172,1,_
TP25,EDN1101,681,1,_
TP25,FHL1101,294,1,_
TP25,FKN1101,630,1,_
TP25,FKN1102,629,1,_
TP25,GFD1101,428,1,_
TP25,GFD1102,427,1,_
TP25,GLN2201,53,1,_
TP25,GNY1101,597,1,_
TP25,GOR1101,683,1,_
TP25,GOR1102,683,1,_
TP25,GYT1101,430,1,_
TP25,GYT1102,431,1,_
TP25,HAM1101,112,1,_
TP25,HAM2201,113,1,_
TP25,HAY1101,447,1,_
TP25,HAY2201,450,1,_
TP25,HAY3502,449,1,_
TP25,HAY3503,448,1,_
TP25,HEN1101,15,1,_
TP25,HEN2201,16,1,_
TP25,HEP1101,18,1,_
TP25,HIN1101,115,1,_
TP25,HLY2201,116,1,_
TP25,HOB2201,57,1,_
TP25,HPI2201,19,1,_
TP25,HPI2202,19,1,_
TP25,HTI1101,124,1,_
TP25,HUI1101,320,1,_
TP25,HWA1001,322,1,_
TP25,HWB2201,694,1,_
TP25,IGH1101,497,1,_
TP25,INV1101,698,1,_
TP25,INV2201,699,1,_
TP25,INV2202,699,1,_
TP25,ISL2201,530,1,_
TP25,KAI0661,532,1,_
TP25,KAW2201,182,1,_
TP25,KBT0661,567,1,_
TP25,KBT0662,566,1,_
TP25,KIK1101,501,1,_
TP25,KIK2201,502,1,_
TP25,KIN1101,129,1,_
TP25,KIN1102,129,1,_
TP25,KMO1101,190,1,_
TP25,KMO1102,190,1,_
TP25,KMO1103,190,1,_
TP25,KMO2201,191,1,_
TP25,KPO1101,133,1,_
TP25,KPU1101,739,1,_
TP25,KPU1102,5046,1,_
TP25,KWA1101,452,1,_
TP25,KWA1102,453,1,_
TP25,LIV2201,631,1,_
TP25,LTN2201,371,1,_
TP25,LTN2202,372,1,_
TP25,MCH1101,504,1,_
TP25,MDN1101,25,1,_
TP25,MDN2201,26,1,_
TP25,MGM1101,455,1,_
TP25,MHO1101,375,1,_
TP25,MHO1102,376,1,_
TP25,MHT1102,422,1,_
TP25,MHT1103,423,1,_
TP25,MKT1101,314,1,_
TP25,MLG1101,459,1,_
TP25,MLG1102,458,1,_
TP25,MNI1101,329,1,_
TP25,MST1101,461,1,_
TP25,MTI2201,211,1,_
TP25,MTM1101,213,1,_
TP25,MTN1101,379,1,_
TP25,MTN1102,378,1,_
TP25,MTO1101,29,1,_
TP25,MTO1102,30,1,_
TP25,MTR1101,381,1,_
TP25,MVE1101,102,1,_
TP25,MVE1102,103,1,_
TP25,NGA1101,31,1,_
TP25,NMA2201,712,1,_
TP25,NPK1101,383,1,_
TP25,NPL1101,333,1,_
TP25,NPL2201,334,1,_
TP25,NSY2201,633,1,_
TP25,OAM1101,635,1,_
TP25,OAM1102,752,1,_
TP25,OHA2201,640,1,_
TP25,OHB2201,645,1,_
TP25,OHC2201,650,1,_
TP25,OHK2201,223,1,_
TP25,OHW2201,136,1,_
TP25,OHW2202,136,1,_
TP25,OKE1101,224,1,_
TP25,OKI2201,227,0.5,_
TP25,OKI2201,229,0.5,_
TP25,OKN1101,385,1,_
TP25,ONG1101,138,1,_
TP25,OPI2201,540,1,_
TP25,OPI2202,539,1,_
TP25,OPK1101,743,1,_
TP25,OPK1102,336,1,_
TP25,OTA1103,70,1,_
TP25,OTA1104,734,1,_
TP25,OTA1105,70,1,_
TP25,OTA1106,734,1,_
TP25,OTA1107,70,1,_
TP25,OTA1108,734,1,_
TP25,OTA1109,70,1,_
TP25,OTA110A,734,1,_
TP25,OTA2201,72,1,_
TP25,OTA2202,73,1,_
TP25,OTA2203,71,1,_
TP25,OTI0661,596,1,_
TP25,OWH1101,240,1,_
TP25,PAK2201,76,1,_
TP25,PEN0222,79,1,_
TP25,PEN2201,87,1,_
TP25,PIE1101,173,1,_
TP25,PNI1101,463,1,_
TP25,PNI1102,464,1,_
TP25,PRM2201,468,1,_
TP25,PRM2202,469,1,_
TP25,PRT2201,425,1,_
TP25,PRT2202,424,1,_
TP25,RDF1101,296,1,_
TP25,RDF1102,296,1,_
TP25,RDF2201,297,1,_
TP25,RFC1101,483,1,_
TP25,ROT1102,247,1,_
TP25,ROX1101,723,1,_
TP25,ROX2201,724,1,_
TP25,RPO2201,388,1,_
TP25,RTO1101,104,1,_
TP25,RTR1101,365,1,_
TP25,SDN2201,726,1,_
TP25,SFD1101,344,1,_
TP25,STK1101,515,1,_
TP25,STK2201,516,1,_
TP25,STU1101,654,1,_
TP25,SVL2201,33,1,_
TP25,SVL2202,34,1,_
TP25,TAK2201,92,1,_
TP25,TAK2202,93,1,_
TP25,TGA1101,252,1,_
TP25,TIM1101,557,1,_
TP25,TIM2201,559,1,_
TP25,TIM2202,558,1,_
TP25,TKA0111,560,1,_
TP25,TKA1101,562,1,_
TP25,TKB2201,657,1,_
TP25,TKH0501,257,1,_
TP25,TKR1101,471,1,_
TP25,TKU2201,396,1,_
TP25,TMH2201,727,1,_
TP25,TMI1101,259,1,_
TP25,TMK1101,5150,1,_
TP25,TMK1102,565,1,_
TP25,TMN2201,399,1,_
TP25,TMU1101,141,1,_
TP25,TNG2201,403,1,_
TP25,TRK1101,267,1,_
TP25,TRK1102,267,1,_
TP25,TRK2201,268,1,_
TP25,TWH2201,149,1,_
TP25,TWT2201,369,1,_
TP25,TWZ2201,659,1,_
TP25,TWZ2202,659,1,_
TP25,UHT1101,473,1,_
TP25,WAI0501,270,1,_
TP25,WAI1101,271,1,_
TP25,WDV1102,410,1,_
TP25,WEL1101,40,1,_
TP25,WEL1102,39,1,_
TP25,WGN1101,412,1,_
TP25,WHU1101,151,1,_
TP25,WIL1101,477,1,_
TP25,WIL2201,478,1,_
TP25,WIR1101,95,1,_
TP25,WIR1102,736,1,_
TP25,WKM2202,282,1,_
TP25,WKO1101,153,1,_
TP25,WMG1101,746,1,_
TP25,WMG1102,517,1,_
TP25,WPA2201,284,1,_
TP25,WPR2202,538,1,_
TP25,WPR2203,537,1,_
TP25,WPT1101,747,1,_
TP25,WPT1102,519,1,_
TP25,WPW1101,414,1,_
TP25,WPW1102,415,1,_
TP25,WRD2201,44,1,_
TP25,WRK2201,292,1,_
TP25,WTK1101,666,1,_
TP25,WTK1102,667,1,_
TP25,WTK2201,668,1,_
TP25,WTU2201,741,1,_
TP25,WTU2202,312,1,_
TP25,WVY1101,353,1,_
TP26,ARA2201_ARA0,160,0.333333333,_
TP26,ARA2201_ARA0,161,0.333333333,_
TP26,ARA2201_ARA0,162,0.333333333,_
TP26,ARG1101_BRR0,486,1,_
TP26,ARI1101_ARI0,100,0.25,_
TP26,ARI1101_ARI0,97,0.25,_
TP26,ARI1101_ARI0,98,0.25,_
TP26,ARI1101_ARI0,99,0.25,_
TP26,ARI1102_ARI0,96,1,_
TP26,ASB0661_HBK0,554,1,_
TP26,ATI2201_ATI0,164,1,_
TP26,AVI2201_AVI0,599,0.25,_
TP26,AVI2201_AVI0,600,0.25,_
TP26,AVI2201_AVI0,601,0.25,_
TP26,AVI2201_AVI0,602,0.25,_
TP26,BEN2202_BEN0,606,0.166666667,_
TP26,BEN2202_BEN0,607,0.166666667,_
TP26,BEN2202_BEN0,608,0.166666667,_
TP26,BEN2202_BEN0,609,0.166666667,_
TP26,BEN2202_BEN0,610,0.166666667,_
TP26,BEN2202_BEN0,611,0.166666667,_
TP26,BOB1101,46,1,_
TP26,BPE0331_TWF0,408,1,_
TP26,BWK1101_WPI0,731,1,_
TP26,COL0661_COL0,574,0.447368421,_
TP26,COL0661_COL0,750,0.552631579,_
TP26,CPK0331,418,1,_
TP26,CYD2201_CYD0,674,0.25,_
TP26,CYD2201_CYD0,675,0.25,_
TP26,CYD2201_CYD0,676,0.25,_
TP26,CYD2201_CYD0,677,0.25,_
TP26,GLN0332_GLN0,50,1,_
TP26,HAM0331,109,1,_
TP26,HIN0331,114,1,_
TP26,HLY2201_HLY1,119,1,_
TP26,HLY2201_HLY2,118,1,_
TP26,HLY2201_HLY5,120,1,_
TP26,HLY2201_HLY6,117,1,_
TP26,HWA1101_PTA1,337,1,_
TP26,HWA1101_PTA2,337,1,_
TP26,HWA1101_PTA3,337,1,_
TP26,HWA1102_WAA0,348,0.416909621,_
TP26,HWA1102_WAA0,350,0.583090379,_
TP26,HWA1102_WAA1,348,0.416909621,_
TP26,HWA1102_WAA1,350,0.583090379,_
TP26,HWB0331_MAH0,700,1,_
TP26,HWB0331_WPI0,730,1,_
TP26,ISL0331,525,1,_
TP26,KAW0111,179,1,_
TP26,KAW0112_ONU0,235,0.29467381,_
TP26,KAW0112_ONU0,236,0.204853451,_
TP26,KAW0112_ONU0,237,0.126063662,_
TP26,KAW0112_ONU0,238,0.374409077,_
TP26,KAW0113,178,1,_
TP26,KAW1101_KAG0,174,1,_
TP26,KIN0112_KIN0,125,1,_
TP26,KIN0331,127,1,_
TP26,KPA1101_KPI1,323,1,_
TP26,KPO1101_KPO0,130,0.333333333,_
TP26,KPO1101_KPO0,131,0.333333333,_
TP26,KPO1101_KPO0,132,0.333333333,_
TP26,KPU0661,134,1,_
TP26,KUM0661_KUM0,593,1,_
TP26,LTN0331_TWF0,407,1,_
TP26,MAN2201_MAN0,702,0.142857143,_
TP26,MAN2201_MAN0,703,0.142857143,_
TP26,MAN2201_MAN0,704,0.142857143,_
TP26,MAN2201_MAN0,705,0.142857143,_
TP26,MAN2201_MAN0,706,0.142857143,_
TP26,MAN2201_MAN0,707,0.142857143,_
TP26,MAN2201_MAN0,708,0.142857143,_
TP26,MAT1101_ANI0,154,0.5,_
TP26,MAT1101_ANI0,155,0.5,_
TP26,MAT1101_MAT0,195,0.5,_
TP26,MAT1101_MAT0,196,0.5,_
TP26,MHO0331_MHO0,373,1,_
TP26,MKE1101_MKE1,325,0.5,_
TP26,MKE1101_MKE1,326,0.5,_
TP26,MPE1101,27,1,_
TP26,MTI2201_MTI0,201,0.1,_
TP26,MTI2201_MTI0,202,0.1,_
TP26,MTI2201_MTI0,203,0.1,_
TP26,MTI2201_MTI0,204,0.1,_
TP26,MTI2201_MTI0,205,0.1,_
TP26,MTI2201_MTI0,206,0.1,_
TP26,MTI2201_MTI0,207,0.1,_
TP26,MTI2201_MTI0,208,0.1,_
TP26,MTI2201_MTI0,209,0.1,_
TP26,MTI2201_MTI0,210,0.1,_
TP26,NAP2201_NAP0,214,1,_
TP26,NAP2202_NTM0,216,0.5,_
TP26,NAP2202_NTM0,217,0.5,_
TP26,NMA0331_WHL0,729,1,_
TP26,NSY0331_PAE0,651,1,_
TP26,OHA2201_OHA0,636,0.25,_
TP26,OHA2201_OHA0,637,0.25,_
TP26,OHA2201_OHA0,638,0.25,_
TP26,OHA2201_OHA0,639,0.25,_
TP26,OHB2201_OHB0,641,0.25,_
TP26,OHB2201_OHB0,642,0.25,_
TP26,OHB2201_OHB0,643,0.25,_
TP26,OHB2201_OHB0,644,0.25,_
TP26,OHC2201_OHC0,646,0.25,_
TP26,OHC2201_OHC0,647,0.25,_
TP26,OHC2201_OHC0,648,0.25,_
TP26,OHC2201_OHC0,649,0.25,_
TP26,OHK2201_OHK0,219,0.25,_
TP26,OHK2201_OHK0,220,0.25,_
TP26,OHK2201_OHK0,221,0.25,_
TP26,OHK2201_OHK0,222,0.25,_
TP26,OKI2201_OKI0,228,0.099099099,_
TP26,OKI2201_OKI0,230,0.450450451,_
TP26,OKI2201_OKI0,231,0.450450451,_
TP26,PEN0331,81,1,_
TP26,PPI2201_PPI0,241,1,_
TP26,PRM0331,465,1,_
TP26,ROT1101_WHE0,272,1,_
TP26,ROX1101_ROX0,714,0.333333333,_
TP26,ROX1101_ROX0,715,0.333333333,_
TP26,ROX1101_ROX0,716,0.333333333,_
TP26,ROX2201_ROX0,717,0.2,_
TP26,ROX2201_ROX0,718,0.2,_
TP26,ROX2201_ROX0,719,0.2,_
TP26,ROX2201_ROX0,720,0.2,_
TP26,ROX2201_ROX0,721,0.2,_
TP26,RPO2201_RPO0,386,0.5,_
TP26,RPO2201_RPO0,387,0.5,_
TP26,SFD2201_SFD21,340,1,_
TP26,SFD2201_SFD22,341,1,_
TP26,SFD2201_SPL0,346,1,_
TP26,STK0661_COB0,491,1,_
TP26,TGA0331_KMI0,183,1,_
TP26,THI2201_THI1,253,1,_
TP26,THI2201_THI2,254,1,_
TP26,TKA0111_TKA1,560,1,_
TP26,TKB2201_TKB1,655,0.5,_
TP26,TKB2201_TKB1,656,0.5,_
TP26,TKU2201_TKU0,391,0.25,_
TP26,TKU2201_TKU0,392,0.25,_
TP26,TKU2201_TKU0,393,0.25,_
TP26,TKU2201_TKU0,394,0.25,_
TP26,TUI1101_KTW0,298,0.5,_
TP26,TUI1101_KTW0,299,0.5,_
TP26,TUI1101_PRI0,300,0.5,_
TP26,TUI1101_PRI0,301,0.5,_
TP26,TUI1101_TUI0,302,0.333333333,_
TP26,TUI1101_TUI0,303,0.333333333,_
TP26,TUI1101_TUI0,304,0.333333333,_
TP26,TWC2201_NZW0,404,1,_
TP26,TWC2201_TWF0,405,1,_
TP26,TWH0331_TRC1,142,1,_
TP26,TWH0331_TUK0,147,1,_
TP26,WDV1101_TAP0,389,1,_
TP26,WGN0331,411,1,_
TP26,WHI0111,306,1,_
TP26,WHI2201_WHI0,307,0.333333333,_
TP26,WHI2201_WHI0,308,0.333333333,_
TP26,WHI2201_WHI0,309,0.333333333,_
TP26,WHU0331,150,1,_
TP26,WIL0331_MCK0,482,1,_
TP26,WKM2201_MOK0,198,0.524257784,_
TP26,WKM2201_MOK0,199,0.475742216,_
TP26,WKM2201_WKM0,274,0.25,_
TP26,WKM2201_WKM0,275,0.25,_
TP26,WKM2201_WKM0,276,0.25,_
TP26,WKM2201_WKM0,277,0.25,_
TP26,WKO0331,152,1,_
TP26,WPA2201_WPA0,283,1,_
TP26,WRK0331_RKA0,740,1,_
TP26,WRK0331_TAA0,248,1,_
TP26,WRK2201_WRK0,285,0.340664962,_
TP26,WRK2201_WRK0,286,0.170332481,_
TP26,WRK2201_WRK0,287,0.19028133,_
TP26,WRK2201_WRK0,288,0.211764706,_
TP26,WRK2201_WRK0,289,0.086956522,_
TP26,WTK0111_WTK0,660,1,_
TP26,WWD1102_WWD0,479,1,_
TP26,WWD1103_WWD0,744,1,_
TP26,KAW0112_DLS0,176,1,_
TP26,KAW0113_DLS1,178,1,_
TP26,ABY0111,541,1,_
TP26,ALB0331,4,1,_
TP26,ALB1101,41,1,_
TP26,APS0111,569,1,_
TP26,ARG1101,487,1,_
TP26,ASB0331,543,1,_
TP26,ASB0661,544,1,_
TP26,ASY0111,520,0.5,_
TP26,ASY0111,748,0.5,_
TP26,ATU1101,488,1,_
TP26,BAL0331,669,1,_
TP26,BDE0111,671,1,_
TP26,BLN0331,489,1,_
TP26,BOB0331,45,1,_
TP26,BPD1101,618,1,_
TP26,BPE0331,357,1,_
TP26,BPE0551,358,0.5,_
TP26,BPE0551,359,0.5,_
TP26,BPT1101,619,1,_
TP26,BRB0331,8,1,_
TP26,BRK0331,315,1,_
TP26,BRY0661,549,1,_
TP26,BWK1101,673,1,_
TP26,CBG0111,105,1,_
TP26,CLH0111,572,1,_
TP26,CML0331,620,1,_
TP26,COL0111,575,1,_
TP26,COL0661,576,1,_
TP26,CPK0111,416,0.5,_
TP26,CPK0111,417,0.5,_
TP26,CST0331,317,1,_
TP26,CUL0331,493,1,_
TP26,CUL0661,494,1,_
TP26,CYD0331,678,1,_
TP26,CYD2201,679,1,_
TP26,DOB0331,579,1,_
TP26,DVK0111,366,1,_
TP26,EDG0331,168,1,_
TP26,EDN0331,680,1,_
TP26,FHL0331,293,1,_
TP26,FKN0331,628,1,_
TP26,GFD0331,426,1,_
TP26,GLN0331,733,1,_
TP26,GLN0332,51,1,_
TP26,GOR0331,682,1,_
TP26,GYM0661,585,1,_
TP26,GYT0331,429,1,_
TP26,HAM0111,108,1,_
TP26,HAM0551,110,1,_
TP26,HAM0551,5032,0,_
TP26,HAY0111,434,1,_
TP26,HAY0331,443,1,_
TP26,HEN0331,12,1,_
TP26,HEP0331,17,1,_
TP26,HKK0661,587,1,_
TP26,HLY0331,121,1,_
TP26,HOB1101,56,1,_
TP26,HOR0331,589,1,_
TP26,HOR0661,590,1,_
TP26,HTI0331,123,1,_
TP26,HUI0331,319,1,_
TP26,HWA0331,321,1,_
TP26,HWA0332,742,1,_
TP26,HWA1101,322,1,_
TP26,HWA1102,322,1,_
TP26,HWB0331,688,1,_
TP26,HWB0332,753,1,_
TP26,HWB1101,693,1,_
TP26,INV0331,696,1,_
TP26,ISL0661,526,1,_
TP26,KAI0111,531,1,_
TP26,KAW0112,176,1,_
TP26,KAW1101,181,1,_
TP26,KBY0661,591,1,_
TP26,KBY0662,591,1,_
TP26,KIK0111,745,1,_
TP26,KIN0111,126,1,_
TP26,KIN0112,125,1,_
TP26,KIN0113,738,1,_
TP26,KMO0331,187,1,_
TP26,KOE1101,20,1,_
TP26,KPA1101,324,1,_
TP26,KUM0661,593,1,_
TP26,KWA0111,451,1,_
TP26,LFD1101,192,1,_
TP26,LFD1102,192,1,_
TP26,LTN0331,370,1,_
TP26,MAN2201,701,1,_
TP26,MAT1101,156,0.909090909,_
TP26,MAT1101,197,0.090909091,_
TP26,MCH0111,503,1,_
TP26,MER0331,60,1,_
TP26,MGM0331,454,1,_
TP26,MHO0331,374,1,_
TP26,MKE1101,325,0.5,_
TP26,MKE1101,326,0.5,_
TP26,MLG0111,456,1,_
TP26,MLG0331,457,1,_
TP26,MNG0331,61,1,_
TP26,MNG1101,62,1,_
TP26,MNI0111,328,1,_
TP26,MST0331,460,1,_
TP26,MTM0331,212,1,_
TP26,MTN0331,377,1,_
TP26,MTO0331,28,1,_
TP26,MTR0331,380,1,_
TP26,NAP2201,214,1,_
TP26,NAP2202,215,1,_
TP26,NMA0331,711,1,_
TP26,NPK0331,382,1,_
TP26,NPL0331,331,1,_
TP26,NSY0331,632,1,_
TP26,OAM0331,634,1,_
TP26,OKN0111,384,1,_
TP26,ONG0331,137,1,_
TP26,OPK0331,335,1,_
TP26,ORO1101,507,1,_
TP26,ORO1102,508,1,_
TP26,OTA0221,66,1,_
TP26,OTI0111,595,1,_
TP26,OWH0111,239,1,_
TP26,PAK0331,75,1,_
TP26,PAO1101,139,1,_
TP26,PEN0221,79,1,_
TP26,PEN0251,80,1,_
TP26,PEN1101,56,0.190798081,_
TP26,PEN1101,58,0.645660707,_
TP26,PEN1101,88,0.163541212,_
TP26,PNI0331,462,1,_
TP26,PPI2201,241,0.5,_
TP26,PPI2201,242,0.5,_
TP26,RDF0331,295,1,_
TP26,RFN1101,506,1,_
TP26,RFN1102,505,1,_
TP26,ROS0221,89,1,_
TP26,ROS1101,90,1,_
TP26,ROT0111,245,1,_
TP26,ROT0331,246,1,_
TP26,ROT1101,247,1,_
TP26,SBK0331,533,1,_
TP26,SBK0661,534,1,_
TP26,SDN0331,725,1,_
TP26,SFD0331,342,1,_
TP26,SFD2201,345,1,_
TP26,STK0331,511,1,_
TP26,STK0661,512,1,_
TP26,STU0111,653,1,_
TP26,SVL0331,32,1,_
TP26,SWN0251,36,1,_
TP26,SWN2201,37,1,_
TP26,TAK0331,91,1,_
TP26,TGA0111,250,1,_
TP26,TGA0331,251,1,_
TP26,THI2201,255,1,_
TP26,TIM0111,556,1,_
TP26,TKA0331,561,1,_
TP26,TKH0111,256,1,_
TP26,TKR0331,470,1,_
TP26,TKU0331,395,1,_
TP26,TMI0331,258,1,_
TP26,TMK0331,563,1,_
TP26,TMN0551,397,0.5,_
TP26,TMN0551,398,0.5,_
TP26,TMU0111,140,1,_
TP26,TNG0111,400,1,_
TP26,TNG0551,401,0.5,_
TP26,TNG0551,402,0.5,_
TP26,TRK0111,260,1,_
TP26,TUI1101,305,1,_
TP26,TWC2201,406,1,_
TP26,TWH0331,143,0.253164557,_
TP26,TWH0331,148,0.746835443,_
TP26,TWI2201,728,1,_
TP26,TWZ0331,658,1,_
TP26,UHT0331,472,1,_
TP26,WAI0111,269,1,_
TP26,WDV0111,409,1,_
TP26,WDV1101,410,1,_
TP26,WEL0331,38,1,_
TP26,WHI2201,310,1,_
TP26,WIL0331,475,1,_
TP26,WIR0331,94,1,_
TP26,WKM2201,278,1,_
TP26,WPR0331,535,1,_
TP26,WPR0661,536,1,_
TP26,WPT0111,518,1,_
TP26,WPW0331,413,1,_
TP26,WRD0331,41,1,_
TP26,WRK0331,290,1,_
TP26,WTK0111,660,1,_
TP26,WTK0331,5157,1,_
TP26,WTU0331,311,1,_
TP26,WVY0111,352,1,_
TP26,WWD1102,481,1,_
TP26,WWD1103,480,1,_
TP26,ABY1101,542,1,_
TP26,ALB2201,7,1,_
TP26,APS0661,570,1,_
TP26,ARA2201,163,1,_
TP26,ARI1101,737,1,_
TP26,ARI1102,101,1,_
TP26,ASB2201,545,1,_
TP26,ASY0661,521,1,_
TP26,ATI2201,164,1,_
TP26,AVI2201,603,1,_
TP26,BAL1101,670,1,_
TP26,BDE1101,672,1,_
TP26,BEN2201,617,1,_
TP26,BEN2202,617,1,_
TP26,BEN3502,615,1,_
TP26,BEN3503,616,1,_
TP26,BHL2201,47,1,_
TP26,BHL2202,48,1,_
TP26,BLN1101,490,1,_
TP26,BPC1101,598,1,_
TP26,BPE1101,363,1,_
TP26,BPE2201,364,1,_
TP26,BRB2201,9,1,_
TP26,BRK2201,316,1,_
TP26,BRK2202,316,1,_
TP26,BRY2201,553,1,_
TP26,CBG1101,107,1,_
TP26,CBG1102,106,1,_
TP26,CLH0661,573,1,_
TP26,CML1101,625,1,_
TP26,CML1102,624,1,_
TP26,CML2201,627,1,_
TP26,CML2202,626,1,_
TP26,CPK1101,419,1,_
TP26,CPK1102,420,1,_
TP26,CPK1103,421,1,_
TP26,CST1101,318,1,_
TP26,CUL2202,495,1,_
TP26,CUL2203,496,1,_
TP26,DOB0661,580,1,_
TP26,DOB1101,584,1,_
TP26,DOB1102,583,1,_
TP26,DRY2201,49,1,_
TP26,DRY2202,49,1,_
TP26,DVK1101,367,1,_
TP26,DVK1102,368,1,_
TP26,EDG1101,171,1,_
TP26,EDG1102,171,1,_
TP26,EDG2201,172,1,_
TP26,EDN1101,681,1,_
TP26,FHL1101,294,1,_
TP26,FKN1101,630,1,_
TP26,FKN1102,629,1,_
TP26,GFD1101,428,1,_
TP26,GFD1102,427,1,_
TP26,GLN2201,53,1,_
TP26,GNY1101,597,1,_
TP26,GOR1101,683,1,_
TP26,GOR1102,683,1,_
TP26,GYT1101,430,1,_
TP26,GYT1102,431,1,_
TP26,HAM1101,112,1,_
TP26,HAM2201,113,1,_
TP26,HAY1101,447,1,_
TP26,HAY2201,450,1,_
TP26,HAY3502,449,1,_
TP26,HAY3503,448,1,_
TP26,HEN1101,15,1,_
TP26,HEN2201,16,1,_
TP26,HEP1101,18,1,_
TP26,HIN1101,115,1,_
TP26,HLY2201,116,1,_
TP26,HOB2201,57,1,_
TP26,HPI2201,19,1,_
TP26,HPI2202,19,1,_
TP26,HTI1101,124,1,_
TP26,HUI1101,320,1,_
TP26,HWA1001,322,1,_
TP26,HWB2201,694,1,_
TP26,IGH1101,497,1,_
TP26,INV1101,698,1,_
TP26,INV2201,699,1,_
TP26,INV2202,699,1,_
TP26,ISL2201,530,1,_
TP26,KAI0661,532,1,_
TP26,KAW2201,182,1,_
TP26,KBT0661,567,1,_
TP26,KBT0662,566,1,_
TP26,KIK1101,501,1,_
TP26,KIK2201,502,1,_
TP26,KIN1101,129,1,_
TP26,KIN1102,129,1,_
TP26,KMO1101,190,1,_
TP26,KMO1102,190,1,_
TP26,KMO1103,190,1,_
TP26,KMO2201,191,1,_
TP26,KPO1101,133,1,_
TP26,KPU1101,739,1,_
TP26,KPU1102,5046,1,_
TP26,KWA1101,452,1,_
TP26,KWA1102,453,1,_
TP26,LIV2201,631,1,_
TP26,LTN2201,371,1,_
TP26,LTN2202,372,1,_
TP26,MCH1101,504,1,_
TP26,MDN1101,25,1,_
TP26,MDN2201,26,1,_
TP26,MGM1101,455,1,_
TP26,MHO1101,375,1,_
TP26,MHO1102,376,1,_
TP26,MHT1102,422,1,_
TP26,MHT1103,423,1,_
TP26,MKT1101,314,1,_
TP26,MLG1101,459,1,_
TP26,MLG1102,458,1,_
TP26,MNI1101,329,1,_
TP26,MST1101,461,1,_
TP26,MTI2201,211,1,_
TP26,MTM1101,213,1,_
TP26,MTN1101,379,1,_
TP26,MTN1102,378,1,_
TP26,MTO1101,29,1,_
TP26,MTO1102,30,1,_
TP26,MTR1101,381,1,_
TP26,MVE1101,102,1,_
TP26,MVE1102,103,1,_
TP26,NGA1101,31,1,_
TP26,NMA2201,712,1,_
TP26,NPK1101,383,1,_
TP26,NPL1101,333,1,_
TP26,NPL2201,334,1,_
TP26,NSY2201,633,1,_
TP26,OAM1101,635,1,_
TP26,OAM1102,752,1,_
TP26,OHA2201,640,1,_
TP26,OHB2201,645,1,_
TP26,OHC2201,650,1,_
TP26,OHK2201,223,1,_
TP26,OHW2201,136,1,_
TP26,OHW2202,136,1,_
TP26,OKE1101,224,1,_
TP26,OKI2201,227,0.5,_
TP26,OKI2201,229,0.5,_
TP26,OKN1101,385,1,_
TP26,ONG1101,138,1,_
TP26,OPI2201,540,1,_
TP26,OPI2202,539,1,_
TP26,OPK1101,743,1,_
TP26,OPK1102,336,1,_
TP26,OTA1103,70,1,_
TP26,OTA1104,734,1,_
TP26,OTA1105,70,1,_
TP26,OTA1106,734,1,_
TP26,OTA1107,70,1,_
TP26,OTA1108,734,1,_
TP26,OTA1109,70,1,_
TP26,OTA110A,734,1,_
TP26,OTA2201,72,1,_
TP26,OTA2202,73,1,_
TP26,OTA2203,71,1,_
TP26,OTI0661,596,1,_
TP26,OWH1101,240,1,_
TP26,PAK2201,76,1,_
TP26,PEN0222,79,1,_
TP26,PEN2201,87,1,_
TP26,PIE1101,173,1,_
TP26,PNI1101,463,1,_
TP26,PNI1102,464,1,_
TP26,PRM2201,468,1,_
TP26,PRM2202,469,1,_
TP26,PRT2201,425,1,_
TP26,PRT2202,424,1,_
TP26,RDF1101,296,1,_
TP26,RDF1102,296,1,_
TP26,RDF2201,297,1,_
TP26,RFC1101,483,1,_
TP26,ROT1102,247,1,_
TP26,ROX1101,723,1,_
TP26,ROX2201,724,1,_
TP26,RPO2201,388,1,_
TP26,RTO1101,104,1,_
TP26,RTR1101,365,1,_
TP26,SDN2201,726,1,_
TP26,SFD1101,344,1,_
TP26,STK1101,515,1,_
TP26,STK2201,516,1,_
TP26,STU1101,654,1,_
TP26,SVL2201,33,1,_
TP26,SVL2202,34,1,_
TP26,TAK2201,92,1,_
TP26,TAK2202,93,1,_
TP26,TGA1101,252,1,_
TP26,TIM1101,557,1,_
TP26,TIM2201,559,1,_
TP26,TIM2202,558,1,_
TP26,TKA0111,560,1,_
TP26,TKA1101,562,1,_
TP26,TKB2201,657,1,_
TP26,TKH0501,257,1,_
TP26,TKR1101,471,1,_
TP26,TKU2201,396,1,_
TP26,TMH2201,727,1,_
TP26,TMI1101,259,1,_
TP26,TMK1101,5150,1,_
TP26,TMK1102,565,1,_
TP26,TMN2201,399,1,_
TP26,TMU1101,141,1,_
TP26,TNG2201,403,1,_
TP26,TRK1101,267,1,_
TP26,TRK1102,267,1,_
TP26,TRK2201,268,1,_
TP26,TWH2201,149,1,_
TP26,TWT2201,369,1,_
TP26,TWZ2201,659,1,_
TP26,TWZ2202,659,1,_
TP26,UHT1101,473,1,_
TP26,WAI0501,270,1,_
TP26,WAI1101,271,1,_
TP26,WDV1102,410,1,_
TP26,WEL1101,40,1,_
TP26,WEL1102,39,1,_
TP26,WGN1101,412,1,_
TP26,WHU1101,151,1,_
TP26,WIL1101,477,1,_
TP26,WIL2201,478,1,_
TP26,WIR1101,95,1,_
TP26,WIR1102,736,1,_
TP26,WKM2202,282,1,_
TP26,WKO1101,153,1,_
TP26,WMG1101,746,1,_
TP26,WMG1102,517,1,_
TP26,WPA2201,284,1,_
TP26,WPR2202,538,1,_
TP26,WPR2203,537,1,_
TP26,WPT1101,747,1,_
TP26,WPT1102,519,1,_
TP26,WPW1101,414,1,_
TP26,WPW1102,415,1,_
TP26,WRD2201,44,1,_
TP26,WRK2201,292,1,_
TP26,WTK1101,666,1,_
TP26,WTK1102,667,1,_
TP26,WTK2201,668,1,_
TP26,WTU2201,741,1,_
TP26,WTU2202,312,1,_
TP26,WVY1101,353,1,_
TP27,ARA2201_ARA0,160,0.333333333,_
TP27,ARA2201_ARA0,161,0.333333333,_
TP27,ARA2201_ARA0,162,0.333333333,_
TP27,ARG1101_BRR0,486,1,_
TP27,ARI1101_ARI0,100,0.25,_
TP27,ARI1101_ARI0,97,0.25,_
TP27,ARI1101_ARI0,98,0.25,_
TP27,ARI1101_ARI0,99,0.25,_
TP27,ARI1102_ARI0,96,1,_
TP27,ASB0661_HBK0,554,1,_
TP27,ATI2201_ATI0,164,1,_
TP27,AVI2201_AVI0,599,0.25,_
TP27,AVI2201_AVI0,600,0.25,_
TP27,AVI2201_AVI0,601,0.25,_
TP27,AVI2201_AVI0,602,0.25,_
TP27,BEN2202_BEN0,606,0.166666667,_
TP27,BEN2202_BEN0,607,0.166666667,_
TP27,BEN2202_BEN0,608,0.166666667,_
TP27,BEN2202_BEN0,609,0.166666667,_
TP27,BEN2202_BEN0,610,0.166666667,_
TP27,BEN2202_BEN0,611,0.166666667,_
TP27,BOB1101,46,1,_
TP27,BPE0331_TWF0,408,1,_
TP27,BWK1101_WPI0,731,1,_
TP27,COL0661_COL0,574,0.447368421,_
TP27,COL0661_COL0,750,0.552631579,_
TP27,CPK0331,418,1,_
TP27,CYD2201_CYD0,674,0.25,_
TP27,CYD2201_CYD0,675,0.25,_
TP27,CYD2201_CYD0,676,0.25,_
TP27,CYD2201_CYD0,677,0.25,_
TP27,GLN0332_GLN0,50,1,_
TP27,HAM0331,109,1,_
TP27,HIN0331,114,1,_
TP27,HLY2201_HLY1,119,1,_
TP27,HLY2201_HLY2,118,1,_
TP27,HLY2201_HLY5,120,1,_
TP27,HLY2201_HLY6,117,1,_
TP27,HWA1101_PTA1,337,1,_
TP27,HWA1101_PTA2,337,1,_
TP27,HWA1101_PTA3,337,1,_
TP27,HWA1102_WAA0,348,0.416909621,_
TP27,HWA1102_WAA0,350,0.583090379,_
TP27,HWA1102_WAA1,348,0.416909621,_
TP27,HWA1102_WAA1,350,0.583090379,_
TP27,HWB0331_MAH0,700,1,_
TP27,HWB0331_WPI0,730,1,_
TP27,ISL0331,525,1,_
TP27,KAW0111,179,1,_
TP27,KAW0112_ONU0,235,0.29467381,_
TP27,KAW0112_ONU0,236,0.204853451,_
TP27,KAW0112_ONU0,237,0.126063662,_
TP27,KAW0112_ONU0,238,0.374409077,_
TP27,KAW0113,178,1,_
TP27,KAW1101_KAG0,174,1,_
TP27,KIN0112_KIN0,125,1,_
TP27,KIN0331,127,1,_
TP27,KPA1101_KPI1,323,1,_
TP27,KPO1101_KPO0,130,0.333333333,_
TP27,KPO1101_KPO0,131,0.333333333,_
TP27,KPO1101_KPO0,132,0.333333333,_
TP27,KPU0661,134,1,_
TP27,KUM0661_KUM0,593,1,_
TP27,LTN0331_TWF0,407,1,_
TP27,MAN2201_MAN0,702,0.142857143,_
TP27,MAN2201_MAN0,703,0.142857143,_
TP27,MAN2201_MAN0,704,0.142857143,_
TP27,MAN2201_MAN0,705,0.142857143,_
TP27,MAN2201_MAN0,706,0.142857143,_
TP27,MAN2201_MAN0,707,0.142857143,_
TP27,MAN2201_MAN0,708,0.142857143,_
TP27,MAT1101_ANI0,154,0.5,_
TP27,MAT1101_ANI0,155,0.5,_
TP27,MAT1101_MAT0,195,0.5,_
TP27,MAT1101_MAT0,196,0.5,_
TP27,MHO0331_MHO0,373,1,_
TP27,MKE1101_MKE1,325,0.5,_
TP27,MKE1101_MKE1,326,0.5,_
TP27,MPE1101,27,1,_
TP27,MTI2201_MTI0,201,0.1,_
TP27,MTI2201_MTI0,202,0.1,_
TP27,MTI2201_MTI0,203,0.1,_
TP27,MTI2201_MTI0,204,0.1,_
TP27,MTI2201_MTI0,205,0.1,_
TP27,MTI2201_MTI0,206,0.1,_
TP27,MTI2201_MTI0,207,0.1,_
TP27,MTI2201_MTI0,208,0.1,_
TP27,MTI2201_MTI0,209,0.1,_
TP27,MTI2201_MTI0,210,0.1,_
TP27,NAP2201_NAP0,214,1,_
TP27,NAP2202_NTM0,216,0.5,_
TP27,NAP2202_NTM0,217,0.5,_
TP27,NMA0331_WHL0,729,1,_
TP27,NSY0331_PAE0,651,1,_
TP27,OHA2201_OHA0,636,0.25,_
TP27,OHA2201_OHA0,637,0.25,_
TP27,OHA2201_OHA0,638,0.25,_
TP27,OHA2201_OHA0,639,0.25,_
TP27,OHB2201_OHB0,641,0.25,_
TP27,OHB2201_OHB0,642,0.25,_
TP27,OHB2201_OHB0,643,0.25,_
TP27,OHB2201_OHB0,644,0.25,_
TP27,OHC2201_OHC0,646,0.25,_
TP27,OHC2201_OHC0,647,0.25,_
TP27,OHC2201_OHC0,648,0.25,_
TP27,OHC2201_OHC0,649,0.25,_
TP27,OHK2201_OHK0,219,0.25,_
TP27,OHK2201_OHK0,220,0.25,_
TP27,OHK2201_OHK0,221,0.25,_
TP27,OHK2201_OHK0,222,0.25,_
TP27,OKI2201_OKI0,228,0.099099099,_
TP27,OKI2201_OKI0,230,0.450450451,_
TP27,OKI2201_OKI0,231,0.450450451,_
TP27,PEN0331,81,1,_
TP27,PPI2201_PPI0,241,1,_
TP27,PRM0331,465,1,_
TP27,ROT1101_WHE0,272,1,_
TP27,ROX1101_ROX0,714,0.333333333,_
TP27,ROX1101_ROX0,715,0.333333333,_
TP27,ROX1101_ROX0,716,0.333333333,_
TP27,ROX2201_ROX0,717,0.2,_
TP27,ROX2201_ROX0,718,0.2,_
TP27,ROX2201_ROX0,719,0.2,_
TP27,ROX2201_ROX0,720,0.2,_
TP27,ROX2201_ROX0,721,0.2,_
TP27,RPO2201_RPO0,386,0.5,_
TP27,RPO2201_RPO0,387,0.5,_
TP27,SFD2201_SFD21,340,1,_
TP27,SFD2201_SFD22,341,1,_
TP27,SFD2201_SPL0,346,1,_
TP27,STK0661_COB0,491,1,_
TP27,TGA0331_KMI0,183,1,_
TP27,THI2201_THI1,253,1,_
TP27,THI2201_THI2,254,1,_
TP27,TKA0111_TKA1,560,1,_
TP27,TKB2201_TKB1,655,0.5,_
TP27,TKB2201_TKB1,656,0.5,_
TP27,TKU2201_TKU0,391,0.25,_
TP27,TKU2201_TKU0,392,0.25,_
TP27,TKU2201_TKU0,393,0.25,_
TP27,TKU2201_TKU0,394,0.25,_
TP27,TUI1101_KTW0,298,0.5,_
TP27,TUI1101_KTW0,299,0.5,_
TP27,TUI1101_PRI0,300,0.5,_
TP27,TUI1101_PRI0,301,0.5,_
TP27,TUI1101_TUI0,302,0.333333333,_
TP27,TUI1101_TUI0,303,0.333333333,_
TP27,TUI1101_TUI0,304,0.333333333,_
TP27,TWC2201_NZW0,404,1,_
TP27,TWC2201_TWF0,405,1,_
TP27,TWH0331_TRC1,142,1,_
TP27,TWH0331_TUK0,147,1,_
TP27,WDV1101_TAP0,389,1,_
TP27,WGN0331,411,1,_
TP27,WHI0111,306,1,_
TP27,WHI2201_WHI0,307,0.333333333,_
TP27,WHI2201_WHI0,308,0.333333333,_
TP27,WHI2201_WHI0,309,0.333333333,_
TP27,WHU0331,150,1,_
TP27,WIL0331_MCK0,482,1,_
TP27,WKM2201_MOK0,198,0.524257784,_
TP27,WKM2201_MOK0,199,0.475742216,_
TP27,WKM2201_WKM0,274,0.25,_
TP27,WKM2201_WKM0,275,0.25,_
TP27,WKM2201_WKM0,276,0.25,_
TP27,WKM2201_WKM0,277,0.25,_
TP27,WKO0331,152,1,_
TP27,WPA2201_WPA0,283,1,_
TP27,WRK0331_RKA0,740,1,_
TP27,WRK0331_TAA0,248,1,_
TP27,WRK2201_WRK0,285,0.340664962,_
TP27,WRK2201_WRK0,286,0.170332481,_
TP27,WRK2201_WRK0,287,0.19028133,_
TP27,WRK2201_WRK0,288,0.211764706,_
TP27,WRK2201_WRK0,289,0.086956522,_
TP27,WTK0111_WTK0,660,1,_
TP27,WWD1102_WWD0,479,1,_
TP27,WWD1103_WWD0,744,1,_
TP27,KAW0112_DLS0,176,1,_
TP27,KAW0113_DLS1,178,1,_
TP27,ABY0111,541,1,_
TP27,ALB0331,4,1,_
TP27,ALB1101,41,1,_
TP27,APS0111,569,1,_
TP27,ARG1101,487,1,_
TP27,ASB0331,543,1,_
TP27,ASB0661,544,1,_
TP27,ASY0111,520,0.5,_
TP27,ASY0111,748,0.5,_
TP27,ATU1101,488,1,_
TP27,BAL0331,669,1,_
TP27,BDE0111,671,1,_
TP27,BLN0331,489,1,_
TP27,BOB0331,45,1,_
TP27,BPD1101,618,1,_
TP27,BPE0331,357,1,_
TP27,BPE0551,358,0.5,_
TP27,BPE0551,359,0.5,_
TP27,BPT1101,619,1,_
TP27,BRB0331,8,1,_
TP27,BRK0331,315,1,_
TP27,BRY0661,549,1,_
TP27,BWK1101,673,1,_
TP27,CBG0111,105,1,_
TP27,CLH0111,572,1,_
TP27,CML0331,620,1,_
TP27,COL0111,575,1,_
TP27,COL0661,576,1,_
TP27,CPK0111,416,0.5,_
TP27,CPK0111,417,0.5,_
TP27,CST0331,317,1,_
TP27,CUL0331,493,1,_
TP27,CUL0661,494,1,_
TP27,CYD0331,678,1,_
TP27,CYD2201,679,1,_
TP27,DOB0331,579,1,_
TP27,DVK0111,366,1,_
TP27,EDG0331,168,1,_
TP27,EDN0331,680,1,_
TP27,FHL0331,293,1,_
TP27,FKN0331,628,1,_
TP27,GFD0331,426,1,_
TP27,GLN0331,733,1,_
TP27,GLN0332,51,1,_
TP27,GOR0331,682,1,_
TP27,GYM0661,585,1,_
TP27,GYT0331,429,1,_
TP27,HAM0111,108,1,_
TP27,HAM0551,110,1,_
TP27,HAM0551,5032,0,_
TP27,HAY0111,434,1,_
TP27,HAY0331,443,1,_
TP27,HEN0331,12,1,_
TP27,HEP0331,17,1,_
TP27,HKK0661,587,1,_
TP27,HLY0331,121,1,_
TP27,HOB1101,56,1,_
TP27,HOR0331,589,1,_
TP27,HOR0661,590,1,_
TP27,HTI0331,123,1,_
TP27,HUI0331,319,1,_
TP27,HWA0331,321,1,_
TP27,HWA0332,742,1,_
TP27,HWA1101,322,1,_
TP27,HWA1102,322,1,_
TP27,HWB0331,688,1,_
TP27,HWB0332,753,1,_
TP27,HWB1101,693,1,_
TP27,INV0331,696,1,_
TP27,ISL0661,526,1,_
TP27,KAI0111,531,1,_
TP27,KAW0112,176,1,_
TP27,KAW1101,181,1,_
TP27,KBY0661,591,1,_
TP27,KBY0662,591,1,_
TP27,KIK0111,745,1,_
TP27,KIN0111,126,1,_
TP27,KIN0112,125,1,_
TP27,KIN0113,738,1,_
TP27,KMO0331,187,1,_
TP27,KOE1101,20,1,_
TP27,KPA1101,324,1,_
TP27,KUM0661,593,1,_
TP27,KWA0111,451,1,_
TP27,LFD1101,192,1,_
TP27,LFD1102,192,1,_
TP27,LTN0331,370,1,_
TP27,MAN2201,701,1,_
TP27,MAT1101,156,0.909090909,_
TP27,MAT1101,197,0.090909091,_
TP27,MCH0111,503,1,_
TP27,MER0331,60,1,_
TP27,MGM0331,454,1,_
TP27,MHO0331,374,1,_
TP27,MKE1101,325,0.5,_
TP27,MKE1101,326,0.5,_
TP27,MLG0111,456,1,_
TP27,MLG0331,457,1,_
TP27,MNG0331,61,1,_
TP27,MNG1101,62,1,_
TP27,MNI0111,328,1,_
TP27,MST0331,460,1,_
TP27,MTM0331,212,1,_
TP27,MTN0331,377,1,_
TP27,MTO0331,28,1,_
TP27,MTR0331,380,1,_
TP27,NAP2201,214,1,_
TP27,NAP2202,215,1,_
TP27,NMA0331,711,1,_
TP27,NPK0331,382,1,_
TP27,NPL0331,331,1,_
TP27,NSY0331,632,1,_
TP27,OAM0331,634,1,_
TP27,OKN0111,384,1,_
TP27,ONG0331,137,1,_
TP27,OPK0331,335,1,_
TP27,ORO1101,507,1,_
TP27,ORO1102,508,1,_
TP27,OTA0221,66,1,_
TP27,OTI0111,595,1,_
TP27,OWH0111,239,1,_
TP27,PAK0331,75,1,_
TP27,PAO1101,139,1,_
TP27,PEN0221,79,1,_
TP27,PEN0251,80,1,_
TP27,PEN1101,56,0.190798081,_
TP27,PEN1101,58,0.645660707,_
TP27,PEN1101,88,0.163541212,_
TP27,PNI0331,462,1,_
TP27,PPI2201,241,0.5,_
TP27,PPI2201,242,0.5,_
TP27,RDF0331,295,1,_
TP27,RFN1101,506,1,_
TP27,RFN1102,505,1,_
TP27,ROS0221,89,1,_
TP27,ROS1101,90,1,_
TP27,ROT0111,245,1,_
TP27,ROT0331,246,1,_
TP27,ROT1101,247,1,_
TP27,SBK0331,533,1,_
TP27,SBK0661,534,1,_
TP27,SDN0331,725,1,_
TP27,SFD0331,342,1,_
TP27,SFD2201,345,1,_
TP27,STK0331,511,1,_
TP27,STK0661,512,1,_
TP27,STU0111,653,1,_
TP27,SVL0331,32,1,_
TP27,SWN0251,36,1,_
TP27,SWN2201,37,1,_
TP27,TAK0331,91,1,_
TP27,TGA0111,250,1,_
TP27,TGA0331,251,1,_
TP27,THI2201,255,1,_
TP27,TIM0111,556,1,_
TP27,TKA0331,561,1,_
TP27,TKH0111,256,1,_
TP27,TKR0331,470,1,_
TP27,TKU0331,395,1,_
TP27,TMI0331,258,1,_
TP27,TMK0331,563,1,_
TP27,TMN0551,397,0.5,_
TP27,TMN0551,398,0.5,_
TP27,TMU0111,140,1,_
TP27,TNG0111,400,1,_
TP27,TNG0551,401,0.5,_
TP27,TNG0551,402,0.5,_
TP27,TRK0111,260,1,_
TP27,TUI1101,305,1,_
TP27,TWC2201,406,1,_
TP27,TWH0331,143,0.253164557,_
TP27,TWH0331,148,0.746835443,_
TP27,TWI2201,728,1,_
TP27,TWZ0331,658,1,_
TP27,UHT0331,472,1,_
TP27,WAI0111,269,1,_
TP27,WDV0111,409,1,_
TP27,WDV1101,410,1,_
TP27,WEL0331,38,1,_
TP27,WHI2201,310,1,_
TP27,WIL0331,475,1,_
TP27,WIR0331,94,1,_
TP27,WKM2201,278,1,_
TP27,WPR0331,535,1,_
TP27,WPR0661,536,1,_
TP27,WPT0111,518,1,_
TP27,WPW0331,413,1,_
TP27,WRD0331,41,1,_
TP27,WRK0331,290,1,_
TP27,WTK0111,660,1,_
TP27,WTK0331,5157,1,_
TP27,WTU0331,311,1,_
TP27,WVY0111,352,1,_
TP27,WWD1102,481,1,_
TP27,WWD1103,480,1,_
TP27,ABY1101,542,1,_
TP27,ALB2201,7,1,_
TP27,APS0661,570,1,_
TP27,ARA2201,163,1,_
TP27,ARI1101,737,1,_
TP27,ARI1102,101,1,_
TP27,ASB2201,545,1,_
TP27,ASY0661,521,1,_
TP27,ATI2201,164,1,_
TP27,AVI2201,603,1,_
TP27,BAL1101,670,1,_
TP27,BDE1101,672,1,_
TP27,BEN2201,617,1,_
TP27,BEN2202,617,1,_
TP27,BEN3502,615,1,_
TP27,BEN3503,616,1,_
TP27,BHL2201,47,1,_
TP27,BHL2202,48,1,_
TP27,BLN1101,490,1,_
TP27,BPC1101,598,1,_
TP27,BPE1101,363,1,_
TP27,BPE2201,364,1,_
TP27,BRB2201,9,1,_
TP27,BRK2201,316,1,_
TP27,BRK2202,316,1,_
TP27,BRY2201,553,1,_
TP27,CBG1101,107,1,_
TP27,CBG1102,106,1,_
TP27,CLH0661,573,1,_
TP27,CML1101,625,1,_
TP27,CML1102,624,1,_
TP27,CML2201,627,1,_
TP27,CML2202,626,1,_
TP27,CPK1101,419,1,_
TP27,CPK1102,420,1,_
TP27,CPK1103,421,1,_
TP27,CST1101,318,1,_
TP27,CUL2202,495,1,_
TP27,CUL2203,496,1,_
TP27,DOB0661,580,1,_
TP27,DOB1101,584,1,_
TP27,DOB1102,583,1,_
TP27,DRY2201,49,1,_
TP27,DRY2202,49,1,_
TP27,DVK1101,367,1,_
TP27,DVK1102,368,1,_
TP27,EDG1101,171,1,_
TP27,EDG1102,171,1,_
TP27,EDG2201,172,1,_
TP27,EDN1101,681,1,_
TP27,FHL1101,294,1,_
TP27,FKN1101,630,1,_
TP27,FKN1102,629,1,_
TP27,GFD1101,428,1,_
TP27,GFD1102,427,1,_
TP27,GLN2201,53,1,_
TP27,GNY1101,597,1,_
TP27,GOR1101,683,1,_
TP27,GOR1102,683,1,_
TP27,GYT1101,430,1,_
TP27,GYT1102,431,1,_
TP27,HAM1101,112,1,_
TP27,HAM2201,113,1,_
TP27,HAY1101,447,1,_
TP27,HAY2201,450,1,_
TP27,HAY3502,449,1,_
TP27,HAY3503,448,1,_
TP27,HEN1101,15,1,_
TP27,HEN2201,16,1,_
TP27,HEP1101,18,1,_
TP27,HIN1101,115,1,_
TP27,HLY2201,116,1,_
TP27,HOB2201,57,1,_
TP27,HPI2201,19,1,_
TP27,HPI2202,19,1,_
TP27,HTI1101,124,1,_
TP27,HUI1101,320,1,_
TP27,HWA1001,322,1,_
TP27,HWB2201,694,1,_
TP27,IGH1101,497,1,_
TP27,INV1101,698,1,_
TP27,INV2201,699,1,_
TP27,INV2202,699,1,_
TP27,ISL2201,530,1,_
TP27,KAI0661,532,1,_
TP27,KAW2201,182,1,_
TP27,KBT0661,567,1,_
TP27,KBT0662,566,1,_
TP27,KIK1101,501,1,_
TP27,KIK2201,502,1,_
TP27,KIN1101,129,1,_
TP27,KIN1102,129,1,_
TP27,KMO1101,190,1,_
TP27,KMO1102,190,1,_
TP27,KMO1103,190,1,_
TP27,KMO2201,191,1,_
TP27,KPO1101,133,1,_
TP27,KPU1101,739,1,_
TP27,KPU1102,5046,1,_
TP27,KWA1101,452,1,_
TP27,KWA1102,453,1,_
TP27,LIV2201,631,1,_
TP27,LTN2201,371,1,_
TP27,LTN2202,372,1,_
TP27,MCH1101,504,1,_
TP27,MDN1101,25,1,_
TP27,MDN2201,26,1,_
TP27,MGM1101,455,1,_
TP27,MHO1101,375,1,_
TP27,MHO1102,376,1,_
TP27,MHT1102,422,1,_
TP27,MHT1103,423,1,_
TP27,MKT1101,314,1,_
TP27,MLG1101,459,1,_
TP27,MLG1102,458,1,_
TP27,MNI1101,329,1,_
TP27,MST1101,461,1,_
TP27,MTI2201,211,1,_
TP27,MTM1101,213,1,_
TP27,MTN1101,379,1,_
TP27,MTN1102,378,1,_
TP27,MTO1101,29,1,_
TP27,MTO1102,30,1,_
TP27,MTR1101,381,1,_
TP27,MVE1101,102,1,_
TP27,MVE1102,103,1,_
TP27,NGA1101,31,1,_
TP27,NMA2201,712,1,_
TP27,NPK1101,383,1,_
TP27,NPL1101,333,1,_
TP27,NPL2201,334,1,_
TP27,NSY2201,633,1,_
TP27,OAM1101,635,1,_
TP27,OAM1102,752,1,_
TP27,OHA2201,640,1,_
TP27,OHB2201,645,1,_
TP27,OHC2201,650,1,_
TP27,OHK2201,223,1,_
TP27,OHW2201,136,1,_
TP27,OHW2202,136,1,_
TP27,OKE1101,224,1,_
TP27,OKI2201,227,0.5,_
TP27,OKI2201,229,0.5,_
TP27,OKN1101,385,1,_
TP27,ONG1101,138,1,_
TP27,OPI2201,540,1,_
TP27,OPI2202,539,1,_
TP27,OPK1101,743,1,_
TP27,OPK1102,336,1,_
TP27,OTA1103,70,1,_
TP27,OTA1104,734,1,_
TP27,OTA1105,70,1,_
TP27,OTA1106,734,1,_
TP27,OTA1107,70,1,_
TP27,OTA1108,734,1,_
TP27,OTA1109,70,1,_
TP27,OTA110A,734,1,_
TP27,OTA2201,72,1,_
TP27,OTA2202,73,1,_
TP27,OTA2203,71,1,_
TP27,OTI0661,596,1,_
TP27,OWH1101,240,1,_
TP27,PAK2201,76,1,_
TP27,PEN0222,79,1,_
TP27,PEN2201,87,1,_
TP27,PIE1101,173,1,_
TP27,PNI1101,463,1,_
TP27,PNI1102,464,1,_
TP27,PRM2201,468,1,_
TP27,PRM2202,469,1,_
TP27,PRT2201,425,1,_
TP27,PRT2202,424,1,_
TP27,RDF1101,296,1,_
TP27,RDF1102,296,1,_
TP27,RDF2201,297,1,_
TP27,RFC1101,483,1,_
TP27,ROT1102,247,1,_
TP27,ROX1101,723,1,_
TP27,ROX2201,724,1,_
TP27,RPO2201,388,1,_
TP27,RTO1101,104,1,_
TP27,RTR1101,365,1,_
TP27,SDN2201,726,1,_
TP27,SFD1101,344,1,_
TP27,STK1101,515,1,_
TP27,STK2201,516,1,_
TP27,STU1101,654,1,_
TP27,SVL2201,33,1,_
TP27,SVL2202,34,1,_
TP27,TAK2201,92,1,_
TP27,TAK2202,93,1,_
TP27,TGA1101,252,1,_
TP27,TIM1101,557,1,_
TP27,TIM2201,559,1,_
TP27,TIM2202,558,1,_
TP27,TKA0111,560,1,_
TP27,TKA1101,562,1,_
TP27,TKB2201,657,1,_
TP27,TKH0501,257,1,_
TP27,TKR1101,471,1,_
TP27,TKU2201,396,1,_
TP27,TMH2201,727,1,_
TP27,TMI1101,259,1,_
TP27,TMK1101,5150,1,_
TP27,TMK1102,565,1,_
TP27,TMN2201,399,1,_
TP27,TMU1101,141,1,_
TP27,TNG2201,403,1,_
TP27,TRK1101,267,1,_
TP27,TRK1102,267,1,_
TP27,TRK2201,268,1,_
TP27,TWH2201,149,1,_
TP27,TWT2201,369,1,_
TP27,TWZ2201,659,1,_
TP27,TWZ2202,659,1,_
TP27,UHT1101,473,1,_
TP27,WAI0501,270,1,_
TP27,WAI1101,271,1,_
TP27,WDV1102,410,1,_
TP27,WEL1101,40,1,_
TP27,WEL1102,39,1,_
TP27,WGN1101,412,1,_
TP27,WHU1101,151,1,_
TP27,WIL1101,477,1,_
TP27,WIL2201,478,1,_
TP27,WIR1101,95,1,_
TP27,WIR1102,736,1,_
TP27,WKM2202,282,1,_
TP27,WKO1101,153,1,_
TP27,WMG1101,746,1,_
TP27,WMG1102,517,1,_
TP27,WPA2201,284,1,_
TP27,WPR2202,538,1,_
TP27,WPR2203,537,1,_
TP27,WPT1101,747,1,_
TP27,WPT1102,519,1,_
TP27,WPW1101,414,1,_
TP27,WPW1102,415,1,_
TP27,WRD2201,44,1,_
TP27,WRK2201,292,1,_
TP27,WTK1101,666,1,_
TP27,WTK1102,667,1,_
TP27,WTK2201,668,1,_
TP27,WTU2201,741,1,_
TP27,WTU2202,312,1,_
TP27,WVY1101,353,1,_
TP28,ARA2201_ARA0,160,0.333333333,_
TP28,ARA2201_ARA0,161,0.333333333,_
TP28,ARA2201_ARA0,162,0.333333333,_
TP28,ARG1101_BRR0,486,1,_
TP28,ARI1101_ARI0,100,0.25,_
TP28,ARI1101_ARI0,97,0.25,_
TP28,ARI1101_ARI0,98,0.25,_
TP28,ARI1101_ARI0,99,0.25,_
TP28,ARI1102_ARI0,96,1,_
TP28,ASB0661_HBK0,554,1,_
TP28,ATI2201_ATI0,164,1,_
TP28,AVI2201_AVI0,599,0.25,_
TP28,AVI2201_AVI0,600,0.25,_
TP28,AVI2201_AVI0,601,0.25,_
TP28,AVI2201_AVI0,602,0.25,_
TP28,BEN2202_BEN0,606,0.166666667,_
TP28,BEN2202_BEN0,607,0.166666667,_
TP28,BEN2202_BEN0,608,0.166666667,_
TP28,BEN2202_BEN0,609,0.166666667,_
TP28,BEN2202_BEN0,610,0.166666667,_
TP28,BEN2202_BEN0,611,0.166666667,_
TP28,BOB1101,46,1,_
TP28,BPE0331_TWF0,408,1,_
TP28,BWK1101_WPI0,731,1,_
TP28,COL0661_COL0,574,0.447368421,_
TP28,COL0661_COL0,750,0.552631579,_
TP28,CPK0331,418,1,_
TP28,CYD2201_CYD0,674,0.25,_
TP28,CYD2201_CYD0,675,0.25,_
TP28,CYD2201_CYD0,676,0.25,_
TP28,CYD2201_CYD0,677,0.25,_
TP28,GLN0332_GLN0,50,1,_
TP28,HAM0331,109,1,_
TP28,HIN0331,114,1,_
TP28,HLY2201_HLY1,119,1,_
TP28,HLY2201_HLY2,118,1,_
TP28,HLY2201_HLY5,120,1,_
TP28,HLY2201_HLY6,117,1,_
TP28,HWA1101_PTA1,337,1,_
TP28,HWA1101_PTA2,337,1,_
TP28,HWA1101_PTA3,337,1,_
TP28,HWA1102_WAA0,348,0.416909621,_
TP28,HWA1102_WAA0,350,0.583090379,_
TP28,HWA1102_WAA1,348,0.416909621,_
TP28,HWA1102_WAA1,350,0.583090379,_
TP28,HWB0331_MAH0,700,1,_
TP28,HWB0331_WPI0,730,1,_
TP28,ISL0331,525,1,_
TP28,KAW0111,179,1,_
TP28,KAW0112_ONU0,235,0.29467381,_
TP28,KAW0112_ONU0,236,0.204853451,_
TP28,KAW0112_ONU0,237,0.126063662,_
TP28,KAW0112_ONU0,238,0.374409077,_
TP28,KAW0113,178,1,_
TP28,KAW1101_KAG0,174,1,_
TP28,KIN0112_KIN0,125,1,_
TP28,KIN0331,127,1,_
TP28,KPA1101_KPI1,323,1,_
TP28,KPO1101_KPO0,130,0.333333333,_
TP28,KPO1101_KPO0,131,0.333333333,_
TP28,KPO1101_KPO0,132,0.333333333,_
TP28,KPU0661,134,1,_
TP28,KUM0661_KUM0,593,1,_
TP28,LTN0331_TWF0,407,1,_
TP28,MAN2201_MAN0,702,0.142857143,_
TP28,MAN2201_MAN0,703,0.142857143,_
TP28,MAN2201_MAN0,704,0.142857143,_
TP28,MAN2201_MAN0,705,0.142857143,_
TP28,MAN2201_MAN0,706,0.142857143,_
TP28,MAN2201_MAN0,707,0.142857143,_
TP28,MAN2201_MAN0,708,0.142857143,_
TP28,MAT1101_ANI0,154,0.5,_
TP28,MAT1101_ANI0,155,0.5,_
TP28,MAT1101_MAT0,195,0.5,_
TP28,MAT1101_MAT0,196,0.5,_
TP28,MHO0331_MHO0,373,1,_
TP28,MKE1101_MKE1,325,0.5,_
TP28,MKE1101_MKE1,326,0.5,_
TP28,MPE1101,27,1,_
TP28,MTI2201_MTI0,201,0.1,_
TP28,MTI2201_MTI0,202,0.1,_
TP28,MTI2201_MTI0,203,0.1,_
TP28,MTI2201_MTI0,204,0.1,_
TP28,MTI2201_MTI0,205,0.1,_
TP28,MTI2201_MTI0,206,0.1,_
TP28,MTI2201_MTI0,207,0.1,_
TP28,MTI2201_MTI0,208,0.1,_
TP28,MTI2201_MTI0,209,0.1,_
TP28,MTI2201_MTI0,210,0.1,_
TP28,NAP2201_NAP0,214,1,_
TP28,NAP2202_NTM0,216,0.5,_
TP28,NAP2202_NTM0,217,0.5,_
TP28,NMA0331_WHL0,729,1,_
TP28,NSY0331_PAE0,651,1,_
TP28,OHA2201_OHA0,636,0.25,_
TP28,OHA2201_OHA0,637,0.25,_
TP28,OHA2201_OHA0,638,0.25,_
TP28,OHA2201_OHA0,639,0.25,_
TP28,OHB2201_OHB0,641,0.25,_
TP28,OHB2201_OHB0,642,0.25,_
TP28,OHB2201_OHB0,643,0.25,_
TP28,OHB2201_OHB0,644,0.25,_
TP28,OHC2201_OHC0,646,0.25,_
TP28,OHC2201_OHC0,647,0.25,_
TP28,OHC2201_OHC0,648,0.25,_
TP28,OHC2201_OHC0,649,0.25,_
TP28,OHK2201_OHK0,219,0.25,_
TP28,OHK2201_OHK0,220,0.25,_
TP28,OHK2201_OHK0,221,0.25,_
TP28,OHK2201_OHK0,222,0.25,_
TP28,OKI2201_OKI0,228,0.099099099,_
TP28,OKI2201_OKI0,230,0.450450451,_
TP28,OKI2201_OKI0,231,0.450450451,_
TP28,PEN0331,81,1,_
TP28,PPI2201_PPI0,241,1,_
TP28,PRM0331,465,1,_
TP28,ROT1101_WHE0,272,1,_
TP28,ROX1101_ROX0,714,0.333333333,_
TP28,ROX1101_ROX0,715,0.333333333,_
TP28,ROX1101_ROX0,716,0.333333333,_
TP28,ROX2201_ROX0,717,0.2,_
TP28,ROX2201_ROX0,718,0.2,_
TP28,ROX2201_ROX0,719,0.2,_
TP28,ROX2201_ROX0,720,0.2,_
TP28,ROX2201_ROX0,721,0.2,_
TP28,RPO2201_RPO0,386,0.5,_
TP28,RPO2201_RPO0,387,0.5,_
TP28,SFD2201_SFD21,340,1,_
TP28,SFD2201_SFD22,341,1,_
TP28,SFD2201_SPL0,346,1,_
TP28,STK0661_COB0,491,1,_
TP28,TGA0331_KMI0,183,1,_
TP28,THI2201_THI1,253,1,_
TP28,THI2201_THI2,254,1,_
TP28,TKA0111_TKA1,560,1,_
TP28,TKB2201_TKB1,655,0.5,_
TP28,TKB2201_TKB1,656,0.5,_
TP28,TKU2201_TKU0,391,0.25,_
TP28,TKU2201_TKU0,392,0.25,_
TP28,TKU2201_TKU0,393,0.25,_
TP28,TKU2201_TKU0,394,0.25,_
TP28,TUI1101_KTW0,298,0.5,_
TP28,TUI1101_KTW0,299,0.5,_
TP28,TUI1101_PRI0,300,0.5,_
TP28,TUI1101_PRI0,301,0.5,_
TP28,TUI1101_TUI0,302,0.333333333,_
TP28,TUI1101_TUI0,303,0.333333333,_
TP28,TUI1101_TUI0,304,0.333333333,_
TP28,TWC2201_NZW0,404,1,_
TP28,TWC2201_TWF0,405,1,_
TP28,TWH0331_TRC1,142,1,_
TP28,TWH0331_TUK0,147,1,_
TP28,WDV1101_TAP0,389,1,_
TP28,WGN0331,411,1,_
TP28,WHI0111,306,1,_
TP28,WHI2201_WHI0,307,0.333333333,_
TP28,WHI2201_WHI0,308,0.333333333,_
TP28,WHI2201_WHI0,309,0.333333333,_
TP28,WHU0331,150,1,_
TP28,WIL0331_MCK0,482,1,_
TP28,WKM2201_MOK0,198,0.524257784,_
TP28,WKM2201_MOK0,199,0.475742216,_
TP28,WKM2201_WKM0,274,0.25,_
TP28,WKM2201_WKM0,275,0.25,_
TP28,WKM2201_WKM0,276,0.25,_
TP28,WKM2201_WKM0,277,0.25,_
TP28,WKO0331,152,1,_
TP28,WPA2201_WPA0,283,1,_
TP28,WRK0331_RKA0,740,1,_
TP28,WRK0331_TAA0,248,1,_
TP28,WRK2201_WRK0,285,0.340664962,_
TP28,WRK2201_WRK0,286,0.170332481,_
TP28,WRK2201_WRK0,287,0.19028133,_
TP28,WRK2201_WRK0,288,0.211764706,_
TP28,WRK2201_WRK0,289,0.086956522,_
TP28,WTK0111_WTK0,660,1,_
TP28,WWD1102_WWD0,479,1,_
TP28,WWD1103_WWD0,744,1,_
TP28,KAW0112_DLS0,176,1,_
TP28,KAW0113_DLS1,178,1,_
TP28,ABY0111,541,1,_
TP28,ALB0331,4,1,_
TP28,ALB1101,41,1,_
TP28,APS0111,569,1,_
TP28,ARG1101,487,1,_
TP28,ASB0331,543,1,_
TP28,ASB0661,544,1,_
TP28,ASY0111,520,0.5,_
TP28,ASY0111,748,0.5,_
TP28,ATU1101,488,1,_
TP28,BAL0331,669,1,_
TP28,BDE0111,671,1,_
TP28,BLN0331,489,1,_
TP28,BOB0331,45,1,_
TP28,BPD1101,618,1,_
TP28,BPE0331,357,1,_
TP28,BPE0551,358,0.5,_
TP28,BPE0551,359,0.5,_
TP28,BPT1101,619,1,_
TP28,BRB0331,8,1,_
TP28,BRK0331,315,1,_
TP28,BRY0661,549,1,_
TP28,BWK1101,673,1,_
TP28,CBG0111,105,1,_
TP28,CLH0111,572,1,_
TP28,CML0331,620,1,_
TP28,COL0111,575,1,_
TP28,COL0661,576,1,_
TP28,CPK0111,416,0.5,_
TP28,CPK0111,417,0.5,_
TP28,CST0331,317,1,_
TP28,CUL0331,493,1,_
TP28,CUL0661,494,1,_
TP28,CYD0331,678,1,_
TP28,CYD2201,679,1,_
TP28,DOB0331,579,1,_
TP28,DVK0111,366,1,_
TP28,EDG0331,168,1,_
TP28,EDN0331,680,1,_
TP28,FHL0331,293,1,_
TP28,FKN0331,628,1,_
TP28,GFD0331,426,1,_
TP28,GLN0331,733,1,_
TP28,GLN0332,51,1,_
TP28,GOR0331,682,1,_
TP28,GYM0661,585,1,_
TP28,GYT0331,429,1,_
TP28,HAM0111,108,1,_
TP28,HAM0551,110,1,_
TP28,HAM0551,5032,0,_
TP28,HAY0111,434,1,_
TP28,HAY0331,443,1,_
TP28,HEN0331,12,1,_
TP28,HEP0331,17,1,_
TP28,HKK0661,587,1,_
TP28,HLY0331,121,1,_
TP28,HOB1101,56,1,_
TP28,HOR0331,589,1,_
TP28,HOR0661,590,1,_
TP28,HTI0331,123,1,_
TP28,HUI0331,319,1,_
TP28,HWA0331,321,1,_
TP28,HWA0332,742,1,_
TP28,HWA1101,322,1,_
TP28,HWA1102,322,1,_
TP28,HWB0331,688,1,_
TP28,HWB0332,753,1,_
TP28,HWB1101,693,1,_
TP28,INV0331,696,1,_
TP28,ISL0661,526,1,_
TP28,KAI0111,531,1,_
TP28,KAW0112,176,1,_
TP28,KAW1101,181,1,_
TP28,KBY0661,591,1,_
TP28,KBY0662,591,1,_
TP28,KIK0111,745,1,_
TP28,KIN0111,126,1,_
TP28,KIN0112,125,1,_
TP28,KIN0113,738,1,_
TP28,KMO0331,187,1,_
TP28,KOE1101,20,1,_
TP28,KPA1101,324,1,_
TP28,KUM0661,593,1,_
TP28,KWA0111,451,1,_
TP28,LFD1101,192,1,_
TP28,LFD1102,192,1,_
TP28,LTN0331,370,1,_
TP28,MAN2201,701,1,_
TP28,MAT1101,156,0.909090909,_
TP28,MAT1101,197,0.090909091,_
TP28,MCH0111,503,1,_
TP28,MER0331,60,1,_
TP28,MGM0331,454,1,_
TP28,MHO0331,374,1,_
TP28,MKE1101,325,0.5,_
TP28,MKE1101,326,0.5,_
TP28,MLG0111,456,1,_
TP28,MLG0331,457,1,_
TP28,MNG0331,61,1,_
TP28,MNG1101,62,1,_
TP28,MNI0111,328,1,_
TP28,MST0331,460,1,_
TP28,MTM0331,212,1,_
TP28,MTN0331,377,1,_
TP28,MTO0331,28,1,_
TP28,MTR0331,380,1,_
TP28,NAP2201,214,1,_
TP28,NAP2202,215,1,_
TP28,NMA0331,711,1,_
TP28,NPK0331,382,1,_
TP28,NPL0331,331,1,_
TP28,NSY0331,632,1,_
TP28,OAM0331,634,1,_
TP28,OKN0111,384,1,_
TP28,ONG0331,137,1,_
TP28,OPK0331,335,1,_
TP28,ORO1101,507,1,_
TP28,ORO1102,508,1,_
TP28,OTA0221,66,1,_
TP28,OTI0111,595,1,_
TP28,OWH0111,239,1,_
TP28,PAK0331,75,1,_
TP28,PAO1101,139,1,_
TP28,PEN0221,79,1,_
TP28,PEN0251,80,1,_
TP28,PEN1101,56,0.190798081,_
TP28,PEN1101,58,0.645660707,_
TP28,PEN1101,88,0.163541212,_
TP28,PNI0331,462,1,_
TP28,PPI2201,241,0.5,_
TP28,PPI2201,242,0.5,_
TP28,RDF0331,295,1,_
TP28,RFN1101,506,1,_
TP28,RFN1102,505,1,_
TP28,ROS0221,89,1,_
TP28,ROS1101,90,1,_
TP28,ROT0111,245,1,_
TP28,ROT0331,246,1,_
TP28,ROT1101,247,1,_
TP28,SBK0331,533,1,_
TP28,SBK0661,534,1,_
TP28,SDN0331,725,1,_
TP28,SFD0331,342,1,_
TP28,SFD2201,345,1,_
TP28,STK0331,511,1,_
TP28,STK0661,512,1,_
TP28,STU0111,653,1,_
TP28,SVL0331,32,1,_
TP28,SWN0251,36,1,_
TP28,SWN2201,37,1,_
TP28,TAK0331,91,1,_
TP28,TGA0111,250,1,_
TP28,TGA0331,251,1,_
TP28,THI2201,255,1,_
TP28,TIM0111,556,1,_
TP28,TKA0331,561,1,_
TP28,TKH0111,256,1,_
TP28,TKR0331,470,1,_
TP28,TKU0331,395,1,_
TP28,TMI0331,258,1,_
TP28,TMK0331,563,1,_
TP28,TMN0551,397,0.5,_
TP28,TMN0551,398,0.5,_
TP28,TMU0111,140,1,_
TP28,TNG0111,400,1,_
TP28,TNG0551,401,0.5,_
TP28,TNG0551,402,0.5,_
TP28,TRK0111,260,1,_
TP28,TUI1101,305,1,_
TP28,TWC2201,406,1,_
TP28,TWH0331,143,0.253164557,_
TP28,TWH0331,148,0.746835443,_
TP28,TWI2201,728,1,_
TP28,TWZ0331,658,1,_
TP28,UHT0331,472,1,_
TP28,WAI0111,269,1,_
TP28,WDV0111,409,1,_
TP28,WDV1101,410,1,_
TP28,WEL0331,38,1,_
TP28,WHI2201,310,1,_
TP28,WIL0331,475,1,_
TP28,WIR0331,94,1,_
TP28,WKM2201,278,1,_
TP28,WPR0331,535,1,_
TP28,WPR0661,536,1,_
TP28,WPT0111,518,1,_
TP28,WPW0331,413,1,_
TP28,WRD0331,41,1,_
TP28,WRK0331,290,1,_
TP28,WTK0111,660,1,_
TP28,WTK0331,5159,1,_
TP28,WTU0331,311,1,_
TP28,WVY0111,352,1,_
TP28,WWD1102,481,1,_
TP28,WWD1103,480,1,_
TP28,ABY1101,542,1,_
TP28,ALB2201,7,1,_
TP28,APS0661,570,1,_
TP28,ARA2201,163,1,_
TP28,ARI1101,737,1,_
TP28,ARI1102,101,1,_
TP28,ASB2201,545,1,_
TP28,ASY0661,521,1,_
TP28,ATI2201,164,1,_
TP28,AVI2201,603,1,_
TP28,BAL1101,670,1,_
TP28,BDE1101,672,1,_
TP28,BEN2201,617,1,_
TP28,BEN2202,617,1,_
TP28,BEN3502,615,1,_
TP28,BEN3503,616,1,_
TP28,BHL2201,47,1,_
TP28,BHL2202,48,1,_
TP28,BLN1101,490,1,_
TP28,BPC1101,598,1,_
TP28,BPE1101,363,1,_
TP28,BPE2201,364,1,_
TP28,BRB2201,9,1,_
TP28,BRK2201,316,1,_
TP28,BRK2202,316,1,_
TP28,BRY2201,553,1,_
TP28,CBG1101,107,1,_
TP28,CBG1102,106,1,_
TP28,CLH0661,573,1,_
TP28,CML1101,625,1,_
TP28,CML1102,624,1,_
TP28,CML2201,627,1,_
TP28,CML2202,626,1,_
TP28,CPK1101,419,1,_
TP28,CPK1102,420,1,_
TP28,CPK1103,421,1,_
TP28,CST1101,318,1,_
TP28,CUL2202,495,1,_
TP28,CUL2203,496,1,_
TP28,DOB0661,580,1,_
TP28,DOB1101,584,1,_
TP28,DOB1102,583,1,_
TP28,DRY2201,49,1,_
TP28,DRY2202,49,1,_
TP28,DVK1101,367,1,_
TP28,DVK1102,368,1,_
TP28,EDG1101,171,1,_
TP28,EDG1102,171,1,_
TP28,EDG2201,172,1,_
TP28,EDN1101,681,1,_
TP28,FHL1101,294,1,_
TP28,FKN1101,630,1,_
TP28,FKN1102,629,1,_
TP28,GFD1101,428,1,_
TP28,GFD1102,427,1,_
TP28,GLN2201,53,1,_
TP28,GNY1101,597,1,_
TP28,GOR1101,683,1,_
TP28,GOR1102,683,1,_
TP28,GYT1101,430,1,_
TP28,GYT1102,431,1,_
TP28,HAM1101,112,1,_
TP28,HAM2201,113,1,_
TP28,HAY1101,447,1,_
TP28,HAY2201,450,1,_
TP28,HAY3502,449,1,_
TP28,HAY3503,448,1,_
TP28,HEN1101,15,1,_
TP28,HEN2201,16,1,_
TP28,HEP1101,18,1,_
TP28,HIN1101,115,1,_
TP28,HLY2201,116,1,_
TP28,HOB2201,57,1,_
TP28,HPI2201,19,1,_
TP28,HPI2202,19,1,_
TP28,HTI1101,124,1,_
TP28,HUI1101,320,1,_
TP28,HWA1001,322,1,_
TP28,HWB2201,694,1,_
TP28,IGH1101,497,1,_
TP28,INV1101,698,1,_
TP28,INV2201,699,1,_
TP28,INV2202,699,1,_
TP28,ISL2201,530,1,_
TP28,KAI0661,532,1,_
TP28,KAW2201,182,1,_
TP28,KBT0661,567,1,_
TP28,KBT0662,566,1,_
TP28,KIK1101,501,1,_
TP28,KIK2201,502,1,_
TP28,KIN1101,129,1,_
TP28,KIN1102,129,1,_
TP28,KMO1101,190,1,_
TP28,KMO1102,190,1,_
TP28,KMO1103,190,1,_
TP28,KMO2201,191,1,_
TP28,KPO1101,133,1,_
TP28,KPU1101,739,1,_
TP28,KPU1102,5046,1,_
TP28,KWA1101,452,1,_
TP28,KWA1102,453,1,_
TP28,LIV2201,631,1,_
TP28,LTN2201,371,1,_
TP28,LTN2202,372,1,_
TP28,MCH1101,504,1,_
TP28,MDN1101,25,1,_
TP28,MDN2201,26,1,_
TP28,MGM1101,455,1,_
TP28,MHO1101,375,1,_
TP28,MHO1102,376,1,_
TP28,MHT1102,422,1,_
TP28,MHT1103,423,1,_
TP28,MKT1101,314,1,_
TP28,MLG1101,459,1,_
TP28,MLG1102,458,1,_
TP28,MNI1101,329,1,_
TP28,MST1101,461,1,_
TP28,MTI2201,211,1,_
TP28,MTM1101,213,1,_
TP28,MTN1101,379,1,_
TP28,MTN1102,378,1,_
TP28,MTO1101,29,1,_
TP28,MTO1102,30,1,_
TP28,MTR1101,381,1,_
TP28,MVE1101,102,1,_
TP28,MVE1102,103,1,_
TP28,NGA1101,31,1,_
TP28,NMA2201,712,1,_
TP28,NPK1101,383,1,_
TP28,NPL1101,333,1,_
TP28,NPL2201,334,1,_
TP28,NSY2201,633,1,_
TP28,OAM1101,635,1,_
TP28,OAM1102,752,1,_
TP28,OHA2201,640,1,_
TP28,OHB2201,645,1,_
TP28,OHC2201,650,1,_
TP28,OHK2201,223,1,_
TP28,OHW2201,136,1,_
TP28,OHW2202,136,1,_
TP28,OKE1101,224,1,_
TP28,OKI2201,227,0.5,_
TP28,OKI2201,229,0.5,_
TP28,OKN1101,385,1,_
TP28,ONG1101,138,1,_
TP28,OPI2201,540,1,_
TP28,OPI2202,539,1,_
TP28,OPK1101,743,1,_
TP28,OPK1102,336,1,_
TP28,OTA1103,70,1,_
TP28,OTA1104,734,1,_
TP28,OTA1105,70,1,_
TP28,OTA1106,734,1,_
TP28,OTA1107,70,1,_
TP28,OTA1108,734,1,_
TP28,OTA1109,70,1,_
TP28,OTA110A,734,1,_
TP28,OTA2201,72,1,_
TP28,OTA2202,73,1,_
TP28,OTA2203,71,1,_
TP28,OTI0661,596,1,_
TP28,OWH1101,240,1,_
TP28,PAK2201,76,1,_
TP28,PEN0222,79,1,_
TP28,PEN2201,87,1,_
TP28,PIE1101,173,1,_
TP28,PNI1101,463,1,_
TP28,PNI1102,464,1,_
TP28,PRM2201,468,1,_
TP28,PRM2202,469,1,_
TP28,PRT2201,425,1,_
TP28,PRT2202,424,1,_
TP28,RDF1101,296,1,_
TP28,RDF1102,296,1,_
TP28,RDF2201,297,1,_
TP28,RFC1101,483,1,_
TP28,ROT1102,247,1,_
TP28,ROX1101,723,1,_
TP28,ROX2201,724,1,_
TP28,RPO2201,388,1,_
TP28,RTO1101,104,1,_
TP28,RTR1101,365,1,_
TP28,SDN2201,726,1,_
TP28,SFD1101,344,1,_
TP28,STK1101,515,1,_
TP28,STK2201,516,1,_
TP28,STU1101,654,1,_
TP28,SVL2201,33,1,_
TP28,SVL2202,34,1,_
TP28,TAK2201,92,1,_
TP28,TAK2202,93,1,_
TP28,TGA1101,252,1,_
TP28,TIM1101,557,1,_
TP28,TIM2201,559,1,_
TP28,TIM2202,558,1,_
TP28,TKA0111,560,1,_
TP28,TKA1101,562,1,_
TP28,TKB2201,657,1,_
TP28,TKH0501,257,1,_
TP28,TKR1101,471,1,_
TP28,TKU2201,396,1,_
TP28,TMH2201,727,1,_
TP28,TMI1101,259,1,_
TP28,TMK1101,5152,1,_
TP28,TMK1102,565,1,_
TP28,TMN2201,399,1,_
TP28,TMU1101,141,1,_
TP28,TNG2201,403,1,_
TP28,TRK1101,267,1,_
TP28,TRK1102,267,1,_
TP28,TRK2201,268,1,_
TP28,TWH2201,149,1,_
TP28,TWT2201,369,1,_
TP28,TWZ2201,659,1,_
TP28,TWZ2202,659,1,_
TP28,UHT1101,473,1,_
TP28,WAI0501,270,1,_
TP28,WAI1101,271,1,_
TP28,WDV1102,410,1,_
TP28,WEL1101,40,1,_
TP28,WEL1102,39,1,_
TP28,WGN1101,412,1,_
TP28,WHU1101,151,1,_
TP28,WIL1101,477,1,_
TP28,WIL2201,478,1,_
TP28,WIR1101,95,1,_
TP28,WIR1102,736,1,_
TP28,WKM2202,282,1,_
TP28,WKO1101,153,1,_
TP28,WMG1101,746,1,_
TP28,WMG1102,517,1,_
TP28,WPA2201,284,1,_
TP28,WPR2202,538,1,_
TP28,WPR2203,537,1,_
TP28,WPT1101,747,1,_
TP28,WPT1102,519,1,_
TP28,WPW1101,414,1,_
TP28,WPW1102,415,1,_
TP28,WRD2201,44,1,_
TP28,WRK2201,292,1,_
TP28,WTK1101,666,1,_
TP28,WTK1102,667,1,_
TP28,WTK2201,668,1,_
TP28,WTU2201,741,1,_
TP28,WTU2202,312,1,_
TP28,WVY1101,353,1,_
TP29,ARA2201_ARA0,160,0.333333333,_
TP29,ARA2201_ARA0,161,0.333333333,_
TP29,ARA2201_ARA0,162,0.333333333,_
TP29,ARG1101_BRR0,486,1,_
TP29,ARI1101_ARI0,100,0.25,_
TP29,ARI1101_ARI0,97,0.25,_
TP29,ARI1101_ARI0,98,0.25,_
TP29,ARI1101_ARI0,99,0.25,_
TP29,ARI1102_ARI0,96,1,_
TP29,ASB0661_HBK0,554,1,_
TP29,ATI2201_ATI0,164,1,_
TP29,AVI2201_AVI0,599,0.25,_
TP29,AVI2201_AVI0,600,0.25,_
TP29,AVI2201_AVI0,601,0.25,_
TP29,AVI2201_AVI0,602,0.25,_
TP29,BEN2202_BEN0,606,0.166666667,_
TP29,BEN2202_BEN0,607,0.166666667,_
TP29,BEN2202_BEN0,608,0.166666667,_
TP29,BEN2202_BEN0,609,0.166666667,_
TP29,BEN2202_BEN0,610,0.166666667,_
TP29,BEN2202_BEN0,611,0.166666667,_
TP29,BOB1101,46,1,_
TP29,BPE0331_TWF0,408,1,_
TP29,BWK1101_WPI0,731,1,_
TP29,COL0661_COL0,574,0.447368421,_
TP29,COL0661_COL0,750,0.552631579,_
TP29,CPK0331,418,1,_
TP29,CYD2201_CYD0,674,0.25,_
TP29,CYD2201_CYD0,675,0.25,_
TP29,CYD2201_CYD0,676,0.25,_
TP29,CYD2201_CYD0,677,0.25,_
TP29,GLN0332_GLN0,50,1,_
TP29,HAM0331,109,1,_
TP29,HIN0331,114,1,_
TP29,HLY2201_HLY1,119,1,_
TP29,HLY2201_HLY2,118,1,_
TP29,HLY2201_HLY5,120,1,_
TP29,HLY2201_HLY6,117,1,_
TP29,HWA1101_PTA1,337,1,_
TP29,HWA1101_PTA2,337,1,_
TP29,HWA1101_PTA3,337,1,_
TP29,HWA1102_WAA0,348,0.416909621,_
TP29,HWA1102_WAA0,350,0.583090379,_
TP29,HWA1102_WAA1,348,0.416909621,_
TP29,HWA1102_WAA1,350,0.583090379,_
TP29,HWB0331_MAH0,700,1,_
TP29,HWB0331_WPI0,730,1,_
TP29,ISL0331,525,1,_
TP29,KAW0111,179,1,_
TP29,KAW0112_ONU0,235,0.29467381,_
TP29,KAW0112_ONU0,236,0.204853451,_
TP29,KAW0112_ONU0,237,0.126063662,_
TP29,KAW0112_ONU0,238,0.374409077,_
TP29,KAW0113,178,1,_
TP29,KAW1101_KAG0,174,1,_
TP29,KIN0112_KIN0,125,1,_
TP29,KIN0331,127,1,_
TP29,KPA1101_KPI1,323,1,_
TP29,KPO1101_KPO0,130,0.333333333,_
TP29,KPO1101_KPO0,131,0.333333333,_
TP29,KPO1101_KPO0,132,0.333333333,_
TP29,KPU0661,134,1,_
TP29,KUM0661_KUM0,593,1,_
TP29,LTN0331_TWF0,407,1,_
TP29,MAN2201_MAN0,702,0.142857143,_
TP29,MAN2201_MAN0,703,0.142857143,_
TP29,MAN2201_MAN0,704,0.142857143,_
TP29,MAN2201_MAN0,705,0.142857143,_
TP29,MAN2201_MAN0,706,0.142857143,_
TP29,MAN2201_MAN0,707,0.142857143,_
TP29,MAN2201_MAN0,708,0.142857143,_
TP29,MAT1101_ANI0,154,0.5,_
TP29,MAT1101_ANI0,155,0.5,_
TP29,MAT1101_MAT0,195,0.5,_
TP29,MAT1101_MAT0,196,0.5,_
TP29,MHO0331_MHO0,373,1,_
TP29,MKE1101_MKE1,325,0.5,_
TP29,MKE1101_MKE1,326,0.5,_
TP29,MPE1101,27,1,_
TP29,MTI2201_MTI0,201,0.1,_
TP29,MTI2201_MTI0,202,0.1,_
TP29,MTI2201_MTI0,203,0.1,_
TP29,MTI2201_MTI0,204,0.1,_
TP29,MTI2201_MTI0,205,0.1,_
TP29,MTI2201_MTI0,206,0.1,_
TP29,MTI2201_MTI0,207,0.1,_
TP29,MTI2201_MTI0,208,0.1,_
TP29,MTI2201_MTI0,209,0.1,_
TP29,MTI2201_MTI0,210,0.1,_
TP29,NAP2201_NAP0,214,1,_
TP29,NAP2202_NTM0,216,0.5,_
TP29,NAP2202_NTM0,217,0.5,_
TP29,NMA0331_WHL0,729,1,_
TP29,NSY0331_PAE0,651,1,_
TP29,OHA2201_OHA0,636,0.25,_
TP29,OHA2201_OHA0,637,0.25,_
TP29,OHA2201_OHA0,638,0.25,_
TP29,OHA2201_OHA0,639,0.25,_
TP29,OHB2201_OHB0,641,0.25,_
TP29,OHB2201_OHB0,642,0.25,_
TP29,OHB2201_OHB0,643,0.25,_
TP29,OHB2201_OHB0,644,0.25,_
TP29,OHC2201_OHC0,646,0.25,_
TP29,OHC2201_OHC0,647,0.25,_
TP29,OHC2201_OHC0,648,0.25,_
TP29,OHC2201_OHC0,649,0.25,_
TP29,OHK2201_OHK0,219,0.25,_
TP29,OHK2201_OHK0,220,0.25,_
TP29,OHK2201_OHK0,221,0.25,_
TP29,OHK2201_OHK0,222,0.25,_
TP29,OKI2201_OKI0,228,0.099099099,_
TP29,OKI2201_OKI0,230,0.450450451,_
TP29,OKI2201_OKI0,231,0.450450451,_
TP29,PEN0331,81,1,_
TP29,PPI2201_PPI0,241,1,_
TP29,PRM0331,465,1,_
TP29,ROT1101_WHE0,272,1,_
TP29,ROX1101_ROX0,714,0.333333333,_
TP29,ROX1101_ROX0,715,0.333333333,_
TP29,ROX1101_ROX0,716,0.333333333,_
TP29,ROX2201_ROX0,717,0.2,_
TP29,ROX2201_ROX0,718,0.2,_
TP29,ROX2201_ROX0,719,0.2,_
TP29,ROX2201_ROX0,720,0.2,_
TP29,ROX2201_ROX0,721,0.2,_
TP29,RPO2201_RPO0,386,0.5,_
TP29,RPO2201_RPO0,387,0.5,_
TP29,SFD2201_SFD21,340,1,_
TP29,SFD2201_SFD22,341,1,_
TP29,SFD2201_SPL0,346,1,_
TP29,STK0661_COB0,491,1,_
TP29,TGA0331_KMI0,183,1,_
TP29,THI2201_THI1,253,1,_
TP29,THI2201_THI2,254,1,_
TP29,TKA0111_TKA1,560,1,_
TP29,TKB2201_TKB1,655,0.5,_
TP29,TKB2201_TKB1,656,0.5,_
TP29,TKU2201_TKU0,391,0.25,_
TP29,TKU2201_TKU0,392,0.25,_
TP29,TKU2201_TKU0,393,0.25,_
TP29,TKU2201_TKU0,394,0.25,_
TP29,TUI1101_KTW0,298,0.5,_
TP29,TUI1101_KTW0,299,0.5,_
TP29,TUI1101_PRI0,300,0.5,_
TP29,TUI1101_PRI0,301,0.5,_
TP29,TUI1101_TUI0,302,0.333333333,_
TP29,TUI1101_TUI0,303,0.333333333,_
TP29,TUI1101_TUI0,304,0.333333333,_
TP29,TWC2201_NZW0,404,1,_
TP29,TWC2201_TWF0,405,1,_
TP29,TWH0331_TRC1,142,1,_
TP29,TWH0331_TUK0,147,1,_
TP29,WDV1101_TAP0,389,1,_
TP29,WGN0331,411,1,_
TP29,WHI0111,306,1,_
TP29,WHI2201_WHI0,307,0.333333333,_
TP29,WHI2201_WHI0,308,0.333333333,_
TP29,WHI2201_WHI0,309,0.333333333,_
TP29,WHU0331,150,1,_
TP29,WIL0331_MCK0,482,1,_
TP29,WKM2201_MOK0,198,0.524257784,_
TP29,WKM2201_MOK0,199,0.475742216,_
TP29,WKM2201_WKM0,274,0.25,_
TP29,WKM2201_WKM0,275,0.25,_
TP29,WKM2201_WKM0,276,0.25,_
TP29,WKM2201_WKM0,277,0.25,_
TP29,WKO0331,152,1,_
TP29,WPA2201_WPA0,283,1,_
TP29,WRK0331_RKA0,740,1,_
TP29,WRK0331_TAA0,248,1,_
TP29,WRK2201_WRK0,285,0.340664962,_
TP29,WRK2201_WRK0,286,0.170332481,_
TP29,WRK2201_WRK0,287,0.19028133,_
TP29,WRK2201_WRK0,288,0.211764706,_
TP29,WRK2201_WRK0,289,0.086956522,_
TP29,WTK0111_WTK0,660,1,_
TP29,WWD1102_WWD0,479,1,_
TP29,WWD1103_WWD0,744,1,_
TP29,KAW0112_DLS0,176,1,_
TP29,KAW0113_DLS1,178,1,_
TP29,ABY0111,541,1,_
TP29,ALB0331,4,1,_
TP29,ALB1101,41,1,_
TP29,APS0111,569,1,_
TP29,ARG1101,487,1,_
TP29,ASB0331,543,1,_
TP29,ASB0661,544,1,_
TP29,ASY0111,520,0.5,_
TP29,ASY0111,748,0.5,_
TP29,ATU1101,488,1,_
TP29,BAL0331,669,1,_
TP29,BDE0111,671,1,_
TP29,BLN0331,489,1,_
TP29,BOB0331,45,1,_
TP29,BPD1101,618,1,_
TP29,BPE0331,357,1,_
TP29,BPE0551,358,0.5,_
TP29,BPE0551,359,0.5,_
TP29,BPT1101,619,1,_
TP29,BRB0331,8,1,_
TP29,BRK0331,315,1,_
TP29,BRY0661,549,1,_
TP29,BWK1101,673,1,_
TP29,CBG0111,105,1,_
TP29,CLH0111,572,1,_
TP29,CML0331,620,1,_
TP29,COL0111,575,1,_
TP29,COL0661,576,1,_
TP29,CPK0111,416,0.5,_
TP29,CPK0111,417,0.5,_
TP29,CST0331,317,1,_
TP29,CUL0331,493,1,_
TP29,CUL0661,494,1,_
TP29,CYD0331,678,1,_
TP29,CYD2201,679,1,_
TP29,DOB0331,579,1,_
TP29,DVK0111,366,1,_
TP29,EDG0331,168,1,_
TP29,EDN0331,680,1,_
TP29,FHL0331,293,1,_
TP29,FKN0331,628,1,_
TP29,GFD0331,426,1,_
TP29,GLN0331,733,1,_
TP29,GLN0332,51,1,_
TP29,GOR0331,682,1,_
TP29,GYM0661,585,1,_
TP29,GYT0331,429,1,_
TP29,HAM0111,108,1,_
TP29,HAM0551,110,1,_
TP29,HAM0551,5032,0,_
TP29,HAY0111,434,1,_
TP29,HAY0331,443,1,_
TP29,HEN0331,12,1,_
TP29,HEP0331,17,1,_
TP29,HKK0661,587,1,_
TP29,HLY0331,121,1,_
TP29,HOB1101,56,1,_
TP29,HOR0331,589,1,_
TP29,HOR0661,590,1,_
TP29,HTI0331,123,1,_
TP29,HUI0331,319,1,_
TP29,HWA0331,321,1,_
TP29,HWA0332,742,1,_
TP29,HWA1101,322,1,_
TP29,HWA1102,322,1,_
TP29,HWB0331,688,1,_
TP29,HWB0332,753,1,_
TP29,HWB1101,693,1,_
TP29,INV0331,696,1,_
TP29,ISL0661,526,1,_
TP29,KAI0111,531,1,_
TP29,KAW0112,176,1,_
TP29,KAW1101,181,1,_
TP29,KBY0661,591,1,_
TP29,KBY0662,591,1,_
TP29,KIK0111,745,1,_
TP29,KIN0111,126,1,_
TP29,KIN0112,125,1,_
TP29,KIN0113,738,1,_
TP29,KMO0331,187,1,_
TP29,KOE1101,20,1,_
TP29,KPA1101,324,1,_
TP29,KUM0661,593,1,_
TP29,KWA0111,451,1,_
TP29,LFD1101,192,1,_
TP29,LFD1102,192,1,_
TP29,LTN0331,370,1,_
TP29,MAN2201,701,1,_
TP29,MAT1101,156,0.909090909,_
TP29,MAT1101,197,0.090909091,_
TP29,MCH0111,503,1,_
TP29,MER0331,60,1,_
TP29,MGM0331,454,1,_
TP29,MHO0331,374,1,_
TP29,MKE1101,325,0.5,_
TP29,MKE1101,326,0.5,_
TP29,MLG0111,456,1,_
TP29,MLG0331,457,1,_
TP29,MNG0331,61,1,_
TP29,MNG1101,62,1,_
TP29,MNI0111,328,1,_
TP29,MST0331,460,1,_
TP29,MTM0331,212,1,_
TP29,MTN0331,377,1,_
TP29,MTO0331,28,1,_
TP29,MTR0331,380,1,_
TP29,NAP2201,214,1,_
TP29,NAP2202,215,1,_
TP29,NMA0331,711,1,_
TP29,NPK0331,382,1,_
TP29,NPL0331,331,1,_
TP29,NSY0331,632,1,_
TP29,OAM0331,634,1,_
TP29,OKN0111,384,1,_
TP29,ONG0331,137,1,_
TP29,OPK0331,335,1,_
TP29,ORO1101,507,1,_
TP29,ORO1102,508,1,_
TP29,OTA0221,66,1,_
TP29,OTI0111,595,1,_
TP29,OWH0111,239,1,_
TP29,PAK0331,75,1,_
TP29,PAO1101,139,1,_
TP29,PEN0221,79,1,_
TP29,PEN0251,80,1,_
TP29,PEN1101,56,0.190798081,_
TP29,PEN1101,58,0.645660707,_
TP29,PEN1101,88,0.163541212,_
TP29,PNI0331,462,1,_
TP29,PPI2201,241,0.5,_
TP29,PPI2201,242,0.5,_
TP29,RDF0331,295,1,_
TP29,RFN1101,506,1,_
TP29,RFN1102,505,1,_
TP29,ROS0221,89,1,_
TP29,ROS1101,90,1,_
TP29,ROT0111,245,1,_
TP29,ROT0331,246,1,_
TP29,ROT1101,247,1,_
TP29,SBK0331,533,1,_
TP29,SBK0661,534,1,_
TP29,SDN0331,725,1,_
TP29,SFD0331,342,1,_
TP29,SFD2201,345,1,_
TP29,STK0331,511,1,_
TP29,STK0661,512,1,_
TP29,STU0111,653,1,_
TP29,SVL0331,32,1,_
TP29,SWN0251,36,1,_
TP29,SWN2201,37,1,_
TP29,TAK0331,91,1,_
TP29,TGA0111,250,1,_
TP29,TGA0331,251,1,_
TP29,THI2201,255,1,_
TP29,TIM0111,556,1,_
TP29,TKA0331,561,1,_
TP29,TKH0111,256,1,_
TP29,TKR0331,470,1,_
TP29,TKU0331,395,1,_
TP29,TMI0331,258,1,_
TP29,TMK0331,563,1,_
TP29,TMN0551,397,0.5,_
TP29,TMN0551,398,0.5,_
TP29,TMU0111,140,1,_
TP29,TNG0111,400,1,_
TP29,TNG0551,401,0.5,_
TP29,TNG0551,402,0.5,_
TP29,TRK0111,260,1,_
TP29,TUI1101,305,1,_
TP29,TWC2201,406,1,_
TP29,TWH0331,143,0.253164557,_
TP29,TWH0331,148,0.746835443,_
TP29,TWI2201,728,1,_
TP29,TWZ0331,658,1,_
TP29,UHT0331,472,1,_
TP29,WAI0111,269,1,_
TP29,WDV0111,409,1,_
TP29,WDV1101,410,1,_
TP29,WEL0331,38,1,_
TP29,WHI2201,310,1,_
TP29,WIL0331,475,1,_
TP29,WIR0331,94,1,_
TP29,WKM2201,278,1,_
TP29,WPR0331,535,1,_
TP29,WPR0661,536,1,_
TP29,WPT0111,518,1,_
TP29,WPW0331,413,1,_
TP29,WRD0331,41,1,_
TP29,WRK0331,290,1,_
TP29,WTK0111,660,1,_
TP29,WTK0331,5159,1,_
TP29,WTU0331,311,1,_
TP29,WVY0111,352,1,_
TP29,WWD1102,481,1,_
TP29,WWD1103,480,1,_
TP29,ABY1101,542,1,_
TP29,ALB2201,7,1,_
TP29,APS0661,570,1,_
TP29,ARA2201,163,1,_
TP29,ARI1101,737,1,_
TP29,ARI1102,101,1,_
TP29,ASB2201,545,1,_
TP29,ASY0661,521,1,_
TP29,ATI2201,164,1,_
TP29,AVI2201,603,1,_
TP29,BAL1101,670,1,_
TP29,BDE1101,672,1,_
TP29,BEN2201,617,1,_
TP29,BEN2202,617,1,_
TP29,BEN3502,615,1,_
TP29,BEN3503,616,1,_
TP29,BHL2201,47,1,_
TP29,BHL2202,48,1,_
TP29,BLN1101,490,1,_
TP29,BPC1101,598,1,_
TP29,BPE1101,363,1,_
TP29,BPE2201,364,1,_
TP29,BRB2201,9,1,_
TP29,BRK2201,316,1,_
TP29,BRK2202,316,1,_
TP29,BRY2201,553,1,_
TP29,CBG1101,107,1,_
TP29,CBG1102,106,1,_
TP29,CLH0661,573,1,_
TP29,CML1101,625,1,_
TP29,CML1102,624,1,_
TP29,CML2201,627,1,_
TP29,CML2202,626,1,_
TP29,CPK1101,419,1,_
TP29,CPK1102,420,1,_
TP29,CPK1103,421,1,_
TP29,CST1101,318,1,_
TP29,CUL2202,495,1,_
TP29,CUL2203,496,1,_
TP29,DOB0661,580,1,_
TP29,DOB1101,584,1,_
TP29,DOB1102,583,1,_
TP29,DRY2201,49,1,_
TP29,DRY2202,49,1,_
TP29,DVK1101,367,1,_
TP29,DVK1102,368,1,_
TP29,EDG1101,171,1,_
TP29,EDG1102,171,1,_
TP29,EDG2201,172,1,_
TP29,EDN1101,681,1,_
TP29,FHL1101,294,1,_
TP29,FKN1101,630,1,_
TP29,FKN1102,629,1,_
TP29,GFD1101,428,1,_
TP29,GFD1102,427,1,_
TP29,GLN2201,53,1,_
TP29,GNY1101,597,1,_
TP29,GOR1101,683,1,_
TP29,GOR1102,683,1,_
TP29,GYT1101,430,1,_
TP29,GYT1102,431,1,_
TP29,HAM1101,112,1,_
TP29,HAM2201,113,1,_
TP29,HAY1101,447,1,_
TP29,HAY2201,450,1,_
TP29,HAY3502,449,1,_
TP29,HAY3503,448,1,_
TP29,HEN1101,15,1,_
TP29,HEN2201,16,1,_
TP29,HEP1101,18,1,_
TP29,HIN1101,115,1,_
TP29,HLY2201,116,1,_
TP29,HOB2201,57,1,_
TP29,HPI2201,19,1,_
TP29,HPI2202,19,1,_
TP29,HTI1101,124,1,_
TP29,HUI1101,320,1,_
TP29,HWA1001,322,1,_
TP29,HWB2201,694,1,_
TP29,IGH1101,497,1,_
TP29,INV1101,698,1,_
TP29,INV2201,699,1,_
TP29,INV2202,699,1,_
TP29,ISL2201,530,1,_
TP29,KAI0661,532,1,_
TP29,KAW2201,182,1,_
TP29,KBT0661,567,1,_
TP29,KBT0662,566,1,_
TP29,KIK1101,501,1,_
TP29,KIK2201,502,1,_
TP29,KIN1101,129,1,_
TP29,KIN1102,129,1,_
TP29,KMO1101,190,1,_
TP29,KMO1102,190,1,_
TP29,KMO1103,190,1,_
TP29,KMO2201,191,1,_
TP29,KPO1101,133,1,_
TP29,KPU1101,739,1,_
TP29,KPU1102,5046,1,_
TP29,KWA1101,452,1,_
TP29,KWA1102,453,1,_
TP29,LIV2201,631,1,_
TP29,LTN2201,371,1,_
TP29,LTN2202,372,1,_
TP29,MCH1101,504,1,_
TP29,MDN1101,25,1,_
TP29,MDN2201,26,1,_
TP29,MGM1101,455,1,_
TP29,MHO1101,375,1,_
TP29,MHO1102,376,1,_
TP29,MHT1102,422,1,_
TP29,MHT1103,423,1,_
TP29,MKT1101,314,1,_
TP29,MLG1101,459,1,_
TP29,MLG1102,458,1,_
TP29,MNI1101,329,1,_
TP29,MST1101,461,1,_
TP29,MTI2201,211,1,_
TP29,MTM1101,213,1,_
TP29,MTN1101,379,1,_
TP29,MTN1102,378,1,_
TP29,MTO1101,29,1,_
TP29,MTO1102,30,1,_
TP29,MTR1101,381,1,_
TP29,MVE1101,102,1,_
TP29,MVE1102,103,1,_
TP29,NGA1101,31,1,_
TP29,NMA2201,712,1,_
TP29,NPK1101,383,1,_
TP29,NPL1101,333,1,_
TP29,NPL2201,334,1,_
TP29,NSY2201,633,1,_
TP29,OAM1101,635,1,_
TP29,OAM1102,752,1,_
TP29,OHA2201,640,1,_
TP29,OHB2201,645,1,_
TP29,OHC2201,650,1,_
TP29,OHK2201,223,1,_
TP29,OHW2201,136,1,_
TP29,OHW2202,136,1,_
TP29,OKE1101,224,1,_
TP29,OKI2201,227,0.5,_
TP29,OKI2201,229,0.5,_
TP29,OKN1101,385,1,_
TP29,ONG1101,138,1,_
TP29,OPI2201,540,1,_
TP29,OPI2202,539,1,_
TP29,OPK1101,743,1,_
TP29,OPK1102,336,1,_
TP29,OTA1103,70,1,_
TP29,OTA1104,734,1,_
TP29,OTA1105,70,1,_
TP29,OTA1106,734,1,_
TP29,OTA1107,70,1,_
TP29,OTA1108,734,1,_
TP29,OTA1109,70,1,_
TP29,OTA110A,734,1,_
TP29,OTA2201,72,1,_
TP29,OTA2202,73,1,_
TP29,OTA2203,71,1,_
TP29,OTI0661,596,1,_
TP29,OWH1101,240,1,_
TP29,PAK2201,76,1,_
TP29,PEN0222,79,1,_
TP29,PEN2201,87,1,_
TP29,PIE1101,173,1,_
TP29,PNI1101,463,1,_
TP29,PNI1102,464,1,_
TP29,PRM2201,468,1,_
TP29,PRM2202,469,1,_
TP29,PRT2201,425,1,_
TP29,PRT2202,424,1,_
TP29,RDF1101,296,1,_
TP29,RDF1102,296,1,_
TP29,RDF2201,297,1,_
TP29,RFC1101,483,1,_
TP29,ROT1102,247,1,_
TP29,ROX1101,723,1,_
TP29,ROX2201,724,1,_
TP29,RPO2201,388,1,_
TP29,RTO1101,104,1,_
TP29,RTR1101,365,1,_
TP29,SDN2201,726,1,_
TP29,SFD1101,344,1,_
TP29,STK1101,515,1,_
TP29,STK2201,516,1,_
TP29,STU1101,654,1,_
TP29,SVL2201,33,1,_
TP29,SVL2202,34,1,_
TP29,TAK2201,92,1,_
TP29,TAK2202,93,1,_
TP29,TGA1101,252,1,_
TP29,TIM1101,557,1,_
TP29,TIM2201,559,1,_
TP29,TIM2202,558,1,_
TP29,TKA0111,560,1,_
TP29,TKA1101,562,1,_
TP29,TKB2201,657,1,_
TP29,TKH0501,257,1,_
TP29,TKR1101,471,1,_
TP29,TKU2201,396,1,_
TP29,TMH2201,727,1,_
TP29,TMI1101,259,1,_
TP29,TMK1101,5152,1,_
TP29,TMK1102,565,1,_
TP29,TMN2201,399,1,_
TP29,TMU1101,141,1,_
TP29,TNG2201,403,1,_
TP29,TRK1101,267,1,_
TP29,TRK1102,267,1,_
TP29,TRK2201,268,1,_
TP29,TWH2201,149,1,_
TP29,TWT2201,369,1,_
TP29,TWZ2201,659,1,_
TP29,TWZ2202,659,1,_
TP29,UHT1101,473,1,_
TP29,WAI0501,270,1,_
TP29,WAI1101,271,1,_
TP29,WDV1102,410,1,_
TP29,WEL1101,40,1,_
TP29,WEL1102,39,1,_
TP29,WGN1101,412,1,_
TP29,WHU1101,151,1,_
TP29,WIL1101,477,1,_
TP29,WIL2201,478,1,_
TP29,WIR1101,95,1,_
TP29,WIR1102,736,1,_
TP29,WKM2202,282,1,_
TP29,WKO1101,153,1,_
TP29,WMG1101,746,1,_
TP29,WMG1102,517,1,_
TP29,WPA2201,284,1,_
TP29,WPR2202,538,1,_
TP29,WPR2203,537,1,_
TP29,WPT1101,747,1,_
TP29,WPT1102,519,1,_
TP29,WPW1101,414,1,_
TP29,WPW1102,415,1,_
TP29,WRD2201,44,1,_
TP29,WRK2201,292,1,_
TP29,WTK1101,666,1,_
TP29,WTK1102,667,1,_
TP29,WTK2201,668,1,_
TP29,WTU2201,741,1,_
TP29,WTU2202,312,1,_
TP29,WVY1101,353,1,_
TP30,ARA2201_ARA0,160,0.333333333,_
TP30,ARA2201_ARA0,161,0.333333333,_
TP30,ARA2201_ARA0,162,0.333333333,_
TP30,ARG1101_BRR0,486,1,_
TP30,ARI1101_ARI0,100,0.25,_
TP30,ARI1101_ARI0,97,0.25,_
TP30,ARI1101_ARI0,98,0.25,_
TP30,ARI1101_ARI0,99,0.25,_
TP30,ARI1102_ARI0,96,1,_
TP30,ASB0661_HBK0,554,1,_
TP30,ATI2201_ATI0,164,1,_
TP30,AVI2201_AVI0,599,0.25,_
TP30,AVI2201_AVI0,600,0.25,_
TP30,AVI2201_AVI0,601,0.25,_
TP30,AVI2201_AVI0,602,0.25,_
TP30,BEN2202_BEN0,606,0.166666667,_
TP30,BEN2202_BEN0,607,0.166666667,_
TP30,BEN2202_BEN0,608,0.166666667,_
TP30,BEN2202_BEN0,609,0.166666667,_
TP30,BEN2202_BEN0,610,0.166666667,_
TP30,BEN2202_BEN0,611,0.166666667,_
TP30,BOB1101,46,1,_
TP30,BPE0331_TWF0,408,1,_
TP30,BWK1101_WPI0,731,1,_
TP30,COL0661_COL0,574,0.447368421,_
TP30,COL0661_COL0,750,0.552631579,_
TP30,CPK0331,418,1,_
TP30,CYD2201_CYD0,674,0.25,_
TP30,CYD2201_CYD0,675,0.25,_
TP30,CYD2201_CYD0,676,0.25,_
TP30,CYD2201_CYD0,677,0.25,_
TP30,GLN0332_GLN0,50,1,_
TP30,HAM0331,109,1,_
TP30,HIN0331,114,1,_
TP30,HLY2201_HLY1,119,1,_
TP30,HLY2201_HLY2,118,1,_
TP30,HLY2201_HLY5,120,1,_
TP30,HLY2201_HLY6,117,1,_
TP30,HWA1101_PTA1,337,1,_
TP30,HWA1101_PTA2,337,1,_
TP30,HWA1101_PTA3,337,1,_
TP30,HWA1102_WAA0,348,0.416909621,_
TP30,HWA1102_WAA0,350,0.583090379,_
TP30,HWA1102_WAA1,348,0.416909621,_
TP30,HWA1102_WAA1,350,0.583090379,_
TP30,HWB0331_MAH0,700,1,_
TP30,HWB0331_WPI0,730,1,_
TP30,ISL0331,525,1,_
TP30,KAW0111,179,1,_
TP30,KAW0112_ONU0,235,0.29467381,_
TP30,KAW0112_ONU0,236,0.204853451,_
TP30,KAW0112_ONU0,237,0.126063662,_
TP30,KAW0112_ONU0,238,0.374409077,_
TP30,KAW0113,178,1,_
TP30,KAW1101_KAG0,174,1,_
TP30,KIN0112_KIN0,125,1,_
TP30,KIN0331,127,1,_
TP30,KPA1101_KPI1,323,1,_
TP30,KPO1101_KPO0,130,0.333333333,_
TP30,KPO1101_KPO0,131,0.333333333,_
TP30,KPO1101_KPO0,132,0.333333333,_
TP30,KPU0661,134,1,_
TP30,KUM0661_KUM0,593,1,_
TP30,LTN0331_TWF0,407,1,_
TP30,MAN2201_MAN0,702,0.142857143,_
TP30,MAN2201_MAN0,703,0.142857143,_
TP30,MAN2201_MAN0,704,0.142857143,_
TP30,MAN2201_MAN0,705,0.142857143,_
TP30,MAN2201_MAN0,706,0.142857143,_
TP30,MAN2201_MAN0,707,0.142857143,_
TP30,MAN2201_MAN0,708,0.142857143,_
TP30,MAT1101_ANI0,154,0.5,_
TP30,MAT1101_ANI0,155,0.5,_
TP30,MAT1101_MAT0,195,0.5,_
TP30,MAT1101_MAT0,196,0.5,_
TP30,MHO0331_MHO0,373,1,_
TP30,MKE1101_MKE1,325,0.5,_
TP30,MKE1101_MKE1,326,0.5,_
TP30,MPE1101,27,1,_
TP30,MTI2201_MTI0,201,0.1,_
TP30,MTI2201_MTI0,202,0.1,_
TP30,MTI2201_MTI0,203,0.1,_
TP30,MTI2201_MTI0,204,0.1,_
TP30,MTI2201_MTI0,205,0.1,_
TP30,MTI2201_MTI0,206,0.1,_
TP30,MTI2201_MTI0,207,0.1,_
TP30,MTI2201_MTI0,208,0.1,_
TP30,MTI2201_MTI0,209,0.1,_
TP30,MTI2201_MTI0,210,0.1,_
TP30,NAP2201_NAP0,214,1,_
TP30,NAP2202_NTM0,216,0.5,_
TP30,NAP2202_NTM0,217,0.5,_
TP30,NMA0331_WHL0,729,1,_
TP30,NSY0331_PAE0,651,1,_
TP30,OHA2201_OHA0,636,0.25,_
TP30,OHA2201_OHA0,637,0.25,_
TP30,OHA2201_OHA0,638,0.25,_
TP30,OHA2201_OHA0,639,0.25,_
TP30,OHB2201_OHB0,641,0.25,_
TP30,OHB2201_OHB0,642,0.25,_
TP30,OHB2201_OHB0,643,0.25,_
TP30,OHB2201_OHB0,644,0.25,_
TP30,OHC2201_OHC0,646,0.25,_
TP30,OHC2201_OHC0,647,0.25,_
TP30,OHC2201_OHC0,648,0.25,_
TP30,OHC2201_OHC0,649,0.25,_
TP30,OHK2201_OHK0,219,0.25,_
TP30,OHK2201_OHK0,220,0.25,_
TP30,OHK2201_OHK0,221,0.25,_
TP30,OHK2201_OHK0,222,0.25,_
TP30,OKI2201_OKI0,228,0.099099099,_
TP30,OKI2201_OKI0,230,0.450450451,_
TP30,OKI2201_OKI0,231,0.450450451,_
TP30,PEN0331,81,1,_
TP30,PPI2201_PPI0,241,1,_
TP30,PRM0331,465,1,_
TP30,ROT1101_WHE0,272,1,_
TP30,ROX1101_ROX0,714,0.333333333,_
TP30,ROX1101_ROX0,715,0.333333333,_
TP30,ROX1101_ROX0,716,0.333333333,_
TP30,ROX2201_ROX0,717,0.2,_
TP30,ROX2201_ROX0,718,0.2,_
TP30,ROX2201_ROX0,719,0.2,_
TP30,ROX2201_ROX0,720,0.2,_
TP30,ROX2201_ROX0,721,0.2,_
TP30,RPO2201_RPO0,386,0.5,_
TP30,RPO2201_RPO0,387,0.5,_
TP30,SFD2201_SFD21,340,1,_
TP30,SFD2201_SFD22,341,1,_
TP30,SFD2201_SPL0,346,1,_
TP30,STK0661_COB0,491,1,_
TP30,TGA0331_KMI0,183,1,_
TP30,THI2201_THI1,253,1,_
TP30,THI2201_THI2,254,1,_
TP30,TKA0111_TKA1,560,1,_
TP30,TKB2201_TKB1,655,0.5,_
TP30,TKB2201_TKB1,656,0.5,_
TP30,TKU2201_TKU0,391,0.25,_
TP30,TKU2201_TKU0,392,0.25,_
TP30,TKU2201_TKU0,393,0.25,_
TP30,TKU2201_TKU0,394,0.25,_
TP30,TUI1101_KTW0,298,0.5,_
TP30,TUI1101_KTW0,299,0.5,_
TP30,TUI1101_PRI0,300,0.5,_
TP30,TUI1101_PRI0,301,0.5,_
TP30,TUI1101_TUI0,302,0.333333333,_
TP30,TUI1101_TUI0,303,0.333333333,_
TP30,TUI1101_TUI0,304,0.333333333,_
TP30,TWC2201_NZW0,404,1,_
TP30,TWC2201_TWF0,405,1,_
TP30,TWH0331_TRC1,142,1,_
TP30,TWH0331_TUK0,147,1,_
TP30,WDV1101_TAP0,389,1,_
TP30,WGN0331,411,1,_
TP30,WHI0111,306,1,_
TP30,WHI2201_WHI0,307,0.333333333,_
TP30,WHI2201_WHI0,308,0.333333333,_
TP30,WHI2201_WHI0,309,0.333333333,_
TP30,WHU0331,150,1,_
TP30,WIL0331_MCK0,482,1,_
TP30,WKM2201_MOK0,198,0.524257784,_
TP30,WKM2201_MOK0,199,0.475742216,_
TP30,WKM2201_WKM0,274,0.25,_
TP30,WKM2201_WKM0,275,0.25,_
TP30,WKM2201_WKM0,276,0.25,_
TP30,WKM2201_WKM0,277,0.25,_
TP30,WKO0331,152,1,_
TP30,WPA2201_WPA0,283,1,_
TP30,WRK0331_RKA0,740,1,_
TP30,WRK0331_TAA0,248,1,_
TP30,WRK2201_WRK0,285,0.340664962,_
TP30,WRK2201_WRK0,286,0.170332481,_
TP30,WRK2201_WRK0,287,0.19028133,_
TP30,WRK2201_WRK0,288,0.211764706,_
TP30,WRK2201_WRK0,289,0.086956522,_
TP30,WTK0111_WTK0,660,1,_
TP30,WWD1102_WWD0,479,1,_
TP30,WWD1103_WWD0,744,1,_
TP30,KAW0112_DLS0,176,1,_
TP30,KAW0113_DLS1,178,1,_
TP30,ABY0111,541,1,_
TP30,ALB0331,4,1,_
TP30,ALB1101,41,1,_
TP30,APS0111,569,1,_
TP30,ARG1101,487,1,_
TP30,ASB0331,543,1,_
TP30,ASB0661,544,1,_
TP30,ASY0111,520,0.5,_
TP30,ASY0111,748,0.5,_
TP30,ATU1101,488,1,_
TP30,BAL0331,669,1,_
TP30,BDE0111,671,1,_
TP30,BLN0331,489,1,_
TP30,BOB0331,45,1,_
TP30,BPD1101,618,1,_
TP30,BPE0331,357,1,_
TP30,BPE0551,358,0.5,_
TP30,BPE0551,359,0.5,_
TP30,BPT1101,619,1,_
TP30,BRB0331,8,1,_
TP30,BRK0331,315,1,_
TP30,BRY0661,549,1,_
TP30,BWK1101,673,1,_
TP30,CBG0111,105,1,_
TP30,CLH0111,572,1,_
TP30,CML0331,620,1,_
TP30,COL0111,575,1,_
TP30,COL0661,576,1,_
TP30,CPK0111,416,0.5,_
TP30,CPK0111,417,0.5,_
TP30,CST0331,317,1,_
TP30,CUL0331,493,1,_
TP30,CUL0661,494,1,_
TP30,CYD0331,678,1,_
TP30,CYD2201,679,1,_
TP30,DOB0331,579,1,_
TP30,DVK0111,366,1,_
TP30,EDG0331,168,1,_
TP30,EDN0331,680,1,_
TP30,FHL0331,293,1,_
TP30,FKN0331,628,1,_
TP30,GFD0331,426,1,_
TP30,GLN0331,733,1,_
TP30,GLN0332,51,1,_
TP30,GOR0331,682,1,_
TP30,GYM0661,585,1,_
TP30,GYT0331,429,1,_
TP30,HAM0111,108,1,_
TP30,HAM0551,110,1,_
TP30,HAM0551,5032,0,_
TP30,HAY0111,434,1,_
TP30,HAY0331,443,1,_
TP30,HEN0331,12,1,_
TP30,HEP0331,17,1,_
TP30,HKK0661,587,1,_
TP30,HLY0331,121,1,_
TP30,HOB1101,56,1,_
TP30,HOR0331,589,1,_
TP30,HOR0661,590,1,_
TP30,HTI0331,123,1,_
TP30,HUI0331,319,1,_
TP30,HWA0331,321,1,_
TP30,HWA0332,742,1,_
TP30,HWA1101,322,1,_
TP30,HWA1102,322,1,_
TP30,HWB0331,688,1,_
TP30,HWB0332,753,1,_
TP30,HWB1101,693,1,_
TP30,INV0331,696,1,_
TP30,ISL0661,526,1,_
TP30,KAI0111,531,1,_
TP30,KAW0112,176,1,_
TP30,KAW1101,181,1,_
TP30,KBY0661,591,1,_
TP30,KBY0662,591,1,_
TP30,KIK0111,745,1,_
TP30,KIN0111,126,1,_
TP30,KIN0112,125,1,_
TP30,KIN0113,738,1,_
TP30,KMO0331,187,1,_
TP30,KOE1101,20,1,_
TP30,KPA1101,324,1,_
TP30,KUM0661,593,1,_
TP30,KWA0111,451,1,_
TP30,LFD1101,192,1,_
TP30,LFD1102,192,1,_
TP30,LTN0331,370,1,_
TP30,MAN2201,701,1,_
TP30,MAT1101,156,0.909090909,_
TP30,MAT1101,197,0.090909091,_
TP30,MCH0111,503,1,_
TP30,MER0331,60,1,_
TP30,MGM0331,454,1,_
TP30,MHO0331,374,1,_
TP30,MKE1101,325,0.5,_
TP30,MKE1101,326,0.5,_
TP30,MLG0111,456,1,_
TP30,MLG0331,457,1,_
TP30,MNG0331,61,1,_
TP30,MNG1101,62,1,_
TP30,MNI0111,328,1,_
TP30,MST0331,460,1,_
TP30,MTM0331,212,1,_
TP30,MTN0331,377,1,_
TP30,MTO0331,28,1,_
TP30,MTR0331,380,1,_
TP30,NAP2201,214,1,_
TP30,NAP2202,215,1,_
TP30,NMA0331,711,1,_
TP30,NPK0331,382,1,_
TP30,NPL0331,331,1,_
TP30,NSY0331,632,1,_
TP30,OAM0331,634,1,_
TP30,OKN0111,384,1,_
TP30,ONG0331,137,1,_
TP30,OPK0331,335,1,_
TP30,ORO1101,507,1,_
TP30,ORO1102,508,1,_
TP30,OTA0221,66,1,_
TP30,OTI0111,595,1,_
TP30,OWH0111,239,1,_
TP30,PAK0331,75,1,_
TP30,PAO1101,139,1,_
TP30,PEN0221,79,1,_
TP30,PEN0251,80,1,_
TP30,PEN1101,56,0.190798081,_
TP30,PEN1101,58,0.645660707,_
TP30,PEN1101,88,0.163541212,_
TP30,PNI0331,462,1,_
TP30,PPI2201,241,0.5,_
TP30,PPI2201,242,0.5,_
TP30,RDF0331,295,1,_
TP30,RFN1101,506,1,_
TP30,RFN1102,505,1,_
TP30,ROS0221,89,1,_
TP30,ROS1101,90,1,_
TP30,ROT0111,245,1,_
TP30,ROT0331,246,1,_
TP30,ROT1101,247,1,_
TP30,SBK0331,533,1,_
TP30,SBK0661,534,1,_
TP30,SDN0331,725,1,_
TP30,SFD0331,342,1,_
TP30,SFD2201,345,1,_
TP30,STK0331,511,1,_
TP30,STK0661,512,1,_
TP30,STU0111,653,1,_
TP30,SVL0331,32,1,_
TP30,SWN0251,36,1,_
TP30,SWN2201,37,1,_
TP30,TAK0331,91,1,_
TP30,TGA0111,250,1,_
TP30,TGA0331,251,1,_
TP30,THI2201,255,1,_
TP30,TIM0111,556,1,_
TP30,TKA0331,561,1,_
TP30,TKH0111,256,1,_
TP30,TKR0331,470,1,_
TP30,TKU0331,395,1,_
TP30,TMI0331,258,1,_
TP30,TMK0331,563,1,_
TP30,TMN0551,397,0.5,_
TP30,TMN0551,398,0.5,_
TP30,TMU0111,140,1,_
TP30,TNG0111,400,1,_
TP30,TNG0551,401,0.5,_
TP30,TNG0551,402,0.5,_
TP30,TRK0111,260,1,_
TP30,TUI1101,305,1,_
TP30,TWC2201,406,1,_
TP30,TWH0331,143,0.253164557,_
TP30,TWH0331,148,0.746835443,_
TP30,TWI2201,728,1,_
TP30,TWZ0331,658,1,_
TP30,UHT0331,472,1,_
TP30,WAI0111,269,1,_
TP30,WDV0111,409,1,_
TP30,WDV1101,410,1,_
TP30,WEL0331,38,1,_
TP30,WHI2201,310,1,_
TP30,WIL0331,475,1,_
TP30,WIR0331,94,1,_
TP30,WKM2201,278,1,_
TP30,WPR0331,535,1,_
TP30,WPR0661,536,1,_
TP30,WPT0111,518,1,_
TP30,WPW0331,413,1,_
TP30,WRD0331,41,1,_
TP30,WRK0331,290,1,_
TP30,WTK0111,660,1,_
TP30,WTK0331,5159,1,_
TP30,WTU0331,311,1,_
TP30,WVY0111,352,1,_
TP30,WWD1102,481,1,_
TP30,WWD1103,480,1,_
TP30,ABY1101,542,1,_
TP30,ALB2201,7,1,_
TP30,APS0661,570,1,_
TP30,ARA2201,163,1,_
TP30,ARI1101,737,1,_
TP30,ARI1102,101,1,_
TP30,ASB2201,545,1,_
TP30,ASY0661,521,1,_
TP30,ATI2201,164,1,_
TP30,AVI2201,603,1,_
TP30,BAL1101,670,1,_
TP30,BDE1101,672,1,_
TP30,BEN2201,617,1,_
TP30,BEN2202,617,1,_
TP30,BEN3502,615,1,_
TP30,BEN3503,616,1,_
TP30,BHL2201,47,1,_
TP30,BHL2202,48,1,_
TP30,BLN1101,490,1,_
TP30,BPC1101,598,1,_
TP30,BPE1101,363,1,_
TP30,BPE2201,364,1,_
TP30,BRB2201,9,1,_
TP30,BRK2201,316,1,_
TP30,BRK2202,316,1,_
TP30,BRY2201,553,1,_
TP30,CBG1101,107,1,_
TP30,CBG1102,106,1,_
TP30,CLH0661,573,1,_
TP30,CML1101,625,1,_
TP30,CML1102,624,1,_
TP30,CML2201,627,1,_
TP30,CML2202,626,1,_
TP30,CPK1101,419,1,_
TP30,CPK1102,420,1,_
TP30,CPK1103,421,1,_
TP30,CST1101,318,1,_
TP30,CUL2202,495,1,_
TP30,CUL2203,496,1,_
TP30,DOB0661,580,1,_
TP30,DOB1101,584,1,_
TP30,DOB1102,583,1,_
TP30,DRY2201,49,1,_
TP30,DRY2202,49,1,_
TP30,DVK1101,367,1,_
TP30,DVK1102,368,1,_
TP30,EDG1101,171,1,_
TP30,EDG1102,171,1,_
TP30,EDG2201,172,1,_
TP30,EDN1101,681,1,_
TP30,FHL1101,294,1,_
TP30,FKN1101,630,1,_
TP30,FKN1102,629,1,_
TP30,GFD1101,428,1,_
TP30,GFD1102,427,1,_
TP30,GLN2201,53,1,_
TP30,GNY1101,597,1,_
TP30,GOR1101,683,1,_
TP30,GOR1102,683,1,_
TP30,GYT1101,430,1,_
TP30,GYT1102,431,1,_
TP30,HAM1101,112,1,_
TP30,HAM2201,113,1,_
TP30,HAY1101,447,1,_
TP30,HAY2201,450,1,_
TP30,HAY3502,449,1,_
TP30,HAY3503,448,1,_
TP30,HEN1101,15,1,_
TP30,HEN2201,16,1,_
TP30,HEP1101,18,1,_
TP30,HIN1101,115,1,_
TP30,HLY2201,116,1,_
TP30,HOB2201,57,1,_
TP30,HPI2201,19,1,_
TP30,HPI2202,19,1,_
TP30,HTI1101,124,1,_
TP30,HUI1101,320,1,_
TP30,HWA1001,322,1,_
TP30,HWB2201,694,1,_
TP30,IGH1101,497,1,_
TP30,INV1101,698,1,_
TP30,INV2201,699,1,_
TP30,INV2202,699,1,_
TP30,ISL2201,530,1,_
TP30,KAI0661,532,1,_
TP30,KAW2201,182,1,_
TP30,KBT0661,567,1,_
TP30,KBT0662,566,1,_
TP30,KIK1101,501,1,_
TP30,KIK2201,502,1,_
TP30,KIN1101,129,1,_
TP30,KIN1102,129,1,_
TP30,KMO1101,190,1,_
TP30,KMO1102,190,1,_
TP30,KMO1103,190,1,_
TP30,KMO2201,191,1,_
TP30,KPO1101,133,1,_
TP30,KPU1101,739,1,_
TP30,KPU1102,5046,1,_
TP30,KWA1101,452,1,_
TP30,KWA1102,453,1,_
TP30,LIV2201,631,1,_
TP30,LTN2201,371,1,_
TP30,LTN2202,372,1,_
TP30,MCH1101,504,1,_
TP30,MDN1101,25,1,_
TP30,MDN2201,26,1,_
TP30,MGM1101,455,1,_
TP30,MHO1101,375,1,_
TP30,MHO1102,376,1,_
TP30,MHT1102,422,1,_
TP30,MHT1103,423,1,_
TP30,MKT1101,314,1,_
TP30,MLG1101,459,1,_
TP30,MLG1102,458,1,_
TP30,MNI1101,329,1,_
TP30,MST1101,461,1,_
TP30,MTI2201,211,1,_
TP30,MTM1101,213,1,_
TP30,MTN1101,379,1,_
TP30,MTN1102,378,1,_
TP30,MTO1101,29,1,_
TP30,MTO1102,30,1,_
TP30,MTR1101,381,1,_
TP30,MVE1101,102,1,_
TP30,MVE1102,103,1,_
TP30,NGA1101,31,1,_
TP30,NMA2201,712,1,_
TP30,NPK1101,383,1,_
TP30,NPL1101,333,1,_
TP30,NPL2201,334,1,_
TP30,NSY2201,633,1,_
TP30,OAM1101,635,1,_
TP30,OAM1102,752,1,_
TP30,OHA2201,640,1,_
TP30,OHB2201,645,1,_
TP30,OHC2201,650,1,_
TP30,OHK2201,223,1,_
TP30,OHW2201,136,1,_
TP30,OHW2202,136,1,_
TP30,OKE1101,224,1,_
TP30,OKI2201,227,0.5,_
TP30,OKI2201,229,0.5,_
TP30,OKN1101,385,1,_
TP30,ONG1101,138,1,_
TP30,OPI2201,540,1,_
TP30,OPI2202,539,1,_
TP30,OPK1101,743,1,_
TP30,OPK1102,336,1,_
TP30,OTA1103,70,1,_
TP30,OTA1104,734,1,_
TP30,OTA1105,70,1,_
TP30,OTA1106,734,1,_
TP30,OTA1107,70,1,_
TP30,OTA1108,734,1,_
TP30,OTA1109,70,1,_
TP30,OTA110A,734,1,_
TP30,OTA2201,72,1,_
TP30,OTA2202,73,1,_
TP30,OTA2203,71,1,_
TP30,OTI0661,596,1,_
TP30,OWH1101,240,1,_
TP30,PAK2201,76,1,_
TP30,PEN0222,79,1,_
TP30,PEN2201,87,1,_
TP30,PIE1101,173,1,_
TP30,PNI1101,463,1,_
TP30,PNI1102,464,1,_
TP30,PRM2201,468,1,_
TP30,PRM2202,469,1,_
TP30,PRT2201,425,1,_
TP30,PRT2202,424,1,_
TP30,RDF1101,296,1,_
TP30,RDF1102,296,1,_
TP30,RDF2201,297,1,_
TP30,RFC1101,483,1,_
TP30,ROT1102,247,1,_
TP30,ROX1101,723,1,_
TP30,ROX2201,724,1,_
TP30,RPO2201,388,1,_
TP30,RTO1101,104,1,_
TP30,RTR1101,365,1,_
TP30,SDN2201,726,1,_
TP30,SFD1101,344,1,_
TP30,STK1101,515,1,_
TP30,STK2201,516,1,_
TP30,STU1101,654,1,_
TP30,SVL2201,33,1,_
TP30,SVL2202,34,1,_
TP30,TAK2201,92,1,_
TP30,TAK2202,93,1,_
TP30,TGA1101,252,1,_
TP30,TIM1101,557,1,_
TP30,TIM2201,559,1,_
TP30,TIM2202,558,1,_
TP30,TKA0111,560,1,_
TP30,TKA1101,562,1,_
TP30,TKB2201,657,1,_
TP30,TKH0501,257,1,_
TP30,TKR1101,471,1,_
TP30,TKU2201,396,1,_
TP30,TMH2201,727,1,_
TP30,TMI1101,259,1,_
TP30,TMK1101,5152,1,_
TP30,TMK1102,565,1,_
TP30,TMN2201,399,1,_
TP30,TMU1101,141,1,_
TP30,TNG2201,403,1,_
TP30,TRK1101,267,1,_
TP30,TRK1102,267,1,_
TP30,TRK2201,268,1,_
TP30,TWH2201,149,1,_
TP30,TWT2201,369,1,_
TP30,TWZ2201,659,1,_
TP30,TWZ2202,659,1,_
TP30,UHT1101,473,1,_
TP30,WAI0501,270,1,_
TP30,WAI1101,271,1,_
TP30,WDV1102,410,1,_
TP30,WEL1101,40,1,_
TP30,WEL1102,39,1,_
TP30,WGN1101,412,1,_
TP30,WHU1101,151,1,_
TP30,WIL1101,477,1,_
TP30,WIL2201,478,1,_
TP30,WIR1101,95,1,_
TP30,WIR1102,736,1,_
TP30,WKM2202,282,1,_
TP30,WKO1101,153,1,_
TP30,WMG1101,746,1,_
TP30,WMG1102,517,1,_
TP30,WPA2201,284,1,_
TP30,WPR2202,538,1,_
TP30,WPR2203,537,1,_
TP30,WPT1101,747,1,_
TP30,WPT1102,519,1,_
TP30,WPW1101,414,1,_
TP30,WPW1102,415,1,_
TP30,WRD2201,44,1,_
TP30,WRK2201,292,1,_
TP30,WTK1101,666,1,_
TP30,WTK1102,667,1,_
TP30,WTK2201,668,1,_
TP30,WTU2201,741,1,_
TP30,WTU2202,312,1,_
TP30,WVY1101,353,1,_
TP31,ARA2201_ARA0,160,0.333333333,_
TP31,ARA2201_ARA0,161,0.333333333,_
TP31,ARA2201_ARA0,162,0.333333333,_
TP31,ARG1101_BRR0,486,1,_
TP31,ARI1101_ARI0,100,0.25,_
TP31,ARI1101_ARI0,97,0.25,_
TP31,ARI1101_ARI0,98,0.25,_
TP31,ARI1101_ARI0,99,0.25,_
TP31,ARI1102_ARI0,96,1,_
TP31,ASB0661_HBK0,554,1,_
TP31,ATI2201_ATI0,164,1,_
TP31,AVI2201_AVI0,599,0.25,_
TP31,AVI2201_AVI0,600,0.25,_
TP31,AVI2201_AVI0,601,0.25,_
TP31,AVI2201_AVI0,602,0.25,_
TP31,BEN2202_BEN0,606,0.166666667,_
TP31,BEN2202_BEN0,607,0.166666667,_
TP31,BEN2202_BEN0,608,0.166666667,_
TP31,BEN2202_BEN0,609,0.166666667,_
TP31,BEN2202_BEN0,610,0.166666667,_
TP31,BEN2202_BEN0,611,0.166666667,_
TP31,BOB1101,46,1,_
TP31,BPE0331_TWF0,408,1,_
TP31,BWK1101_WPI0,731,1,_
TP31,COL0661_COL0,574,0.447368421,_
TP31,COL0661_COL0,750,0.552631579,_
TP31,CPK0331,418,1,_
TP31,CYD2201_CYD0,674,0.25,_
TP31,CYD2201_CYD0,675,0.25,_
TP31,CYD2201_CYD0,676,0.25,_
TP31,CYD2201_CYD0,677,0.25,_
TP31,GLN0332_GLN0,50,1,_
TP31,HAM0331,109,1,_
TP31,HIN0331,114,1,_
TP31,HLY2201_HLY1,119,1,_
TP31,HLY2201_HLY2,118,1,_
TP31,HLY2201_HLY5,120,1,_
TP31,HLY2201_HLY6,117,1,_
TP31,HWA1101_PTA1,337,1,_
TP31,HWA1101_PTA2,337,1,_
TP31,HWA1101_PTA3,337,1,_
TP31,HWA1102_WAA0,348,0.416909621,_
TP31,HWA1102_WAA0,350,0.583090379,_
TP31,HWA1102_WAA1,348,0.416909621,_
TP31,HWA1102_WAA1,350,0.583090379,_
TP31,HWB0331_MAH0,700,1,_
TP31,HWB0331_WPI0,730,1,_
TP31,ISL0331,525,1,_
TP31,KAW0111,179,1,_
TP31,KAW0112_ONU0,235,0.29467381,_
TP31,KAW0112_ONU0,236,0.204853451,_
TP31,KAW0112_ONU0,237,0.126063662,_
TP31,KAW0112_ONU0,238,0.374409077,_
TP31,KAW0113,178,1,_
TP31,KAW1101_KAG0,174,1,_
TP31,KIN0112_KIN0,125,1,_
TP31,KIN0331,127,1,_
TP31,KPA1101_KPI1,323,1,_
TP31,KPO1101_KPO0,130,0.333333333,_
TP31,KPO1101_KPO0,131,0.333333333,_
TP31,KPO1101_KPO0,132,0.333333333,_
TP31,KPU0661,134,1,_
TP31,KUM0661_KUM0,593,1,_
TP31,LTN0331_TWF0,407,1,_
TP31,MAN2201_MAN0,702,0.142857143,_
TP31,MAN2201_MAN0,703,0.142857143,_
TP31,MAN2201_MAN0,704,0.142857143,_
TP31,MAN2201_MAN0,705,0.142857143,_
TP31,MAN2201_MAN0,706,0.142857143,_
TP31,MAN2201_MAN0,707,0.142857143,_
TP31,MAN2201_MAN0,708,0.142857143,_
TP31,MAT1101_ANI0,154,0.5,_
TP31,MAT1101_ANI0,155,0.5,_
TP31,MAT1101_MAT0,195,0.5,_
TP31,MAT1101_MAT0,196,0.5,_
TP31,MHO0331_MHO0,373,1,_
TP31,MKE1101_MKE1,325,0.5,_
TP31,MKE1101_MKE1,326,0.5,_
TP31,MPE1101,27,1,_
TP31,MTI2201_MTI0,201,0.1,_
TP31,MTI2201_MTI0,202,0.1,_
TP31,MTI2201_MTI0,203,0.1,_
TP31,MTI2201_MTI0,204,0.1,_
TP31,MTI2201_MTI0,205,0.1,_
TP31,MTI2201_MTI0,206,0.1,_
TP31,MTI2201_MTI0,207,0.1,_
TP31,MTI2201_MTI0,208,0.1,_
TP31,MTI2201_MTI0,209,0.1,_
TP31,MTI2201_MTI0,210,0.1,_
TP31,NAP2201_NAP0,214,1,_
TP31,NAP2202_NTM0,216,0.5,_
TP31,NAP2202_NTM0,217,0.5,_
TP31,NMA0331_WHL0,729,1,_
TP31,NSY0331_PAE0,651,1,_
TP31,OHA2201_OHA0,636,0.25,_
TP31,OHA2201_OHA0,637,0.25,_
TP31,OHA2201_OHA0,638,0.25,_
TP31,OHA2201_OHA0,639,0.25,_
TP31,OHB2201_OHB0,641,0.25,_
TP31,OHB2201_OHB0,642,0.25,_
TP31,OHB2201_OHB0,643,0.25,_
TP31,OHB2201_OHB0,644,0.25,_
TP31,OHC2201_OHC0,646,0.25,_
TP31,OHC2201_OHC0,647,0.25,_
TP31,OHC2201_OHC0,648,0.25,_
TP31,OHC2201_OHC0,649,0.25,_
TP31,OHK2201_OHK0,219,0.25,_
TP31,OHK2201_OHK0,220,0.25,_
TP31,OHK2201_OHK0,221,0.25,_
TP31,OHK2201_OHK0,222,0.25,_
TP31,OKI2201_OKI0,228,0.099099099,_
TP31,OKI2201_OKI0,230,0.450450451,_
TP31,OKI2201_OKI0,231,0.450450451,_
TP31,PEN0331,81,1,_
TP31,PPI2201_PPI0,241,1,_
TP31,PRM0331,465,1,_
TP31,ROT1101_WHE0,272,1,_
TP31,ROX1101_ROX0,714,0.333333333,_
TP31,ROX1101_ROX0,715,0.333333333,_
TP31,ROX1101_ROX0,716,0.333333333,_
TP31,ROX2201_ROX0,717,0.2,_
TP31,ROX2201_ROX0,718,0.2,_
TP31,ROX2201_ROX0,719,0.2,_
TP31,ROX2201_ROX0,720,0.2,_
TP31,ROX2201_ROX0,721,0.2,_
TP31,RPO2201_RPO0,386,0.5,_
TP31,RPO2201_RPO0,387,0.5,_
TP31,SFD2201_SFD21,340,1,_
TP31,SFD2201_SFD22,341,1,_
TP31,SFD2201_SPL0,346,1,_
TP31,STK0661_COB0,491,1,_
TP31,TGA0331_KMI0,183,1,_
TP31,THI2201_THI1,253,1,_
TP31,THI2201_THI2,254,1,_
TP31,TKA0111_TKA1,560,1,_
TP31,TKB2201_TKB1,655,0.5,_
TP31,TKB2201_TKB1,656,0.5,_
TP31,TKU2201_TKU0,391,0.25,_
TP31,TKU2201_TKU0,392,0.25,_
TP31,TKU2201_TKU0,393,0.25,_
TP31,TKU2201_TKU0,394,0.25,_
TP31,TUI1101_KTW0,298,0.5,_
TP31,TUI1101_KTW0,299,0.5,_
TP31,TUI1101_PRI0,300,0.5,_
TP31,TUI1101_PRI0,301,0.5,_
TP31,TUI1101_TUI0,302,0.333333333,_
TP31,TUI1101_TUI0,303,0.333333333,_
TP31,TUI1101_TUI0,304,0.333333333,_
TP31,TWC2201_NZW0,404,1,_
TP31,TWC2201_TWF0,405,1,_
TP31,TWH0331_TRC1,142,1,_
TP31,TWH0331_TUK0,147,1,_
TP31,WDV1101_TAP0,389,1,_
TP31,WGN0331,411,1,_
TP31,WHI0111,306,1,_
TP31,WHI2201_WHI0,307,0.333333333,_
TP31,WHI2201_WHI0,308,0.333333333,_
TP31,WHI2201_WHI0,309,0.333333333,_
TP31,WHU0331,150,1,_
TP31,WIL0331_MCK0,482,1,_
TP31,WKM2201_MOK0,198,0.524257784,_
TP31,WKM2201_MOK0,199,0.475742216,_
TP31,WKM2201_WKM0,274,0.25,_
TP31,WKM2201_WKM0,275,0.25,_
TP31,WKM2201_WKM0,276,0.25,_
TP31,WKM2201_WKM0,277,0.25,_
TP31,WKO0331,152,1,_
TP31,WPA2201_WPA0,283,1,_
TP31,WRK0331_RKA0,740,1,_
TP31,WRK0331_TAA0,248,1,_
TP31,WRK2201_WRK0,285,0.340664962,_
TP31,WRK2201_WRK0,286,0.170332481,_
TP31,WRK2201_WRK0,287,0.19028133,_
TP31,WRK2201_WRK0,288,0.211764706,_
TP31,WRK2201_WRK0,289,0.086956522,_
TP31,WTK0111_WTK0,660,1,_
TP31,WWD1102_WWD0,479,1,_
TP31,WWD1103_WWD0,744,1,_
TP31,KAW0112_DLS0,176,1,_
TP31,KAW0113_DLS1,178,1,_
TP31,ABY0111,541,1,_
TP31,ALB0331,4,1,_
TP31,ALB1101,41,1,_
TP31,APS0111,569,1,_
TP31,ARG1101,487,1,_
TP31,ASB0331,543,1,_
TP31,ASB0661,544,1,_
TP31,ASY0111,520,0.5,_
TP31,ASY0111,748,0.5,_
TP31,ATU1101,488,1,_
TP31,BAL0331,669,1,_
TP31,BDE0111,671,1,_
TP31,BLN0331,489,1,_
TP31,BOB0331,45,1,_
TP31,BPD1101,618,1,_
TP31,BPE0331,357,1,_
TP31,BPE0551,358,0.5,_
TP31,BPE0551,359,0.5,_
TP31,BPT1101,619,1,_
TP31,BRB0331,8,1,_
TP31,BRK0331,315,1,_
TP31,BRY0661,549,1,_
TP31,BWK1101,673,1,_
TP31,CBG0111,105,1,_
TP31,CLH0111,572,1,_
TP31,CML0331,620,1,_
TP31,COL0111,575,1,_
TP31,COL0661,576,1,_
TP31,CPK0111,416,0.5,_
TP31,CPK0111,417,0.5,_
TP31,CST0331,317,1,_
TP31,CUL0331,493,1,_
TP31,CUL0661,494,1,_
TP31,CYD0331,678,1,_
TP31,CYD2201,679,1,_
TP31,DOB0331,579,1,_
TP31,DVK0111,366,1,_
TP31,EDG0331,168,1,_
TP31,EDN0331,680,1,_
TP31,FHL0331,293,1,_
TP31,FKN0331,628,1,_
TP31,GFD0331,426,1,_
TP31,GLN0331,733,1,_
TP31,GLN0332,51,1,_
TP31,GOR0331,682,1,_
TP31,GYM0661,585,1,_
TP31,GYT0331,429,1,_
TP31,HAM0111,108,1,_
TP31,HAM0551,110,1,_
TP31,HAM0551,5032,0,_
TP31,HAY0111,434,1,_
TP31,HAY0331,443,1,_
TP31,HEN0331,12,1,_
TP31,HEP0331,17,1,_
TP31,HKK0661,587,1,_
TP31,HLY0331,121,1,_
TP31,HOB1101,56,1,_
TP31,HOR0331,589,1,_
TP31,HOR0661,590,1,_
TP31,HTI0331,123,1,_
TP31,HUI0331,319,1,_
TP31,HWA0331,321,1,_
TP31,HWA0332,742,1,_
TP31,HWA1101,322,1,_
TP31,HWA1102,322,1,_
TP31,HWB0331,688,1,_
TP31,HWB0332,753,1,_
TP31,HWB1101,693,1,_
TP31,INV0331,696,1,_
TP31,ISL0661,526,1,_
TP31,KAI0111,531,1,_
TP31,KAW0112,176,1,_
TP31,KAW1101,181,1,_
TP31,KBY0661,591,1,_
TP31,KBY0662,591,1,_
TP31,KIK0111,745,1,_
TP31,KIN0111,126,1,_
TP31,KIN0112,125,1,_
TP31,KIN0113,738,1,_
TP31,KMO0331,187,1,_
TP31,KOE1101,20,1,_
TP31,KPA1101,324,1,_
TP31,KUM0661,593,1,_
TP31,KWA0111,451,1,_
TP31,LFD1101,192,1,_
TP31,LFD1102,192,1,_
TP31,LTN0331,370,1,_
TP31,MAN2201,701,1,_
TP31,MAT1101,156,0.909090909,_
TP31,MAT1101,197,0.090909091,_
TP31,MCH0111,503,1,_
TP31,MER0331,60,1,_
TP31,MGM0331,454,1,_
TP31,MHO0331,374,1,_
TP31,MKE1101,325,0.5,_
TP31,MKE1101,326,0.5,_
TP31,MLG0111,456,1,_
TP31,MLG0331,457,1,_
TP31,MNG0331,61,1,_
TP31,MNG1101,62,1,_
TP31,MNI0111,328,1,_
TP31,MST0331,460,1,_
TP31,MTM0331,212,1,_
TP31,MTN0331,377,1,_
TP31,MTO0331,28,1,_
TP31,MTR0331,380,1,_
TP31,NAP2201,214,1,_
TP31,NAP2202,215,1,_
TP31,NMA0331,711,1,_
TP31,NPK0331,382,1,_
TP31,NPL0331,331,1,_
TP31,NSY0331,632,1,_
TP31,OAM0331,634,1,_
TP31,OKN0111,384,1,_
TP31,ONG0331,137,1,_
TP31,OPK0331,335,1,_
TP31,ORO1101,507,1,_
TP31,ORO1102,508,1,_
TP31,OTA0221,66,1,_
TP31,OTI0111,595,1,_
TP31,OWH0111,239,1,_
TP31,PAK0331,75,1,_
TP31,PAO1101,139,1,_
TP31,PEN0221,79,1,_
TP31,PEN0251,80,1,_
TP31,PEN1101,56,0.190798081,_
TP31,PEN1101,58,0.645660707,_
TP31,PEN1101,88,0.163541212,_
TP31,PNI0331,462,1,_
TP31,PPI2201,241,0.5,_
TP31,PPI2201,242,0.5,_
TP31,RDF0331,295,1,_
TP31,RFN1101,506,1,_
TP31,RFN1102,505,1,_
TP31,ROS0221,89,1,_
TP31,ROS1101,90,1,_
TP31,ROT0111,245,1,_
TP31,ROT0331,246,1,_
TP31,ROT1101,247,1,_
TP31,SBK0331,533,1,_
TP31,SBK0661,534,1,_
TP31,SDN0331,725,1,_
TP31,SFD0331,342,1,_
TP31,SFD2201,345,1,_
TP31,STK0331,511,1,_
TP31,STK0661,512,1,_
TP31,STU0111,653,1,_
TP31,SVL0331,32,1,_
TP31,SWN0251,36,1,_
TP31,SWN2201,37,1,_
TP31,TAK0331,91,1,_
TP31,TGA0111,250,1,_
TP31,TGA0331,251,1,_
TP31,THI2201,255,1,_
TP31,TIM0111,556,1,_
TP31,TKA0331,561,1,_
TP31,TKH0111,256,1,_
TP31,TKR0331,470,1,_
TP31,TKU0331,395,1,_
TP31,TMI0331,258,1,_
TP31,TMK0331,563,1,_
TP31,TMN0551,397,0.5,_
TP31,TMN0551,398,0.5,_
TP31,TMU0111,140,1,_
TP31,TNG0111,400,1,_
TP31,TNG0551,401,0.5,_
TP31,TNG0551,402,0.5,_
TP31,TRK0111,260,1,_
TP31,TUI1101,305,1,_
TP31,TWC2201,406,1,_
TP31,TWH0331,143,0.253164557,_
TP31,TWH0331,148,0.746835443,_
TP31,TWI2201,728,1,_
TP31,TWZ0331,658,1,_
TP31,UHT0331,472,1,_
TP31,WAI0111,269,1,_
TP31,WDV0111,409,1,_
TP31,WDV1101,410,1,_
TP31,WEL0331,38,1,_
TP31,WHI2201,310,1,_
TP31,WIL0331,475,1,_
TP31,WIR0331,94,1,_
TP31,WKM2201,278,1,_
TP31,WPR0331,535,1,_
TP31,WPR0661,536,1,_
TP31,WPT0111,518,1,_
TP31,WPW0331,413,1,_
TP31,WRD0331,41,1,_
TP31,WRK0331,290,1,_
TP31,WTK0111,660,1,_
TP31,WTK0331,5159,1,_
TP31,WTU0331,311,1,_
TP31,WVY0111,352,1,_
TP31,WWD1102,481,1,_
TP31,WWD1103,480,1,_
TP31,ABY1101,542,1,_
TP31,ALB2201,7,1,_
TP31,APS0661,570,1,_
TP31,ARA2201,163,1,_
TP31,ARI1101,737,1,_
TP31,ARI1102,101,1,_
TP31,ASB2201,545,1,_
TP31,ASY0661,521,1,_
TP31,ATI2201,164,1,_
TP31,AVI2201,603,1,_
TP31,BAL1101,670,1,_
TP31,BDE1101,672,1,_
TP31,BEN2201,617,1,_
TP31,BEN2202,617,1,_
TP31,BEN3502,615,1,_
TP31,BEN3503,616,1,_
TP31,BHL2201,47,1,_
TP31,BHL2202,48,1,_
TP31,BLN1101,490,1,_
TP31,BPC1101,598,1,_
TP31,BPE1101,363,1,_
TP31,BPE2201,364,1,_
TP31,BRB2201,9,1,_
TP31,BRK2201,316,1,_
TP31,BRK2202,316,1,_
TP31,BRY2201,553,1,_
TP31,CBG1101,107,1,_
TP31,CBG1102,106,1,_
TP31,CLH0661,573,1,_
TP31,CML1101,625,1,_
TP31,CML1102,624,1,_
TP31,CML2201,627,1,_
TP31,CML2202,626,1,_
TP31,CPK1101,419,1,_
TP31,CPK1102,420,1,_
TP31,CPK1103,421,1,_
TP31,CST1101,318,1,_
TP31,CUL2202,495,1,_
TP31,CUL2203,496,1,_
TP31,DOB0661,580,1,_
TP31,DOB1101,584,1,_
TP31,DOB1102,583,1,_
TP31,DRY2201,49,1,_
TP31,DRY2202,49,1,_
TP31,DVK1101,367,1,_
TP31,DVK1102,368,1,_
TP31,EDG1101,171,1,_
TP31,EDG1102,171,1,_
TP31,EDG2201,172,1,_
TP31,EDN1101,681,1,_
TP31,FHL1101,294,1,_
TP31,FKN1101,630,1,_
TP31,FKN1102,629,1,_
TP31,GFD1101,428,1,_
TP31,GFD1102,427,1,_
TP31,GLN2201,53,1,_
TP31,GNY1101,597,1,_
TP31,GOR1101,683,1,_
TP31,GOR1102,683,1,_
TP31,GYT1101,430,1,_
TP31,GYT1102,431,1,_
TP31,HAM1101,112,1,_
TP31,HAM2201,113,1,_
TP31,HAY1101,447,1,_
TP31,HAY2201,450,1,_
TP31,HAY3502,449,1,_
TP31,HAY3503,448,1,_
TP31,HEN1101,15,1,_
TP31,HEN2201,16,1,_
TP31,HEP1101,18,1,_
TP31,HIN1101,115,1,_
TP31,HLY2201,116,1,_
TP31,HOB2201,57,1,_
TP31,HPI2201,19,1,_
TP31,HPI2202,19,1,_
TP31,HTI1101,124,1,_
TP31,HUI1101,320,1,_
TP31,HWA1001,322,1,_
TP31,HWB2201,694,1,_
TP31,IGH1101,497,1,_
TP31,INV1101,698,1,_
TP31,INV2201,699,1,_
TP31,INV2202,699,1,_
TP31,ISL2201,530,1,_
TP31,KAI0661,532,1,_
TP31,KAW2201,182,1,_
TP31,KBT0661,567,1,_
TP31,KBT0662,566,1,_
TP31,KIK1101,501,1,_
TP31,KIK2201,502,1,_
TP31,KIN1101,129,1,_
TP31,KIN1102,129,1,_
TP31,KMO1101,190,1,_
TP31,KMO1102,190,1,_
TP31,KMO1103,190,1,_
TP31,KMO2201,191,1,_
TP31,KPO1101,133,1,_
TP31,KPU1101,739,1,_
TP31,KPU1102,5046,1,_
TP31,KWA1101,452,1,_
TP31,KWA1102,453,1,_
TP31,LIV2201,631,1,_
TP31,LTN2201,371,1,_
TP31,LTN2202,372,1,_
TP31,MCH1101,504,1,_
TP31,MDN1101,25,1,_
TP31,MDN2201,26,1,_
TP31,MGM1101,455,1,_
TP31,MHO1101,375,1,_
TP31,MHO1102,376,1,_
TP31,MHT1102,422,1,_
TP31,MHT1103,423,1,_
TP31,MKT1101,314,1,_
TP31,MLG1101,459,1,_
TP31,MLG1102,458,1,_
TP31,MNI1101,329,1,_
TP31,MST1101,461,1,_
TP31,MTI2201,211,1,_
TP31,MTM1101,213,1,_
TP31,MTN1101,379,1,_
TP31,MTN1102,378,1,_
TP31,MTO1101,29,1,_
TP31,MTO1102,30,1,_
TP31,MTR1101,381,1,_
TP31,MVE1101,102,1,_
TP31,MVE1102,103,1,_
TP31,NGA1101,31,1,_
TP31,NMA2201,712,1,_
TP31,NPK1101,383,1,_
TP31,NPL1101,333,1,_
TP31,NPL2201,334,1,_
TP31,NSY2201,633,1,_
TP31,OAM1101,635,1,_
TP31,OAM1102,752,1,_
TP31,OHA2201,640,1,_
TP31,OHB2201,645,1,_
TP31,OHC2201,650,1,_
TP31,OHK2201,223,1,_
TP31,OHW2201,136,1,_
TP31,OHW2202,136,1,_
TP31,OKE1101,224,1,_
TP31,OKI2201,227,0.5,_
TP31,OKI2201,229,0.5,_
TP31,OKN1101,385,1,_
TP31,ONG1101,138,1,_
TP31,OPI2201,540,1,_
TP31,OPI2202,539,1,_
TP31,OPK1101,743,1,_
TP31,OPK1102,336,1,_
TP31,OTA1103,70,1,_
TP31,OTA1104,734,1,_
TP31,OTA1105,70,1,_
TP31,OTA1106,734,1,_
TP31,OTA1107,70,1,_
TP31,OTA1108,734,1,_
TP31,OTA1109,70,1,_
TP31,OTA110A,734,1,_
TP31,OTA2201,72,1,_
TP31,OTA2202,73,1,_
TP31,OTA2203,71,1,_
TP31,OTI0661,596,1,_
TP31,OWH1101,240,1,_
TP31,PAK2201,76,1,_
TP31,PEN0222,79,1,_
TP31,PEN2201,87,1,_
TP31,PIE1101,173,1,_
TP31,PNI1101,463,1,_
TP31,PNI1102,464,1,_
TP31,PRM2201,468,1,_
TP31,PRM2202,469,1,_
TP31,PRT2201,425,1,_
TP31,PRT2202,424,1,_
TP31,RDF1101,296,1,_
TP31,RDF1102,296,1,_
TP31,RDF2201,297,1,_
TP31,RFC1101,483,1,_
TP31,ROT1102,247,1,_
TP31,ROX1101,723,1,_
TP31,ROX2201,724,1,_
TP31,RPO2201,388,1,_
TP31,RTO1101,104,1,_
TP31,RTR1101,365,1,_
TP31,SDN2201,726,1,_
TP31,SFD1101,344,1,_
TP31,STK1101,515,1,_
TP31,STK2201,516,1,_
TP31,STU1101,654,1,_
TP31,SVL2201,33,1,_
TP31,SVL2202,34,1,_
TP31,TAK2201,92,1,_
TP31,TAK2202,93,1,_
TP31,TGA1101,252,1,_
TP31,TIM1101,557,1,_
TP31,TIM2201,559,1,_
TP31,TIM2202,558,1,_
TP31,TKA0111,560,1,_
TP31,TKA1101,562,1,_
TP31,TKB2201,657,1,_
TP31,TKH0501,257,1,_
TP31,TKR1101,471,1,_
TP31,TKU2201,396,1,_
TP31,TMH2201,727,1,_
TP31,TMI1101,259,1,_
TP31,TMK1101,5152,1,_
TP31,TMK1102,565,1,_
TP31,TMN2201,399,1,_
TP31,TMU1101,141,1,_
TP31,TNG2201,403,1,_
TP31,TRK1101,267,1,_
TP31,TRK1102,267,1,_
TP31,TRK2201,268,1,_
TP31,TWH2201,149,1,_
TP31,TWT2201,369,1,_
TP31,TWZ2201,659,1,_
TP31,TWZ2202,659,1,_
TP31,UHT1101,473,1,_
TP31,WAI0501,270,1,_
TP31,WAI1101,271,1,_
TP31,WDV1102,410,1,_
TP31,WEL1101,40,1,_
TP31,WEL1102,39,1,_
TP31,WGN1101,412,1,_
TP31,WHU1101,151,1,_
TP31,WIL1101,477,1,_
TP31,WIL2201,478,1,_
TP31,WIR1101,95,1,_
TP31,WIR1102,736,1,_
TP31,WKM2202,282,1,_
TP31,WKO1101,153,1,_
TP31,WMG1101,746,1,_
TP31,WMG1102,517,1,_
TP31,WPA2201,284,1,_
TP31,WPR2202,538,1,_
TP31,WPR2203,537,1,_
TP31,WPT1101,747,1,_
TP31,WPT1102,519,1,_
TP31,WPW1101,414,1,_
TP31,WPW1102,415,1,_
TP31,WRD2201,44,1,_
TP31,WRK2201,292,1,_
TP31,WTK1101,666,1,_
TP31,WTK1102,667,1,_
TP31,WTK2201,668,1,_
TP31,WTU2201,741,1,_
TP31,WTU2202,312,1,_
TP31,WVY1101,353,1,_
TP32,ARA2201_ARA0,160,0.333333333,_
TP32,ARA2201_ARA0,161,0.333333333,_
TP32,ARA2201_ARA0,162,0.333333333,_
TP32,ARG1101_BRR0,486,1,_
TP32,ARI1101_ARI0,100,0.25,_
TP32,ARI1101_ARI0,97,0.25,_
TP32,ARI1101_ARI0,98,0.25,_
TP32,ARI1101_ARI0,99,0.25,_
TP32,ARI1102_ARI0,96,1,_
TP32,ASB0661_HBK0,554,1,_
TP32,ATI2201_ATI0,164,1,_
TP32,AVI2201_AVI0,599,0.25,_
TP32,AVI2201_AVI0,600,0.25,_
TP32,AVI2201_AVI0,601,0.25,_
TP32,AVI2201_AVI0,602,0.25,_
TP32,BEN2202_BEN0,606,0.166666667,_
TP32,BEN2202_BEN0,607,0.166666667,_
TP32,BEN2202_BEN0,608,0.166666667,_
TP32,BEN2202_BEN0,609,0.166666667,_
TP32,BEN2202_BEN0,610,0.166666667,_
TP32,BEN2202_BEN0,611,0.166666667,_
TP32,BOB1101,46,1,_
TP32,BPE0331_TWF0,408,1,_
TP32,BWK1101_WPI0,731,1,_
TP32,COL0661_COL0,574,0.447368421,_
TP32,COL0661_COL0,750,0.552631579,_
TP32,CPK0331,418,1,_
TP32,CYD2201_CYD0,674,0.25,_
TP32,CYD2201_CYD0,675,0.25,_
TP32,CYD2201_CYD0,676,0.25,_
TP32,CYD2201_CYD0,677,0.25,_
TP32,GLN0332_GLN0,50,1,_
TP32,HAM0331,109,1,_
TP32,HIN0331,114,1,_
TP32,HLY2201_HLY1,119,1,_
TP32,HLY2201_HLY2,118,1,_
TP32,HLY2201_HLY5,120,1,_
TP32,HLY2201_HLY6,117,1,_
TP32,HWA1101_PTA1,337,1,_
TP32,HWA1101_PTA2,337,1,_
TP32,HWA1101_PTA3,337,1,_
TP32,HWA1102_WAA0,348,0.416909621,_
TP32,HWA1102_WAA0,350,0.583090379,_
TP32,HWA1102_WAA1,348,0.416909621,_
TP32,HWA1102_WAA1,350,0.583090379,_
TP32,HWB0331_MAH0,700,1,_
TP32,HWB0331_WPI0,730,1,_
TP32,ISL0331,525,1,_
TP32,KAW0111,179,1,_
TP32,KAW0112_ONU0,235,0.29467381,_
TP32,KAW0112_ONU0,236,0.204853451,_
TP32,KAW0112_ONU0,237,0.126063662,_
TP32,KAW0112_ONU0,238,0.374409077,_
TP32,KAW0113,178,1,_
TP32,KAW1101_KAG0,174,1,_
TP32,KIN0112_KIN0,125,1,_
TP32,KIN0331,127,1,_
TP32,KPA1101_KPI1,323,1,_
TP32,KPO1101_KPO0,130,0.333333333,_
TP32,KPO1101_KPO0,131,0.333333333,_
TP32,KPO1101_KPO0,132,0.333333333,_
TP32,KPU0661,134,1,_
TP32,KUM0661_KUM0,593,1,_
TP32,LTN0331_TWF0,407,1,_
TP32,MAN2201_MAN0,702,0.142857143,_
TP32,MAN2201_MAN0,703,0.142857143,_
TP32,MAN2201_MAN0,704,0.142857143,_
TP32,MAN2201_MAN0,705,0.142857143,_
TP32,MAN2201_MAN0,706,0.142857143,_
TP32,MAN2201_MAN0,707,0.142857143,_
TP32,MAN2201_MAN0,708,0.142857143,_
TP32,MAT1101_ANI0,154,0.5,_
TP32,MAT1101_ANI0,155,0.5,_
TP32,MAT1101_MAT0,195,0.5,_
TP32,MAT1101_MAT0,196,0.5,_
TP32,MHO0331_MHO0,373,1,_
TP32,MKE1101_MKE1,325,0.5,_
TP32,MKE1101_MKE1,326,0.5,_
TP32,MPE1101,27,1,_
TP32,MTI2201_MTI0,201,0.1,_
TP32,MTI2201_MTI0,202,0.1,_
TP32,MTI2201_MTI0,203,0.1,_
TP32,MTI2201_MTI0,204,0.1,_
TP32,MTI2201_MTI0,205,0.1,_
TP32,MTI2201_MTI0,206,0.1,_
TP32,MTI2201_MTI0,207,0.1,_
TP32,MTI2201_MTI0,208,0.1,_
TP32,MTI2201_MTI0,209,0.1,_
TP32,MTI2201_MTI0,210,0.1,_
TP32,NAP2201_NAP0,214,1,_
TP32,NAP2202_NTM0,216,0.5,_
TP32,NAP2202_NTM0,217,0.5,_
TP32,NMA0331_WHL0,729,1,_
TP32,NSY0331_PAE0,651,1,_
TP32,OHA2201_OHA0,636,0.25,_
TP32,OHA2201_OHA0,637,0.25,_
TP32,OHA2201_OHA0,638,0.25,_
TP32,OHA2201_OHA0,639,0.25,_
TP32,OHB2201_OHB0,641,0.25,_
TP32,OHB2201_OHB0,642,0.25,_
TP32,OHB2201_OHB0,643,0.25,_
TP32,OHB2201_OHB0,644,0.25,_
TP32,OHC2201_OHC0,646,0.25,_
TP32,OHC2201_OHC0,647,0.25,_
TP32,OHC2201_OHC0,648,0.25,_
TP32,OHC2201_OHC0,649,0.25,_
TP32,OHK2201_OHK0,219,0.25,_
TP32,OHK2201_OHK0,220,0.25,_
TP32,OHK2201_OHK0,221,0.25,_
TP32,OHK2201_OHK0,222,0.25,_
TP32,OKI2201_OKI0,228,0.099099099,_
TP32,OKI2201_OKI0,230,0.450450451,_
TP32,OKI2201_OKI0,231,0.450450451,_
TP32,PEN0331,81,1,_
TP32,PPI2201_PPI0,241,1,_
TP32,PRM0331,465,1,_
TP32,ROT1101_WHE0,272,1,_
TP32,ROX1101_ROX0,714,0.333333333,_
TP32,ROX1101_ROX0,715,0.333333333,_
TP32,ROX1101_ROX0,716,0.333333333,_
TP32,ROX2201_ROX0,717,0.2,_
TP32,ROX2201_ROX0,718,0.2,_
TP32,ROX2201_ROX0,719,0.2,_
TP32,ROX2201_ROX0,720,0.2,_
TP32,ROX2201_ROX0,721,0.2,_
TP32,RPO2201_RPO0,386,0.5,_
TP32,RPO2201_RPO0,387,0.5,_
TP32,SFD2201_SFD21,340,1,_
TP32,SFD2201_SFD22,341,1,_
TP32,SFD2201_SPL0,346,1,_
TP32,STK0661_COB0,491,1,_
TP32,TGA0331_KMI0,183,1,_
TP32,THI2201_THI1,253,1,_
TP32,THI2201_THI2,254,1,_
TP32,TKA0111_TKA1,560,1,_
TP32,TKB2201_TKB1,655,0.5,_
TP32,TKB2201_TKB1,656,0.5,_
TP32,TKU2201_TKU0,391,0.25,_
TP32,TKU2201_TKU0,392,0.25,_
TP32,TKU2201_TKU0,393,0.25,_
TP32,TKU2201_TKU0,394,0.25,_
TP32,TUI1101_KTW0,298,0.5,_
TP32,TUI1101_KTW0,299,0.5,_
TP32,TUI1101_PRI0,300,0.5,_
TP32,TUI1101_PRI0,301,0.5,_
TP32,TUI1101_TUI0,302,0.333333333,_
TP32,TUI1101_TUI0,303,0.333333333,_
TP32,TUI1101_TUI0,304,0.333333333,_
TP32,TWC2201_NZW0,404,1,_
TP32,TWC2201_TWF0,405,1,_
TP32,TWH0331_TRC1,142,1,_
TP32,TWH0331_TUK0,147,1,_
TP32,WDV1101_TAP0,389,1,_
TP32,WGN0331,411,1,_
TP32,WHI0111,306,1,_
TP32,WHI2201_WHI0,307,0.333333333,_
TP32,WHI2201_WHI0,308,0.333333333,_
TP32,WHI2201_WHI0,309,0.333333333,_
TP32,WHU0331,150,1,_
TP32,WIL0331_MCK0,482,1,_
TP32,WKM2201_MOK0,198,0.524257784,_
TP32,WKM2201_MOK0,199,0.475742216,_
TP32,WKM2201_WKM0,274,0.25,_
TP32,WKM2201_WKM0,275,0.25,_
TP32,WKM2201_WKM0,276,0.25,_
TP32,WKM2201_WKM0,277,0.25,_
TP32,WKO0331,152,1,_
TP32,WPA2201_WPA0,283,1,_
TP32,WRK0331_RKA0,740,1,_
TP32,WRK0331_TAA0,248,1,_
TP32,WRK2201_WRK0,285,0.340664962,_
TP32,WRK2201_WRK0,286,0.170332481,_
TP32,WRK2201_WRK0,287,0.19028133,_
TP32,WRK2201_WRK0,288,0.211764706,_
TP32,WRK2201_WRK0,289,0.086956522,_
TP32,WTK0111_WTK0,660,1,_
TP32,WWD1102_WWD0,479,1,_
TP32,WWD1103_WWD0,744,1,_
TP32,KAW0112_DLS0,176,1,_
TP32,KAW0113_DLS1,178,1,_
TP32,ABY0111,541,1,_
TP32,ALB0331,4,1,_
TP32,ALB1101,41,1,_
TP32,APS0111,569,1,_
TP32,ARG1101,487,1,_
TP32,ASB0331,543,1,_
TP32,ASB0661,544,1,_
TP32,ASY0111,520,0.5,_
TP32,ASY0111,748,0.5,_
TP32,ATU1101,488,1,_
TP32,BAL0331,669,1,_
TP32,BDE0111,671,1,_
TP32,BLN0331,489,1,_
TP32,BOB0331,45,1,_
TP32,BPD1101,618,1,_
TP32,BPE0331,357,1,_
TP32,BPE0551,358,0.5,_
TP32,BPE0551,359,0.5,_
TP32,BPT1101,619,1,_
TP32,BRB0331,8,1,_
TP32,BRK0331,315,1,_
TP32,BRY0661,549,1,_
TP32,BWK1101,673,1,_
TP32,CBG0111,105,1,_
TP32,CLH0111,572,1,_
TP32,CML0331,620,1,_
TP32,COL0111,575,1,_
TP32,COL0661,576,1,_
TP32,CPK0111,416,0.5,_
TP32,CPK0111,417,0.5,_
TP32,CST0331,317,1,_
TP32,CUL0331,493,1,_
TP32,CUL0661,494,1,_
TP32,CYD0331,678,1,_
TP32,CYD2201,679,1,_
TP32,DOB0331,579,1,_
TP32,DVK0111,366,1,_
TP32,EDG0331,168,1,_
TP32,EDN0331,680,1,_
TP32,FHL0331,293,1,_
TP32,FKN0331,628,1,_
TP32,GFD0331,426,1,_
TP32,GLN0331,733,1,_
TP32,GLN0332,51,1,_
TP32,GOR0331,682,1,_
TP32,GYM0661,585,1,_
TP32,GYT0331,429,1,_
TP32,HAM0111,108,1,_
TP32,HAM0551,110,1,_
TP32,HAM0551,5032,0,_
TP32,HAY0111,434,1,_
TP32,HAY0331,443,1,_
TP32,HEN0331,12,1,_
TP32,HEP0331,17,1,_
TP32,HKK0661,587,1,_
TP32,HLY0331,121,1,_
TP32,HOB1101,56,1,_
TP32,HOR0331,589,1,_
TP32,HOR0661,590,1,_
TP32,HTI0331,123,1,_
TP32,HUI0331,319,1,_
TP32,HWA0331,321,1,_
TP32,HWA0332,742,1,_
TP32,HWA1101,322,1,_
TP32,HWA1102,322,1,_
TP32,HWB0331,688,1,_
TP32,HWB0332,753,1,_
TP32,HWB1101,693,1,_
TP32,INV0331,696,1,_
TP32,ISL0661,526,1,_
TP32,KAI0111,531,1,_
TP32,KAW0112,176,1,_
TP32,KAW1101,181,1,_
TP32,KBY0661,591,1,_
TP32,KBY0662,591,1,_
TP32,KIK0111,745,1,_
TP32,KIN0111,126,1,_
TP32,KIN0112,125,1,_
TP32,KIN0113,738,1,_
TP32,KMO0331,187,1,_
TP32,KOE1101,20,1,_
TP32,KPA1101,324,1,_
TP32,KUM0661,593,1,_
TP32,KWA0111,451,1,_
TP32,LFD1101,192,1,_
TP32,LFD1102,192,1,_
TP32,LTN0331,370,1,_
TP32,MAN2201,701,1,_
TP32,MAT1101,156,0.909090909,_
TP32,MAT1101,197,0.090909091,_
TP32,MCH0111,503,1,_
TP32,MER0331,60,1,_
TP32,MGM0331,454,1,_
TP32,MHO0331,374,1,_
TP32,MKE1101,325,0.5,_
TP32,MKE1101,326,0.5,_
TP32,MLG0111,456,1,_
TP32,MLG0331,457,1,_
TP32,MNG0331,61,1,_
TP32,MNG1101,62,1,_
TP32,MNI0111,328,1,_
TP32,MST0331,460,1,_
TP32,MTM0331,212,1,_
TP32,MTN0331,377,1,_
TP32,MTO0331,28,1,_
TP32,MTR0331,380,1,_
TP32,NAP2201,214,1,_
TP32,NAP2202,215,1,_
TP32,NMA0331,711,1,_
TP32,NPK0331,382,1,_
TP32,NPL0331,331,1,_
TP32,NSY0331,632,1,_
TP32,OAM0331,634,1,_
TP32,OKN0111,384,1,_
TP32,ONG0331,137,1,_
TP32,OPK0331,335,1,_
TP32,ORO1101,507,1,_
TP32,ORO1102,508,1,_
TP32,OTA0221,66,1,_
TP32,OTI0111,595,1,_
TP32,OWH0111,239,1,_
TP32,PAK0331,75,1,_
TP32,PAO1101,139,1,_
TP32,PEN0221,79,1,_
TP32,PEN0251,80,1,_
TP32,PEN1101,56,0.190798081,_
TP32,PEN1101,58,0.645660707,_
TP32,PEN1101,88,0.163541212,_
TP32,PNI0331,462,1,_
TP32,PPI2201,241,0.5,_
TP32,PPI2201,242,0.5,_
TP32,RDF0331,295,1,_
TP32,RFN1101,506,1,_
TP32,RFN1102,505,1,_
TP32,ROS0221,89,1,_
TP32,ROS1101,90,1,_
TP32,ROT0111,245,1,_
TP32,ROT0331,246,1,_
TP32,ROT1101,247,1,_
TP32,SBK0331,533,1,_
TP32,SBK0661,534,1,_
TP32,SDN0331,725,1,_
TP32,SFD0331,342,1,_
TP32,SFD2201,345,1,_
TP32,STK0331,511,1,_
TP32,STK0661,512,1,_
TP32,STU0111,653,1,_
TP32,SVL0331,32,1,_
TP32,SWN0251,36,1,_
TP32,SWN2201,37,1,_
TP32,TAK0331,91,1,_
TP32,TGA0111,250,1,_
TP32,TGA0331,251,1,_
TP32,THI2201,255,1,_
TP32,TIM0111,556,1,_
TP32,TKA0331,561,1,_
TP32,TKH0111,256,1,_
TP32,TKR0331,470,1,_
TP32,TKU0331,395,1,_
TP32,TMI0331,258,1,_
TP32,TMK0331,563,1,_
TP32,TMN0551,397,0.5,_
TP32,TMN0551,398,0.5,_
TP32,TMU0111,140,1,_
TP32,TNG0111,400,1,_
TP32,TNG0551,401,0.5,_
TP32,TNG0551,402,0.5,_
TP32,TRK0111,260,1,_
TP32,TUI1101,305,1,_
TP32,TWC2201,406,1,_
TP32,TWH0331,143,0.253164557,_
TP32,TWH0331,148,0.746835443,_
TP32,TWI2201,728,1,_
TP32,TWZ0331,658,1,_
TP32,UHT0331,472,1,_
TP32,WAI0111,269,1,_
TP32,WDV0111,409,1,_
TP32,WDV1101,410,1,_
TP32,WEL0331,38,1,_
TP32,WHI2201,310,1,_
TP32,WIL0331,475,1,_
TP32,WIR0331,94,1,_
TP32,WKM2201,278,1,_
TP32,WPR0331,535,1,_
TP32,WPR0661,536,1,_
TP32,WPT0111,518,1,_
TP32,WPW0331,413,1,_
TP32,WRD0331,41,1,_
TP32,WRK0331,290,1,_
TP32,WTK0111,660,1,_
TP32,WTK0331,5159,1,_
TP32,WTU0331,311,1,_
TP32,WVY0111,352,1,_
TP32,WWD1102,481,1,_
TP32,WWD1103,480,1,_
TP32,ABY1101,542,1,_
TP32,ALB2201,7,1,_
TP32,APS0661,570,1,_
TP32,ARA2201,163,1,_
TP32,ARI1101,737,1,_
TP32,ARI1102,101,1,_
TP32,ASB2201,545,1,_
TP32,ASY0661,521,1,_
TP32,ATI2201,164,1,_
TP32,AVI2201,603,1,_
TP32,BAL1101,670,1,_
TP32,BDE1101,672,1,_
TP32,BEN2201,617,1,_
TP32,BEN2202,617,1,_
TP32,BEN3502,615,1,_
TP32,BEN3503,616,1,_
TP32,BHL2201,47,1,_
TP32,BHL2202,48,1,_
TP32,BLN1101,490,1,_
TP32,BPC1101,598,1,_
TP32,BPE1101,363,1,_
TP32,BPE2201,364,1,_
TP32,BRB2201,9,1,_
TP32,BRK2201,316,1,_
TP32,BRK2202,316,1,_
TP32,BRY2201,553,1,_
TP32,CBG1101,107,1,_
TP32,CBG1102,106,1,_
TP32,CLH0661,573,1,_
TP32,CML1101,625,1,_
TP32,CML1102,624,1,_
TP32,CML2201,627,1,_
TP32,CML2202,626,1,_
TP32,CPK1101,419,1,_
TP32,CPK1102,420,1,_
TP32,CPK1103,421,1,_
TP32,CST1101,318,1,_
TP32,CUL2202,495,1,_
TP32,CUL2203,496,1,_
TP32,DOB0661,580,1,_
TP32,DOB1101,584,1,_
TP32,DOB1102,583,1,_
TP32,DRY2201,49,1,_
TP32,DRY2202,49,1,_
TP32,DVK1101,367,1,_
TP32,DVK1102,368,1,_
TP32,EDG1101,171,1,_
TP32,EDG1102,171,1,_
TP32,EDG2201,172,1,_
TP32,EDN1101,681,1,_
TP32,FHL1101,294,1,_
TP32,FKN1101,630,1,_
TP32,FKN1102,629,1,_
TP32,GFD1101,428,1,_
TP32,GFD1102,427,1,_
TP32,GLN2201,53,1,_
TP32,GNY1101,597,1,_
TP32,GOR1101,683,1,_
TP32,GOR1102,683,1,_
TP32,GYT1101,430,1,_
TP32,GYT1102,431,1,_
TP32,HAM1101,112,1,_
TP32,HAM2201,113,1,_
TP32,HAY1101,447,1,_
TP32,HAY2201,450,1,_
TP32,HAY3502,449,1,_
TP32,HAY3503,448,1,_
TP32,HEN1101,15,1,_
TP32,HEN2201,16,1,_
TP32,HEP1101,18,1,_
TP32,HIN1101,115,1,_
TP32,HLY2201,116,1,_
TP32,HOB2201,57,1,_
TP32,HPI2201,19,1,_
TP32,HPI2202,19,1,_
TP32,HTI1101,124,1,_
TP32,HUI1101,320,1,_
TP32,HWA1001,322,1,_
TP32,HWB2201,694,1,_
TP32,IGH1101,497,1,_
TP32,INV1101,698,1,_
TP32,INV2201,699,1,_
TP32,INV2202,699,1,_
TP32,ISL2201,530,1,_
TP32,KAI0661,532,1,_
TP32,KAW2201,182,1,_
TP32,KBT0661,567,1,_
TP32,KBT0662,566,1,_
TP32,KIK1101,501,1,_
TP32,KIK2201,502,1,_
TP32,KIN1101,129,1,_
TP32,KIN1102,129,1,_
TP32,KMO1101,190,1,_
TP32,KMO1102,190,1,_
TP32,KMO1103,190,1,_
TP32,KMO2201,191,1,_
TP32,KPO1101,133,1,_
TP32,KPU1101,739,1,_
TP32,KPU1102,5046,1,_
TP32,KWA1101,452,1,_
TP32,KWA1102,453,1,_
TP32,LIV2201,631,1,_
TP32,LTN2201,371,1,_
TP32,LTN2202,372,1,_
TP32,MCH1101,504,1,_
TP32,MDN1101,25,1,_
TP32,MDN2201,26,1,_
TP32,MGM1101,455,1,_
TP32,MHO1101,375,1,_
TP32,MHO1102,376,1,_
TP32,MHT1102,422,1,_
TP32,MHT1103,423,1,_
TP32,MKT1101,314,1,_
TP32,MLG1101,459,1,_
TP32,MLG1102,458,1,_
TP32,MNI1101,329,1,_
TP32,MST1101,461,1,_
TP32,MTI2201,211,1,_
TP32,MTM1101,213,1,_
TP32,MTN1101,379,1,_
TP32,MTN1102,378,1,_
TP32,MTO1101,29,1,_
TP32,MTO1102,30,1,_
TP32,MTR1101,381,1,_
TP32,MVE1101,102,1,_
TP32,MVE1102,103,1,_
TP32,NGA1101,31,1,_
TP32,NMA2201,712,1,_
TP32,NPK1101,383,1,_
TP32,NPL1101,333,1,_
TP32,NPL2201,334,1,_
TP32,NSY2201,633,1,_
TP32,OAM1101,635,1,_
TP32,OAM1102,752,1,_
TP32,OHA2201,640,1,_
TP32,OHB2201,645,1,_
TP32,OHC2201,650,1,_
TP32,OHK2201,223,1,_
TP32,OHW2201,136,1,_
TP32,OHW2202,136,1,_
TP32,OKE1101,224,1,_
TP32,OKI2201,227,0.5,_
TP32,OKI2201,229,0.5,_
TP32,OKN1101,385,1,_
TP32,ONG1101,138,1,_
TP32,OPI2201,540,1,_
TP32,OPI2202,539,1,_
TP32,OPK1101,743,1,_
TP32,OPK1102,336,1,_
TP32,OTA1103,70,1,_
TP32,OTA1104,734,1,_
TP32,OTA1105,70,1,_
TP32,OTA1106,734,1,_
TP32,OTA1107,70,1,_
TP32,OTA1108,734,1,_
TP32,OTA1109,70,1,_
TP32,OTA110A,734,1,_
TP32,OTA2201,72,1,_
TP32,OTA2202,73,1,_
TP32,OTA2203,71,1,_
TP32,OTI0661,596,1,_
TP32,OWH1101,240,1,_
TP32,PAK2201,76,1,_
TP32,PEN0222,79,1,_
TP32,PEN2201,87,1,_
TP32,PIE1101,173,1,_
TP32,PNI1101,463,1,_
TP32,PNI1102,464,1,_
TP32,PRM2201,468,1,_
TP32,PRM2202,469,1,_
TP32,PRT2201,425,1,_
TP32,PRT2202,424,1,_
TP32,RDF1101,296,1,_
TP32,RDF1102,296,1,_
TP32,RDF2201,297,1,_
TP32,RFC1101,483,1,_
TP32,ROT1102,247,1,_
TP32,ROX1101,723,1,_
TP32,ROX2201,724,1,_
TP32,RPO2201,388,1,_
TP32,RTO1101,104,1,_
TP32,RTR1101,365,1,_
TP32,SDN2201,726,1,_
TP32,SFD1101,344,1,_
TP32,STK1101,515,1,_
TP32,STK2201,516,1,_
TP32,STU1101,654,1,_
TP32,SVL2201,33,1,_
TP32,SVL2202,34,1,_
TP32,TAK2201,92,1,_
TP32,TAK2202,93,1,_
TP32,TGA1101,252,1,_
TP32,TIM1101,557,1,_
TP32,TIM2201,559,1,_
TP32,TIM2202,558,1,_
TP32,TKA0111,560,1,_
TP32,TKA1101,562,1,_
TP32,TKB2201,657,1,_
TP32,TKH0501,257,1,_
TP32,TKR1101,471,1,_
TP32,TKU2201,396,1,_
TP32,TMH2201,727,1,_
TP32,TMI1101,259,1,_
TP32,TMK1101,5152,1,_
TP32,TMK1102,565,1,_
TP32,TMN2201,399,1,_
TP32,TMU1101,141,1,_
TP32,TNG2201,403,1,_
TP32,TRK1101,267,1,_
TP32,TRK1102,267,1,_
TP32,TRK2201,268,1,_
TP32,TWH2201,149,1,_
TP32,TWT2201,369,1,_
TP32,TWZ2201,659,1,_
TP32,TWZ2202,659,1,_
TP32,UHT1101,473,1,_
TP32,WAI0501,270,1,_
TP32,WAI1101,271,1,_
TP32,WDV1102,410,1,_
TP32,WEL1101,40,1,_
TP32,WEL1102,39,1,_
TP32,WGN1101,412,1,_
TP32,WHU1101,151,1,_
TP32,WIL1101,477,1,_
TP32,WIL2201,478,1,_
TP32,WIR1101,95,1,_
TP32,WIR1102,736,1,_
TP32,WKM2202,282,1,_
TP32,WKO1101,153,1,_
TP32,WMG1101,746,1,_
TP32,WMG1102,517,1,_
TP32,WPA2201,284,1,_
TP32,WPR2202,538,1,_
TP32,WPR2203,537,1,_
TP32,WPT1101,747,1,_
TP32,WPT1102,519,1,_
TP32,WPW1101,414,1,_
TP32,WPW1102,415,1,_
TP32,WRD2201,44,1,_
TP32,WRK2201,292,1,_
TP32,WTK1101,666,1,_
TP32,WTK1102,667,1,_
TP32,WTK2201,668,1,_
TP32,WTU2201,741,1,_
TP32,WTU2202,312,1,_
TP32,WVY1101,353,1,_
TP33,ARA2201_ARA0,160,0.333333333,_
TP33,ARA2201_ARA0,161,0.333333333,_
TP33,ARA2201_ARA0,162,0.333333333,_
TP33,ARG1101_BRR0,486,1,_
TP33,ARI1101_ARI0,100,0.25,_
TP33,ARI1101_ARI0,97,0.25,_
TP33,ARI1101_ARI0,98,0.25,_
TP33,ARI1101_ARI0,99,0.25,_
TP33,ARI1102_ARI0,96,1,_
TP33,ASB0661_HBK0,554,1,_
TP33,ATI2201_ATI0,164,1,_
TP33,AVI2201_AVI0,599,0.25,_
TP33,AVI2201_AVI0,600,0.25,_
TP33,AVI2201_AVI0,601,0.25,_
TP33,AVI2201_AVI0,602,0.25,_
TP33,BEN2202_BEN0,606,0.166666667,_
TP33,BEN2202_BEN0,607,0.166666667,_
TP33,BEN2202_BEN0,608,0.166666667,_
TP33,BEN2202_BEN0,609,0.166666667,_
TP33,BEN2202_BEN0,610,0.166666667,_
TP33,BEN2202_BEN0,611,0.166666667,_
TP33,BOB1101,46,1,_
TP33,BPE0331_TWF0,408,1,_
TP33,BWK1101_WPI0,731,1,_
TP33,COL0661_COL0,574,0.447368421,_
TP33,COL0661_COL0,750,0.552631579,_
TP33,CPK0331,418,1,_
TP33,CYD2201_CYD0,674,0.25,_
TP33,CYD2201_CYD0,675,0.25,_
TP33,CYD2201_CYD0,676,0.25,_
TP33,CYD2201_CYD0,677,0.25,_
TP33,GLN0332_GLN0,50,1,_
TP33,HAM0331,109,1,_
TP33,HIN0331,114,1,_
TP33,HLY2201_HLY1,119,1,_
TP33,HLY2201_HLY2,118,1,_
TP33,HLY2201_HLY5,120,1,_
TP33,HLY2201_HLY6,117,1,_
TP33,HWA1101_PTA1,337,1,_
TP33,HWA1101_PTA2,337,1,_
TP33,HWA1101_PTA3,337,1,_
TP33,HWA1102_WAA0,348,0.416909621,_
TP33,HWA1102_WAA0,350,0.583090379,_
TP33,HWA1102_WAA1,348,0.416909621,_
TP33,HWA1102_WAA1,350,0.583090379,_
TP33,HWB0331_MAH0,700,1,_
TP33,HWB0331_WPI0,730,1,_
TP33,ISL0331,525,1,_
TP33,KAW0111,179,1,_
TP33,KAW0112_ONU0,235,0.29467381,_
TP33,KAW0112_ONU0,236,0.204853451,_
TP33,KAW0112_ONU0,237,0.126063662,_
TP33,KAW0112_ONU0,238,0.374409077,_
TP33,KAW0113,178,1,_
TP33,KAW1101_KAG0,174,1,_
TP33,KIN0112_KIN0,125,1,_
TP33,KIN0331,127,1,_
TP33,KPA1101_KPI1,323,1,_
TP33,KPO1101_KPO0,130,0.333333333,_
TP33,KPO1101_KPO0,131,0.333333333,_
TP33,KPO1101_KPO0,132,0.333333333,_
TP33,KPU0661,134,1,_
TP33,KUM0661_KUM0,593,1,_
TP33,LTN0331_TWF0,407,1,_
TP33,MAN2201_MAN0,702,0.142857143,_
TP33,MAN2201_MAN0,703,0.142857143,_
TP33,MAN2201_MAN0,704,0.142857143,_
TP33,MAN2201_MAN0,705,0.142857143,_
TP33,MAN2201_MAN0,706,0.142857143,_
TP33,MAN2201_MAN0,707,0.142857143,_
TP33,MAN2201_MAN0,708,0.142857143,_
TP33,MAT1101_ANI0,154,0.5,_
TP33,MAT1101_ANI0,155,0.5,_
TP33,MAT1101_MAT0,195,0.5,_
TP33,MAT1101_MAT0,196,0.5,_
TP33,MHO0331_MHO0,373,1,_
TP33,MKE1101_MKE1,325,0.5,_
TP33,MKE1101_MKE1,326,0.5,_
TP33,MPE1101,27,1,_
TP33,MTI2201_MTI0,201,0.1,_
TP33,MTI2201_MTI0,202,0.1,_
TP33,MTI2201_MTI0,203,0.1,_
TP33,MTI2201_MTI0,204,0.1,_
TP33,MTI2201_MTI0,205,0.1,_
TP33,MTI2201_MTI0,206,0.1,_
TP33,MTI2201_MTI0,207,0.1,_
TP33,MTI2201_MTI0,208,0.1,_
TP33,MTI2201_MTI0,209,0.1,_
TP33,MTI2201_MTI0,210,0.1,_
TP33,NAP2201_NAP0,214,1,_
TP33,NAP2202_NTM0,216,0.5,_
TP33,NAP2202_NTM0,217,0.5,_
TP33,NMA0331_WHL0,729,1,_
TP33,NSY0331_PAE0,651,1,_
TP33,OHA2201_OHA0,636,0.25,_
TP33,OHA2201_OHA0,637,0.25,_
TP33,OHA2201_OHA0,638,0.25,_
TP33,OHA2201_OHA0,639,0.25,_
TP33,OHB2201_OHB0,641,0.25,_
TP33,OHB2201_OHB0,642,0.25,_
TP33,OHB2201_OHB0,643,0.25,_
TP33,OHB2201_OHB0,644,0.25,_
TP33,OHC2201_OHC0,646,0.25,_
TP33,OHC2201_OHC0,647,0.25,_
TP33,OHC2201_OHC0,648,0.25,_
TP33,OHC2201_OHC0,649,0.25,_
TP33,OHK2201_OHK0,219,0.25,_
TP33,OHK2201_OHK0,220,0.25,_
TP33,OHK2201_OHK0,221,0.25,_
TP33,OHK2201_OHK0,222,0.25,_
TP33,OKI2201_OKI0,228,0.099099099,_
TP33,OKI2201_OKI0,230,0.450450451,_
TP33,OKI2201_OKI0,231,0.450450451,_
TP33,PEN0331,81,1,_
TP33,PPI2201_PPI0,241,1,_
TP33,PRM0331,465,1,_
TP33,ROT1101_WHE0,272,1,_
TP33,ROX1101_ROX0,714,0.333333333,_
TP33,ROX1101_ROX0,715,0.333333333,_
TP33,ROX1101_ROX0,716,0.333333333,_
TP33,ROX2201_ROX0,717,0.2,_
TP33,ROX2201_ROX0,718,0.2,_
TP33,ROX2201_ROX0,719,0.2,_
TP33,ROX2201_ROX0,720,0.2,_
TP33,ROX2201_ROX0,721,0.2,_
TP33,RPO2201_RPO0,386,0.5,_
TP33,RPO2201_RPO0,387,0.5,_
TP33,SFD2201_SFD21,340,1,_
TP33,SFD2201_SFD22,341,1,_
TP33,SFD2201_SPL0,346,1,_
TP33,STK0661_COB0,491,1,_
TP33,TGA0331_KMI0,183,1,_
TP33,THI2201_THI1,253,1,_
TP33,THI2201_THI2,254,1,_
TP33,TKA0111_TKA1,560,1,_
TP33,TKB2201_TKB1,655,0.5,_
TP33,TKB2201_TKB1,656,0.5,_
TP33,TKU2201_TKU0,391,0.25,_
TP33,TKU2201_TKU0,392,0.25,_
TP33,TKU2201_TKU0,393,0.25,_
TP33,TKU2201_TKU0,394,0.25,_
TP33,TUI1101_KTW0,298,0.5,_
TP33,TUI1101_KTW0,299,0.5,_
TP33,TUI1101_PRI0,300,0.5,_
TP33,TUI1101_PRI0,301,0.5,_
TP33,TUI1101_TUI0,302,0.333333333,_
TP33,TUI1101_TUI0,303,0.333333333,_
TP33,TUI1101_TUI0,304,0.333333333,_
TP33,TWC2201_NZW0,404,1,_
TP33,TWC2201_TWF0,405,1,_
TP33,TWH0331_TRC1,142,1,_
TP33,TWH0331_TUK0,147,1,_
TP33,WDV1101_TAP0,389,1,_
TP33,WGN0331,411,1,_
TP33,WHI0111,306,1,_
TP33,WHI2201_WHI0,307,0.333333333,_
TP33,WHI2201_WHI0,308,0.333333333,_
TP33,WHI2201_WHI0,309,0.333333333,_
TP33,WHU0331,150,1,_
TP33,WIL0331_MCK0,482,1,_
TP33,WKM2201_MOK0,198,0.524257784,_
TP33,WKM2201_MOK0,199,0.475742216,_
TP33,WKM2201_WKM0,274,0.25,_
TP33,WKM2201_WKM0,275,0.25,_
TP33,WKM2201_WKM0,276,0.25,_
TP33,WKM2201_WKM0,277,0.25,_
TP33,WKO0331,152,1,_
TP33,WPA2201_WPA0,283,1,_
TP33,WRK0331_RKA0,740,1,_
TP33,WRK0331_TAA0,248,1,_
TP33,WRK2201_WRK0,285,0.340664962,_
TP33,WRK2201_WRK0,286,0.170332481,_
TP33,WRK2201_WRK0,287,0.19028133,_
TP33,WRK2201_WRK0,288,0.211764706,_
TP33,WRK2201_WRK0,289,0.086956522,_
TP33,WTK0111_WTK0,660,1,_
TP33,WWD1102_WWD0,479,1,_
TP33,WWD1103_WWD0,744,1,_
TP33,KAW0112_DLS0,176,1,_
TP33,KAW0113_DLS1,178,1,_
TP33,ABY0111,541,1,_
TP33,ALB0331,4,1,_
TP33,ALB1101,41,1,_
TP33,APS0111,569,1,_
TP33,ARG1101,487,1,_
TP33,ASB0331,543,1,_
TP33,ASB0661,544,1,_
TP33,ASY0111,520,0.5,_
TP33,ASY0111,748,0.5,_
TP33,ATU1101,488,1,_
TP33,BAL0331,669,1,_
TP33,BDE0111,671,1,_
TP33,BLN0331,489,1,_
TP33,BOB0331,45,1,_
TP33,BPD1101,618,1,_
TP33,BPE0331,357,1,_
TP33,BPE0551,358,0.5,_
TP33,BPE0551,359,0.5,_
TP33,BPT1101,619,1,_
TP33,BRB0331,8,1,_
TP33,BRK0331,315,1,_
TP33,BRY0661,549,1,_
TP33,BWK1101,673,1,_
TP33,CBG0111,105,1,_
TP33,CLH0111,572,1,_
TP33,CML0331,620,1,_
TP33,COL0111,575,1,_
TP33,COL0661,576,1,_
TP33,CPK0111,416,0.5,_
TP33,CPK0111,417,0.5,_
TP33,CST0331,317,1,_
TP33,CUL0331,493,1,_
TP33,CUL0661,494,1,_
TP33,CYD0331,678,1,_
TP33,CYD2201,679,1,_
TP33,DOB0331,579,1,_
TP33,DVK0111,366,1,_
TP33,EDG0331,168,1,_
TP33,EDN0331,680,1,_
TP33,FHL0331,293,1,_
TP33,FKN0331,628,1,_
TP33,GFD0331,426,1,_
TP33,GLN0331,733,1,_
TP33,GLN0332,51,1,_
TP33,GOR0331,682,1,_
TP33,GYM0661,585,1,_
TP33,GYT0331,429,1,_
TP33,HAM0111,108,1,_
TP33,HAM0551,110,1,_
TP33,HAM0551,5032,0,_
TP33,HAY0111,434,1,_
TP33,HAY0331,443,1,_
TP33,HEN0331,12,1,_
TP33,HEP0331,17,1,_
TP33,HKK0661,587,1,_
TP33,HLY0331,121,1,_
TP33,HOB1101,56,1,_
TP33,HOR0331,589,1,_
TP33,HOR0661,590,1,_
TP33,HTI0331,123,1,_
TP33,HUI0331,319,1,_
TP33,HWA0331,321,1,_
TP33,HWA0332,742,1,_
TP33,HWA1101,322,1,_
TP33,HWA1102,322,1,_
TP33,HWB0331,688,1,_
TP33,HWB0332,753,1,_
TP33,HWB1101,693,1,_
TP33,INV0331,696,1,_
TP33,ISL0661,526,1,_
TP33,KAI0111,531,1,_
TP33,KAW0112,176,1,_
TP33,KAW1101,181,1,_
TP33,KBY0661,591,1,_
TP33,KBY0662,591,1,_
TP33,KIK0111,745,1,_
TP33,KIN0111,126,1,_
TP33,KIN0112,125,1,_
TP33,KIN0113,738,1,_
TP33,KMO0331,187,1,_
TP33,KOE1101,20,1,_
TP33,KPA1101,324,1,_
TP33,KUM0661,593,1,_
TP33,KWA0111,451,1,_
TP33,LFD1101,192,1,_
TP33,LFD1102,192,1,_
TP33,LTN0331,370,1,_
TP33,MAN2201,701,1,_
TP33,MAT1101,156,0.909090909,_
TP33,MAT1101,197,0.090909091,_
TP33,MCH0111,503,1,_
TP33,MER0331,60,1,_
TP33,MGM0331,454,1,_
TP33,MHO0331,374,1,_
TP33,MKE1101,325,0.5,_
TP33,MKE1101,326,0.5,_
TP33,MLG0111,456,1,_
TP33,MLG0331,457,1,_
TP33,MNG0331,61,1,_
TP33,MNG1101,62,1,_
TP33,MNI0111,328,1,_
TP33,MST0331,460,1,_
TP33,MTM0331,212,1,_
TP33,MTN0331,377,1,_
TP33,MTO0331,28,1,_
TP33,MTR0331,380,1,_
TP33,NAP2201,214,1,_
TP33,NAP2202,215,1,_
TP33,NMA0331,711,1,_
TP33,NPK0331,382,1,_
TP33,NPL0331,331,1,_
TP33,NSY0331,632,1,_
TP33,OAM0331,634,1,_
TP33,OKN0111,384,1,_
TP33,ONG0331,137,1,_
TP33,OPK0331,335,1,_
TP33,ORO1101,507,1,_
TP33,ORO1102,508,1,_
TP33,OTA0221,66,1,_
TP33,OTI0111,595,1,_
TP33,OWH0111,239,1,_
TP33,PAK0331,75,1,_
TP33,PAO1101,139,1,_
TP33,PEN0221,79,1,_
TP33,PEN0251,80,1,_
TP33,PEN1101,56,0.190798081,_
TP33,PEN1101,58,0.645660707,_
TP33,PEN1101,88,0.163541212,_
TP33,PNI0331,462,1,_
TP33,PPI2201,241,0.5,_
TP33,PPI2201,242,0.5,_
TP33,RDF0331,295,1,_
TP33,RFN1101,506,1,_
TP33,RFN1102,505,1,_
TP33,ROS0221,89,1,_
TP33,ROS1101,90,1,_
TP33,ROT0111,245,1,_
TP33,ROT0331,246,1,_
TP33,ROT1101,247,1,_
TP33,SBK0331,533,1,_
TP33,SBK0661,534,1,_
TP33,SDN0331,725,1,_
TP33,SFD0331,342,1,_
TP33,SFD2201,345,1,_
TP33,STK0331,511,1,_
TP33,STK0661,512,1,_
TP33,STU0111,653,1,_
TP33,SVL0331,32,1,_
TP33,SWN0251,36,1,_
TP33,SWN2201,37,1,_
TP33,TAK0331,91,1,_
TP33,TGA0111,250,1,_
TP33,TGA0331,251,1,_
TP33,THI2201,255,1,_
TP33,TIM0111,556,1,_
TP33,TKA0331,561,1,_
TP33,TKH0111,256,1,_
TP33,TKR0331,470,1,_
TP33,TKU0331,395,1,_
TP33,TMI0331,258,1,_
TP33,TMK0331,563,1,_
TP33,TMN0551,397,0.5,_
TP33,TMN0551,398,0.5,_
TP33,TMU0111,140,1,_
TP33,TNG0111,400,1,_
TP33,TNG0551,401,0.5,_
TP33,TNG0551,402,0.5,_
TP33,TRK0111,260,1,_
TP33,TUI1101,305,1,_
TP33,TWC2201,406,1,_
TP33,TWH0331,143,0.253164557,_
TP33,TWH0331,148,0.746835443,_
TP33,TWI2201,728,1,_
TP33,TWZ0331,658,1,_
TP33,UHT0331,472,1,_
TP33,WAI0111,269,1,_
TP33,WDV0111,409,1,_
TP33,WDV1101,410,1,_
TP33,WEL0331,38,1,_
TP33,WHI2201,310,1,_
TP33,WIL0331,475,1,_
TP33,WIR0331,94,1,_
TP33,WKM2201,278,1,_
TP33,WPR0331,535,1,_
TP33,WPR0661,536,1,_
TP33,WPT0111,518,1,_
TP33,WPW0331,413,1,_
TP33,WRD0331,41,1,_
TP33,WRK0331,290,1,_
TP33,WTK0111,660,1,_
TP33,WTK0331,5159,1,_
TP33,WTU0331,311,1,_
TP33,WVY0111,352,1,_
TP33,WWD1102,481,1,_
TP33,WWD1103,480,1,_
TP33,ABY1101,542,1,_
TP33,ALB2201,7,1,_
TP33,APS0661,570,1,_
TP33,ARA2201,163,1,_
TP33,ARI1101,737,1,_
TP33,ARI1102,101,1,_
TP33,ASB2201,545,1,_
TP33,ASY0661,521,1,_
TP33,ATI2201,164,1,_
TP33,AVI2201,603,1,_
TP33,BAL1101,670,1,_
TP33,BDE1101,672,1,_
TP33,BEN2201,617,1,_
TP33,BEN2202,617,1,_
TP33,BEN3502,615,1,_
TP33,BEN3503,616,1,_
TP33,BHL2201,47,1,_
TP33,BHL2202,48,1,_
TP33,BLN1101,490,1,_
TP33,BPC1101,598,1,_
TP33,BPE1101,363,1,_
TP33,BPE2201,364,1,_
TP33,BRB2201,9,1,_
TP33,BRK2201,316,1,_
TP33,BRK2202,316,1,_
TP33,BRY2201,553,1,_
TP33,CBG1101,107,1,_
TP33,CBG1102,106,1,_
TP33,CLH0661,573,1,_
TP33,CML1101,625,1,_
TP33,CML1102,624,1,_
TP33,CML2201,627,1,_
TP33,CML2202,626,1,_
TP33,CPK1101,419,1,_
TP33,CPK1102,420,1,_
TP33,CPK1103,421,1,_
TP33,CST1101,318,1,_
TP33,CUL2202,495,1,_
TP33,CUL2203,496,1,_
TP33,DOB0661,580,1,_
TP33,DOB1101,584,1,_
TP33,DOB1102,583,1,_
TP33,DRY2201,49,1,_
TP33,DRY2202,49,1,_
TP33,DVK1101,367,1,_
TP33,DVK1102,368,1,_
TP33,EDG1101,171,1,_
TP33,EDG1102,171,1,_
TP33,EDG2201,172,1,_
TP33,EDN1101,681,1,_
TP33,FHL1101,294,1,_
TP33,FKN1101,630,1,_
TP33,FKN1102,629,1,_
TP33,GFD1101,428,1,_
TP33,GFD1102,427,1,_
TP33,GLN2201,53,1,_
TP33,GNY1101,597,1,_
TP33,GOR1101,683,1,_
TP33,GOR1102,683,1,_
TP33,GYT1101,430,1,_
TP33,GYT1102,431,1,_
TP33,HAM1101,112,1,_
TP33,HAM2201,113,1,_
TP33,HAY1101,447,1,_
TP33,HAY2201,450,1,_
TP33,HAY3502,449,1,_
TP33,HAY3503,448,1,_
TP33,HEN1101,15,1,_
TP33,HEN2201,16,1,_
TP33,HEP1101,18,1,_
TP33,HIN1101,115,1,_
TP33,HLY2201,116,1,_
TP33,HOB2201,57,1,_
TP33,HPI2201,19,1,_
TP33,HPI2202,19,1,_
TP33,HTI1101,124,1,_
TP33,HUI1101,320,1,_
TP33,HWA1001,322,1,_
TP33,HWB2201,694,1,_
TP33,IGH1101,497,1,_
TP33,INV1101,698,1,_
TP33,INV2201,699,1,_
TP33,INV2202,699,1,_
TP33,ISL2201,530,1,_
TP33,KAI0661,532,1,_
TP33,KAW2201,182,1,_
TP33,KBT0661,567,1,_
TP33,KBT0662,566,1,_
TP33,KIK1101,501,1,_
TP33,KIK2201,502,1,_
TP33,KIN1101,129,1,_
TP33,KIN1102,129,1,_
TP33,KMO1101,190,1,_
TP33,KMO1102,190,1,_
TP33,KMO1103,190,1,_
TP33,KMO2201,191,1,_
TP33,KPO1101,133,1,_
TP33,KPU1101,739,1,_
TP33,KPU1102,5046,1,_
TP33,KWA1101,452,1,_
TP33,KWA1102,453,1,_
TP33,LIV2201,631,1,_
TP33,LTN2201,371,1,_
TP33,LTN2202,372,1,_
TP33,MCH1101,504,1,_
TP33,MDN1101,25,1,_
TP33,MDN2201,26,1,_
TP33,MGM1101,455,1,_
TP33,MHO1101,375,1,_
TP33,MHO1102,376,1,_
TP33,MHT1102,422,1,_
TP33,MHT1103,423,1,_
TP33,MKT1101,314,1,_
TP33,MLG1101,459,1,_
TP33,MLG1102,458,1,_
TP33,MNI1101,329,1,_
TP33,MST1101,461,1,_
TP33,MTI2201,211,1,_
TP33,MTM1101,213,1,_
TP33,MTN1101,379,1,_
TP33,MTN1102,378,1,_
TP33,MTO1101,29,1,_
TP33,MTO1102,30,1,_
TP33,MTR1101,381,1,_
TP33,MVE1101,102,1,_
TP33,MVE1102,103,1,_
TP33,NGA1101,31,1,_
TP33,NMA2201,712,1,_
TP33,NPK1101,383,1,_
TP33,NPL1101,333,1,_
TP33,NPL2201,334,1,_
TP33,NSY2201,633,1,_
TP33,OAM1101,635,1,_
TP33,OAM1102,752,1,_
TP33,OHA2201,640,1,_
TP33,OHB2201,645,1,_
TP33,OHC2201,650,1,_
TP33,OHK2201,223,1,_
TP33,OHW2201,136,1,_
TP33,OHW2202,136,1,_
TP33,OKE1101,224,1,_
TP33,OKI2201,227,0.5,_
TP33,OKI2201,229,0.5,_
TP33,OKN1101,385,1,_
TP33,ONG1101,138,1,_
TP33,OPI2201,540,1,_
TP33,OPI2202,539,1,_
TP33,OPK1101,743,1,_
TP33,OPK1102,336,1,_
TP33,OTA1103,70,1,_
TP33,OTA1104,734,1,_
TP33,OTA1105,70,1,_
TP33,OTA1106,734,1,_
TP33,OTA1107,70,1,_
TP33,OTA1108,734,1,_
TP33,OTA1109,70,1,_
TP33,OTA110A,734,1,_
TP33,OTA2201,72,1,_
TP33,OTA2202,73,1,_
TP33,OTA2203,71,1,_
TP33,OTI0661,596,1,_
TP33,OWH1101,240,1,_
TP33,PAK2201,76,1,_
TP33,PEN0222,79,1,_
TP33,PEN2201,87,1,_
TP33,PIE1101,173,1,_
TP33,PNI1101,463,1,_
TP33,PNI1102,464,1,_
TP33,PRM2201,468,1,_
TP33,PRM2202,469,1,_
TP33,PRT2201,425,1,_
TP33,PRT2202,424,1,_
TP33,RDF1101,296,1,_
TP33,RDF1102,296,1,_
TP33,RDF2201,297,1,_
TP33,RFC1101,483,1,_
TP33,ROT1102,247,1,_
TP33,ROX1101,723,1,_
TP33,ROX2201,724,1,_
TP33,RPO2201,388,1,_
TP33,RTO1101,104,1,_
TP33,RTR1101,365,1,_
TP33,SDN2201,726,1,_
TP33,SFD1101,344,1,_
TP33,STK1101,515,1,_
TP33,STK2201,516,1,_
TP33,STU1101,654,1,_
TP33,SVL2201,33,1,_
TP33,SVL2202,34,1,_
TP33,TAK2201,92,1,_
TP33,TAK2202,93,1,_
TP33,TGA1101,252,1,_
TP33,TIM1101,557,1,_
TP33,TIM2201,559,1,_
TP33,TIM2202,558,1,_
TP33,TKA0111,560,1,_
TP33,TKA1101,562,1,_
TP33,TKB2201,657,1,_
TP33,TKH0501,257,1,_
TP33,TKR1101,471,1,_
TP33,TKU2201,396,1,_
TP33,TMH2201,727,1,_
TP33,TMI1101,259,1,_
TP33,TMK1101,5152,1,_
TP33,TMK1102,565,1,_
TP33,TMN2201,399,1,_
TP33,TMU1101,141,1,_
TP33,TNG2201,403,1,_
TP33,TRK1101,267,1,_
TP33,TRK1102,267,1,_
TP33,TRK2201,268,1,_
TP33,TWH2201,149,1,_
TP33,TWT2201,369,1,_
TP33,TWZ2201,659,1,_
TP33,TWZ2202,659,1,_
TP33,UHT1101,473,1,_
TP33,WAI0501,270,1,_
TP33,WAI1101,271,1,_
TP33,WDV1102,410,1,_
TP33,WEL1101,40,1,_
TP33,WEL1102,39,1,_
TP33,WGN1101,412,1,_
TP33,WHU1101,151,1,_
TP33,WIL1101,477,1,_
TP33,WIL2201,478,1,_
TP33,WIR1101,95,1,_
TP33,WIR1102,736,1,_
TP33,WKM2202,282,1,_
TP33,WKO1101,153,1,_
TP33,WMG1101,746,1,_
TP33,WMG1102,517,1,_
TP33,WPA2201,284,1,_
TP33,WPR2202,538,1,_
TP33,WPR2203,537,1,_
TP33,WPT1101,747,1,_
TP33,WPT1102,519,1,_
TP33,WPW1101,414,1,_
TP33,WPW1102,415,1,_
TP33,WRD2201,44,1,_
TP33,WRK2201,292,1,_
TP33,WTK1101,666,1,_
TP33,WTK1102,667,1,_
TP33,WTK2201,668,1,_
TP33,WTU2201,741,1,_
TP33,WTU2202,312,1,_
TP33,WVY1101,353,1,_
TP34,ARA2201_ARA0,160,0.333333333,_
TP34,ARA2201_ARA0,161,0.333333333,_
TP34,ARA2201_ARA0,162,0.333333333,_
TP34,ARG1101_BRR0,486,1,_
TP34,ARI1101_ARI0,100,0.25,_
TP34,ARI1101_ARI0,97,0.25,_
TP34,ARI1101_ARI0,98,0.25,_
TP34,ARI1101_ARI0,99,0.25,_
TP34,ARI1102_ARI0,96,1,_
TP34,ASB0661_HBK0,554,1,_
TP34,ATI2201_ATI0,164,1,_
TP34,AVI2201_AVI0,599,0.25,_
TP34,AVI2201_AVI0,600,0.25,_
TP34,AVI2201_AVI0,601,0.25,_
TP34,AVI2201_AVI0,602,0.25,_
TP34,BEN2202_BEN0,606,0.166666667,_
TP34,BEN2202_BEN0,607,0.166666667,_
TP34,BEN2202_BEN0,608,0.166666667,_
TP34,BEN2202_BEN0,609,0.166666667,_
TP34,BEN2202_BEN0,610,0.166666667,_
TP34,BEN2202_BEN0,611,0.166666667,_
TP34,BOB1101,46,1,_
TP34,BPE0331_TWF0,408,1,_
TP34,BWK1101_WPI0,731,1,_
TP34,COL0661_COL0,574,0.447368421,_
TP34,COL0661_COL0,750,0.552631579,_
TP34,CPK0331,418,1,_
TP34,CYD2201_CYD0,674,0.25,_
TP34,CYD2201_CYD0,675,0.25,_
TP34,CYD2201_CYD0,676,0.25,_
TP34,CYD2201_CYD0,677,0.25,_
TP34,GLN0332_GLN0,50,1,_
TP34,HAM0331,109,1,_
TP34,HIN0331,114,1,_
TP34,HLY2201_HLY1,119,1,_
TP34,HLY2201_HLY2,118,1,_
TP34,HLY2201_HLY5,120,1,_
TP34,HLY2201_HLY6,117,1,_
TP34,HWA1101_PTA1,337,1,_
TP34,HWA1101_PTA2,337,1,_
TP34,HWA1101_PTA3,337,1,_
TP34,HWA1102_WAA0,348,0.416909621,_
TP34,HWA1102_WAA0,350,0.583090379,_
TP34,HWA1102_WAA1,348,0.416909621,_
TP34,HWA1102_WAA1,350,0.583090379,_
TP34,HWB0331_MAH0,700,1,_
TP34,HWB0331_WPI0,730,1,_
TP34,ISL0331,525,1,_
TP34,KAW0111,179,1,_
TP34,KAW0112_ONU0,235,0.29467381,_
TP34,KAW0112_ONU0,236,0.204853451,_
TP34,KAW0112_ONU0,237,0.126063662,_
TP34,KAW0112_ONU0,238,0.374409077,_
TP34,KAW0113,178,1,_
TP34,KAW1101_KAG0,174,1,_
TP34,KIN0112_KIN0,125,1,_
TP34,KIN0331,127,1,_
TP34,KPA1101_KPI1,323,1,_
TP34,KPO1101_KPO0,130,0.333333333,_
TP34,KPO1101_KPO0,131,0.333333333,_
TP34,KPO1101_KPO0,132,0.333333333,_
TP34,KPU0661,134,1,_
TP34,KUM0661_KUM0,593,1,_
TP34,LTN0331_TWF0,407,1,_
TP34,MAN2201_MAN0,702,0.142857143,_
TP34,MAN2201_MAN0,703,0.142857143,_
TP34,MAN2201_MAN0,704,0.142857143,_
TP34,MAN2201_MAN0,705,0.142857143,_
TP34,MAN2201_MAN0,706,0.142857143,_
TP34,MAN2201_MAN0,707,0.142857143,_
TP34,MAN2201_MAN0,708,0.142857143,_
TP34,MAT1101_ANI0,154,0.5,_
TP34,MAT1101_ANI0,155,0.5,_
TP34,MAT1101_MAT0,195,0.5,_
TP34,MAT1101_MAT0,196,0.5,_
TP34,MHO0331_MHO0,373,1,_
TP34,MKE1101_MKE1,325,0.5,_
TP34,MKE1101_MKE1,326,0.5,_
TP34,MPE1101,27,1,_
TP34,MTI2201_MTI0,201,0.1,_
TP34,MTI2201_MTI0,202,0.1,_
TP34,MTI2201_MTI0,203,0.1,_
TP34,MTI2201_MTI0,204,0.1,_
TP34,MTI2201_MTI0,205,0.1,_
TP34,MTI2201_MTI0,206,0.1,_
TP34,MTI2201_MTI0,207,0.1,_
TP34,MTI2201_MTI0,208,0.1,_
TP34,MTI2201_MTI0,209,0.1,_
TP34,MTI2201_MTI0,210,0.1,_
TP34,NAP2201_NAP0,214,1,_
TP34,NAP2202_NTM0,216,0.5,_
TP34,NAP2202_NTM0,217,0.5,_
TP34,NMA0331_WHL0,729,1,_
TP34,NSY0331_PAE0,651,1,_
TP34,OHA2201_OHA0,636,0.25,_
TP34,OHA2201_OHA0,637,0.25,_
TP34,OHA2201_OHA0,638,0.25,_
TP34,OHA2201_OHA0,639,0.25,_
TP34,OHB2201_OHB0,641,0.25,_
TP34,OHB2201_OHB0,642,0.25,_
TP34,OHB2201_OHB0,643,0.25,_
TP34,OHB2201_OHB0,644,0.25,_
TP34,OHC2201_OHC0,646,0.25,_
TP34,OHC2201_OHC0,647,0.25,_
TP34,OHC2201_OHC0,648,0.25,_
TP34,OHC2201_OHC0,649,0.25,_
TP34,OHK2201_OHK0,219,0.25,_
TP34,OHK2201_OHK0,220,0.25,_
TP34,OHK2201_OHK0,221,0.25,_
TP34,OHK2201_OHK0,222,0.25,_
TP34,OKI2201_OKI0,228,0.099099099,_
TP34,OKI2201_OKI0,230,0.450450451,_
TP34,OKI2201_OKI0,231,0.450450451,_
TP34,PEN0331,81,1,_
TP34,PPI2201_PPI0,241,1,_
TP34,PRM0331,465,1,_
TP34,ROT1101_WHE0,272,1,_
TP34,ROX1101_ROX0,714,0.333333333,_
TP34,ROX1101_ROX0,715,0.333333333,_
TP34,ROX1101_ROX0,716,0.333333333,_
TP34,ROX2201_ROX0,717,0.2,_
TP34,ROX2201_ROX0,718,0.2,_
TP34,ROX2201_ROX0,719,0.2,_
TP34,ROX2201_ROX0,720,0.2,_
TP34,ROX2201_ROX0,721,0.2,_
TP34,RPO2201_RPO0,386,0.5,_
TP34,RPO2201_RPO0,387,0.5,_
TP34,SFD2201_SFD21,340,1,_
TP34,SFD2201_SFD22,341,1,_
TP34,SFD2201_SPL0,346,1,_
TP34,STK0661_COB0,491,1,_
TP34,TGA0331_KMI0,183,1,_
TP34,THI2201_THI1,253,1,_
TP34,THI2201_THI2,254,1,_
TP34,TKA0111_TKA1,560,1,_
TP34,TKB2201_TKB1,655,0.5,_
TP34,TKB2201_TKB1,656,0.5,_
TP34,TKU2201_TKU0,391,0.25,_
TP34,TKU2201_TKU0,392,0.25,_
TP34,TKU2201_TKU0,393,0.25,_
TP34,TKU2201_TKU0,394,0.25,_
TP34,TUI1101_KTW0,298,0.5,_
TP34,TUI1101_KTW0,299,0.5,_
TP34,TUI1101_PRI0,300,0.5,_
TP34,TUI1101_PRI0,301,0.5,_
TP34,TUI1101_TUI0,302,0.333333333,_
TP34,TUI1101_TUI0,303,0.333333333,_
TP34,TUI1101_TUI0,304,0.333333333,_
TP34,TWC2201_NZW0,404,1,_
TP34,TWC2201_TWF0,405,1,_
TP34,TWH0331_TRC1,142,1,_
TP34,TWH0331_TUK0,147,1,_
TP34,WDV1101_TAP0,389,1,_
TP34,WGN0331,411,1,_
TP34,WHI0111,306,1,_
TP34,WHI2201_WHI0,307,0.333333333,_
TP34,WHI2201_WHI0,308,0.333333333,_
TP34,WHI2201_WHI0,309,0.333333333,_
TP34,WHU0331,150,1,_
TP34,WIL0331_MCK0,482,1,_
TP34,WKM2201_MOK0,198,0.524257784,_
TP34,WKM2201_MOK0,199,0.475742216,_
TP34,WKM2201_WKM0,274,0.25,_
TP34,WKM2201_WKM0,275,0.25,_
TP34,WKM2201_WKM0,276,0.25,_
TP34,WKM2201_WKM0,277,0.25,_
TP34,WKO0331,152,1,_
TP34,WPA2201_WPA0,283,1,_
TP34,WRK0331_RKA0,740,1,_
TP34,WRK0331_TAA0,248,1,_
TP34,WRK2201_WRK0,285,0.340664962,_
TP34,WRK2201_WRK0,286,0.170332481,_
TP34,WRK2201_WRK0,287,0.19028133,_
TP34,WRK2201_WRK0,288,0.211764706,_
TP34,WRK2201_WRK0,289,0.086956522,_
TP34,WTK0111_WTK0,660,1,_
TP34,WWD1102_WWD0,479,1,_
TP34,WWD1103_WWD0,744,1,_
TP34,KAW0112_DLS0,176,1,_
TP34,KAW0113_DLS1,178,1,_
TP34,ABY0111,541,1,_
TP34,ALB0331,4,1,_
TP34,ALB1101,41,1,_
TP34,APS0111,569,1,_
TP34,ARG1101,487,1,_
TP34,ASB0331,543,1,_
TP34,ASB0661,544,1,_
TP34,ASY0111,520,0.5,_
TP34,ASY0111,748,0.5,_
TP34,ATU1101,488,1,_
TP34,BAL0331,669,1,_
TP34,BDE0111,671,1,_
TP34,BLN0331,489,1,_
TP34,BOB0331,45,1,_
TP34,BPD1101,618,1,_
TP34,BPE0331,357,1,_
TP34,BPE0551,358,0.5,_
TP34,BPE0551,359,0.5,_
TP34,BPT1101,619,1,_
TP34,BRB0331,8,1,_
TP34,BRK0331,315,1,_
TP34,BRY0661,549,1,_
TP34,BWK1101,673,1,_
TP34,CBG0111,105,1,_
TP34,CLH0111,572,1,_
TP34,CML0331,620,1,_
TP34,COL0111,575,1,_
TP34,COL0661,576,1,_
TP34,CPK0111,416,0.5,_
TP34,CPK0111,417,0.5,_
TP34,CST0331,317,1,_
TP34,CUL0331,493,1,_
TP34,CUL0661,494,1,_
TP34,CYD0331,678,1,_
TP34,CYD2201,679,1,_
TP34,DOB0331,579,1,_
TP34,DVK0111,366,1,_
TP34,EDG0331,168,1,_
TP34,EDN0331,680,1,_
TP34,FHL0331,293,1,_
TP34,FKN0331,628,1,_
TP34,GFD0331,426,1,_
TP34,GLN0331,733,1,_
TP34,GLN0332,51,1,_
TP34,GOR0331,682,1,_
TP34,GYM0661,585,1,_
TP34,GYT0331,429,1,_
TP34,HAM0111,108,1,_
TP34,HAM0551,110,1,_
TP34,HAM0551,5032,0,_
TP34,HAY0111,434,1,_
TP34,HAY0331,443,1,_
TP34,HEN0331,12,1,_
TP34,HEP0331,17,1,_
TP34,HKK0661,587,1,_
TP34,HLY0331,121,1,_
TP34,HOB1101,56,1,_
TP34,HOR0331,589,1,_
TP34,HOR0661,590,1,_
TP34,HTI0331,123,1,_
TP34,HUI0331,319,1,_
TP34,HWA0331,321,1,_
TP34,HWA0332,742,1,_
TP34,HWA1101,322,1,_
TP34,HWA1102,322,1,_
TP34,HWB0331,688,1,_
TP34,HWB0332,753,1,_
TP34,HWB1101,693,1,_
TP34,INV0331,696,1,_
TP34,ISL0661,526,1,_
TP34,KAI0111,531,1,_
TP34,KAW0112,176,1,_
TP34,KAW1101,181,1,_
TP34,KBY0661,591,1,_
TP34,KBY0662,591,1,_
TP34,KIK0111,745,1,_
TP34,KIN0111,126,1,_
TP34,KIN0112,125,1,_
TP34,KIN0113,738,1,_
TP34,KMO0331,187,1,_
TP34,KOE1101,20,1,_
TP34,KPA1101,324,1,_
TP34,KUM0661,593,1,_
TP34,KWA0111,451,1,_
TP34,LFD1101,192,1,_
TP34,LFD1102,192,1,_
TP34,LTN0331,370,1,_
TP34,MAN2201,701,1,_
TP34,MAT1101,156,0.909090909,_
TP34,MAT1101,197,0.090909091,_
TP34,MCH0111,503,1,_
TP34,MER0331,60,1,_
TP34,MGM0331,454,1,_
TP34,MHO0331,374,1,_
TP34,MKE1101,325,0.5,_
TP34,MKE1101,326,0.5,_
TP34,MLG0111,456,1,_
TP34,MLG0331,457,1,_
TP34,MNG0331,61,1,_
TP34,MNG1101,62,1,_
TP34,MNI0111,328,1,_
TP34,MST0331,460,1,_
TP34,MTM0331,212,1,_
TP34,MTN0331,377,1,_
TP34,MTO0331,28,1,_
TP34,MTR0331,380,1,_
TP34,NAP2201,214,1,_
TP34,NAP2202,215,1,_
TP34,NMA0331,711,1,_
TP34,NPK0331,382,1,_
TP34,NPL0331,331,1,_
TP34,NSY0331,632,1,_
TP34,OAM0331,634,1,_
TP34,OKN0111,384,1,_
TP34,ONG0331,137,1,_
TP34,OPK0331,335,1,_
TP34,ORO1101,507,1,_
TP34,ORO1102,508,1,_
TP34,OTA0221,66,1,_
TP34,OTI0111,595,1,_
TP34,OWH0111,239,1,_
TP34,PAK0331,75,1,_
TP34,PAO1101,139,1,_
TP34,PEN0221,79,1,_
TP34,PEN0251,80,1,_
TP34,PEN1101,56,0.190798081,_
TP34,PEN1101,58,0.645660707,_
TP34,PEN1101,88,0.163541212,_
TP34,PNI0331,462,1,_
TP34,PPI2201,241,0.5,_
TP34,PPI2201,242,0.5,_
TP34,RDF0331,295,1,_
TP34,RFN1101,506,1,_
TP34,RFN1102,505,1,_
TP34,ROS0221,89,1,_
TP34,ROS1101,90,1,_
TP34,ROT0111,245,1,_
TP34,ROT0331,246,1,_
TP34,ROT1101,247,1,_
TP34,SBK0331,533,1,_
TP34,SBK0661,534,1,_
TP34,SDN0331,725,1,_
TP34,SFD0331,342,1,_
TP34,SFD2201,345,1,_
TP34,STK0331,511,1,_
TP34,STK0661,512,1,_
TP34,STU0111,653,1,_
TP34,SVL0331,32,1,_
TP34,SWN0251,36,1,_
TP34,SWN2201,37,1,_
TP34,TAK0331,91,1,_
TP34,TGA0111,250,1,_
TP34,TGA0331,251,1,_
TP34,THI2201,255,1,_
TP34,TIM0111,556,1,_
TP34,TKA0331,561,1,_
TP34,TKH0111,256,1,_
TP34,TKR0331,470,1,_
TP34,TKU0331,395,1,_
TP34,TMI0331,258,1,_
TP34,TMK0331,563,1,_
TP34,TMN0551,397,0.5,_
TP34,TMN0551,398,0.5,_
TP34,TMU0111,140,1,_
TP34,TNG0111,400,1,_
TP34,TNG0551,401,0.5,_
TP34,TNG0551,402,0.5,_
TP34,TRK0111,260,1,_
TP34,TUI1101,305,1,_
TP34,TWC2201,406,1,_
TP34,TWH0331,143,0.253164557,_
TP34,TWH0331,148,0.746835443,_
TP34,TWI2201,728,1,_
TP34,TWZ0331,658,1,_
TP34,UHT0331,472,1,_
TP34,WAI0111,269,1,_
TP34,WDV0111,409,1,_
TP34,WDV1101,410,1,_
TP34,WEL0331,38,1,_
TP34,WHI2201,310,1,_
TP34,WIL0331,475,1,_
TP34,WIR0331,94,1,_
TP34,WKM2201,278,1,_
TP34,WPR0331,535,1,_
TP34,WPR0661,536,1,_
TP34,WPT0111,518,1,_
TP34,WPW0331,413,1,_
TP34,WRD0331,41,1,_
TP34,WRK0331,290,1,_
TP34,WTK0111,660,1,_
TP34,WTK0331,5159,1,_
TP34,WTU0331,311,1,_
TP34,WVY0111,352,1,_
TP34,WWD1102,481,1,_
TP34,WWD1103,480,1,_
TP34,ABY1101,542,1,_
TP34,ALB2201,7,1,_
TP34,APS0661,570,1,_
TP34,ARA2201,163,1,_
TP34,ARI1101,737,1,_
TP34,ARI1102,101,1,_
TP34,ASB2201,545,1,_
TP34,ASY0661,521,1,_
TP34,ATI2201,164,1,_
TP34,AVI2201,603,1,_
TP34,BAL1101,670,1,_
TP34,BDE1101,672,1,_
TP34,BEN2201,617,1,_
TP34,BEN2202,617,1,_
TP34,BEN3502,615,1,_
TP34,BEN3503,616,1,_
TP34,BHL2201,47,1,_
TP34,BHL2202,48,1,_
TP34,BLN1101,490,1,_
TP34,BPC1101,598,1,_
TP34,BPE1101,363,1,_
TP34,BPE2201,364,1,_
TP34,BRB2201,9,1,_
TP34,BRK2201,316,1,_
TP34,BRK2202,316,1,_
TP34,BRY2201,553,1,_
TP34,CBG1101,107,1,_
TP34,CBG1102,106,1,_
TP34,CLH0661,573,1,_
TP34,CML1101,625,1,_
TP34,CML1102,624,1,_
TP34,CML2201,627,1,_
TP34,CML2202,626,1,_
TP34,CPK1101,419,1,_
TP34,CPK1102,420,1,_
TP34,CPK1103,421,1,_
TP34,CST1101,318,1,_
TP34,CUL2202,495,1,_
TP34,CUL2203,496,1,_
TP34,DOB0661,580,1,_
TP34,DOB1101,584,1,_
TP34,DOB1102,583,1,_
TP34,DRY2201,49,1,_
TP34,DRY2202,49,1,_
TP34,DVK1101,367,1,_
TP34,DVK1102,368,1,_
TP34,EDG1101,171,1,_
TP34,EDG1102,171,1,_
TP34,EDG2201,172,1,_
TP34,EDN1101,681,1,_
TP34,FHL1101,294,1,_
TP34,FKN1101,630,1,_
TP34,FKN1102,629,1,_
TP34,GFD1101,428,1,_
TP34,GFD1102,427,1,_
TP34,GLN2201,53,1,_
TP34,GNY1101,597,1,_
TP34,GOR1101,683,1,_
TP34,GOR1102,683,1,_
TP34,GYT1101,430,1,_
TP34,GYT1102,431,1,_
TP34,HAM1101,112,1,_
TP34,HAM2201,113,1,_
TP34,HAY1101,447,1,_
TP34,HAY2201,450,1,_
TP34,HAY3502,449,1,_
TP34,HAY3503,448,1,_
TP34,HEN1101,15,1,_
TP34,HEN2201,16,1,_
TP34,HEP1101,18,1,_
TP34,HIN1101,115,1,_
TP34,HLY2201,116,1,_
TP34,HOB2201,57,1,_
TP34,HPI2201,19,1,_
TP34,HPI2202,19,1,_
TP34,HTI1101,124,1,_
TP34,HUI1101,320,1,_
TP34,HWA1001,322,1,_
TP34,HWB2201,694,1,_
TP34,IGH1101,497,1,_
TP34,INV1101,698,1,_
TP34,INV2201,699,1,_
TP34,INV2202,699,1,_
TP34,ISL2201,530,1,_
TP34,KAI0661,532,1,_
TP34,KAW2201,182,1,_
TP34,KBT0661,567,1,_
TP34,KBT0662,566,1,_
TP34,KIK1101,501,1,_
TP34,KIK2201,502,1,_
TP34,KIN1101,129,1,_
TP34,KIN1102,129,1,_
TP34,KMO1101,190,1,_
TP34,KMO1102,190,1,_
TP34,KMO1103,190,1,_
TP34,KMO2201,191,1,_
TP34,KPO1101,133,1,_
TP34,KPU1101,739,1,_
TP34,KPU1102,5046,1,_
TP34,KWA1101,452,1,_
TP34,KWA1102,453,1,_
TP34,LIV2201,631,1,_
TP34,LTN2201,371,1,_
TP34,LTN2202,372,1,_
TP34,MCH1101,504,1,_
TP34,MDN1101,25,1,_
TP34,MDN2201,26,1,_
TP34,MGM1101,455,1,_
TP34,MHO1101,375,1,_
TP34,MHO1102,376,1,_
TP34,MHT1102,422,1,_
TP34,MHT1103,423,1,_
TP34,MKT1101,314,1,_
TP34,MLG1101,459,1,_
TP34,MLG1102,458,1,_
TP34,MNI1101,329,1,_
TP34,MST1101,461,1,_
TP34,MTI2201,211,1,_
TP34,MTM1101,213,1,_
TP34,MTN1101,379,1,_
TP34,MTN1102,378,1,_
TP34,MTO1101,29,1,_
TP34,MTO1102,30,1,_
TP34,MTR1101,381,1,_
TP34,MVE1101,102,1,_
TP34,MVE1102,103,1,_
TP34,NGA1101,31,1,_
TP34,NMA2201,712,1,_
TP34,NPK1101,383,1,_
TP34,NPL1101,333,1,_
TP34,NPL2201,334,1,_
TP34,NSY2201,633,1,_
TP34,OAM1101,635,1,_
TP34,OAM1102,752,1,_
TP34,OHA2201,640,1,_
TP34,OHB2201,645,1,_
TP34,OHC2201,650,1,_
TP34,OHK2201,223,1,_
TP34,OHW2201,136,1,_
TP34,OHW2202,136,1,_
TP34,OKE1101,224,1,_
TP34,OKI2201,227,0.5,_
TP34,OKI2201,229,0.5,_
TP34,OKN1101,385,1,_
TP34,ONG1101,138,1,_
TP34,OPI2201,540,1,_
TP34,OPI2202,539,1,_
TP34,OPK1101,743,1,_
TP34,OPK1102,336,1,_
TP34,OTA1103,70,1,_
TP34,OTA1104,734,1,_
TP34,OTA1105,70,1,_
TP34,OTA1106,734,1,_
TP34,OTA1107,70,1,_
TP34,OTA1108,734,1,_
TP34,OTA1109,70,1,_
TP34,OTA110A,734,1,_
TP34,OTA2201,72,1,_
TP34,OTA2202,73,1,_
TP34,OTA2203,71,1,_
TP34,OTI0661,596,1,_
TP34,OWH1101,240,1,_
TP34,PAK2201,76,1,_
TP34,PEN0222,79,1,_
TP34,PEN2201,87,1,_
TP34,PIE1101,173,1,_
TP34,PNI1101,463,1,_
TP34,PNI1102,464,1,_
TP34,PRM2201,468,1,_
TP34,PRM2202,469,1,_
TP34,PRT2201,425,1,_
TP34,PRT2202,424,1,_
TP34,RDF1101,296,1,_
TP34,RDF1102,296,1,_
TP34,RDF2201,297,1,_
TP34,RFC1101,483,1,_
TP34,ROT1102,247,1,_
TP34,ROX1101,723,1,_
TP34,ROX2201,724,1,_
TP34,RPO2201,388,1,_
TP34,RTO1101,104,1,_
TP34,RTR1101,365,1,_
TP34,SDN2201,726,1,_
TP34,SFD1101,344,1,_
TP34,STK1101,515,1,_
TP34,STK2201,516,1,_
TP34,STU1101,654,1,_
TP34,SVL2201,33,1,_
TP34,SVL2202,34,1,_
TP34,TAK2201,92,1,_
TP34,TAK2202,93,1,_
TP34,TGA1101,252,1,_
TP34,TIM1101,557,1,_
TP34,TIM2201,559,1,_
TP34,TIM2202,558,1,_
TP34,TKA0111,560,1,_
TP34,TKA1101,562,1,_
TP34,TKB2201,657,1,_
TP34,TKH0501,257,1,_
TP34,TKR1101,471,1,_
TP34,TKU2201,396,1,_
TP34,TMH2201,727,1,_
TP34,TMI1101,259,1,_
TP34,TMK1101,5152,1,_
TP34,TMK1102,565,1,_
TP34,TMN2201,399,1,_
TP34,TMU1101,141,1,_
TP34,TNG2201,403,1,_
TP34,TRK1101,267,1,_
TP34,TRK1102,267,1,_
TP34,TRK2201,268,1,_
TP34,TWH2201,149,1,_
TP34,TWT2201,369,1,_
TP34,TWZ2201,659,1,_
TP34,TWZ2202,659,1,_
TP34,UHT1101,473,1,_
TP34,WAI0501,270,1,_
TP34,WAI1101,271,1,_
TP34,WDV1102,410,1,_
TP34,WEL1101,40,1,_
TP34,WEL1102,39,1,_
TP34,WGN1101,412,1,_
TP34,WHU1101,151,1,_
TP34,WIL1101,477,1,_
TP34,WIL2201,478,1,_
TP34,WIR1101,95,1,_
TP34,WIR1102,736,1,_
TP34,WKM2202,282,1,_
TP34,WKO1101,153,1,_
TP34,WMG1101,746,1,_
TP34,WMG1102,517,1,_
TP34,WPA2201,284,1,_
TP34,WPR2202,538,1,_
TP34,WPR2203,537,1,_
TP34,WPT1101,747,1,_
TP34,WPT1102,519,1,_
TP34,WPW1101,414,1,_
TP34,WPW1102,415,1,_
TP34,WRD2201,44,1,_
TP34,WRK2201,292,1,_
TP34,WTK1101,666,1,_
TP34,WTK1102,667,1,_
TP34,WTK2201,668,1,_
TP34,WTU2201,741,1,_
TP34,WTU2202,312,1,_
TP34,WVY1101,353,1,_
TP35,ARA2201_ARA0,160,0.333333333,_
TP35,ARA2201_ARA0,161,0.333333333,_
TP35,ARA2201_ARA0,162,0.333333333,_
TP35,ARG1101_BRR0,486,1,_
TP35,ARI1101_ARI0,100,0.25,_
TP35,ARI1101_ARI0,97,0.25,_
TP35,ARI1101_ARI0,98,0.25,_
TP35,ARI1101_ARI0,99,0.25,_
TP35,ARI1102_ARI0,96,1,_
TP35,ASB0661_HBK0,554,1,_
TP35,ATI2201_ATI0,164,1,_
TP35,AVI2201_AVI0,599,0.25,_
TP35,AVI2201_AVI0,600,0.25,_
TP35,AVI2201_AVI0,601,0.25,_
TP35,AVI2201_AVI0,602,0.25,_
TP35,BEN2202_BEN0,606,0.166666667,_
TP35,BEN2202_BEN0,607,0.166666667,_
TP35,BEN2202_BEN0,608,0.166666667,_
TP35,BEN2202_BEN0,609,0.166666667,_
TP35,BEN2202_BEN0,610,0.166666667,_
TP35,BEN2202_BEN0,611,0.166666667,_
TP35,BOB1101,46,1,_
TP35,BPE0331_TWF0,408,1,_
TP35,BWK1101_WPI0,731,1,_
TP35,COL0661_COL0,574,0.447368421,_
TP35,COL0661_COL0,750,0.552631579,_
TP35,CPK0331,418,1,_
TP35,CYD2201_CYD0,674,0.25,_
TP35,CYD2201_CYD0,675,0.25,_
TP35,CYD2201_CYD0,676,0.25,_
TP35,CYD2201_CYD0,677,0.25,_
TP35,GLN0332_GLN0,50,1,_
TP35,HAM0331,109,1,_
TP35,HIN0331,114,1,_
TP35,HLY2201_HLY1,119,1,_
TP35,HLY2201_HLY2,118,1,_
TP35,HLY2201_HLY5,120,1,_
TP35,HLY2201_HLY6,117,1,_
TP35,HWA1101_PTA1,337,1,_
TP35,HWA1101_PTA2,337,1,_
TP35,HWA1101_PTA3,337,1,_
TP35,HWA1102_WAA0,348,0.416909621,_
TP35,HWA1102_WAA0,350,0.583090379,_
TP35,HWA1102_WAA1,348,0.416909621,_
TP35,HWA1102_WAA1,350,0.583090379,_
TP35,HWB0331_MAH0,700,1,_
TP35,HWB0331_WPI0,730,1,_
TP35,ISL0331,525,1,_
TP35,KAW0111,179,1,_
TP35,KAW0112_ONU0,235,0.29467381,_
TP35,KAW0112_ONU0,236,0.204853451,_
TP35,KAW0112_ONU0,237,0.126063662,_
TP35,KAW0112_ONU0,238,0.374409077,_
TP35,KAW0113,178,1,_
TP35,KAW1101_KAG0,174,1,_
TP35,KIN0112_KIN0,125,1,_
TP35,KIN0331,127,1,_
TP35,KPA1101_KPI1,323,1,_
TP35,KPO1101_KPO0,130,0.333333333,_
TP35,KPO1101_KPO0,131,0.333333333,_
TP35,KPO1101_KPO0,132,0.333333333,_
TP35,KPU0661,134,1,_
TP35,KUM0661_KUM0,593,1,_
TP35,LTN0331_TWF0,407,1,_
TP35,MAN2201_MAN0,702,0.142857143,_
TP35,MAN2201_MAN0,703,0.142857143,_
TP35,MAN2201_MAN0,704,0.142857143,_
TP35,MAN2201_MAN0,705,0.142857143,_
TP35,MAN2201_MAN0,706,0.142857143,_
TP35,MAN2201_MAN0,707,0.142857143,_
TP35,MAN2201_MAN0,708,0.142857143,_
TP35,MAT1101_ANI0,154,0.5,_
TP35,MAT1101_ANI0,155,0.5,_
TP35,MAT1101_MAT0,195,0.5,_
TP35,MAT1101_MAT0,196,0.5,_
TP35,MHO0331_MHO0,373,1,_
TP35,MKE1101_MKE1,325,0.5,_
TP35,MKE1101_MKE1,326,0.5,_
TP35,MPE1101,27,1,_
TP35,MTI2201_MTI0,201,0.1,_
TP35,MTI2201_MTI0,202,0.1,_
TP35,MTI2201_MTI0,203,0.1,_
TP35,MTI2201_MTI0,204,0.1,_
TP35,MTI2201_MTI0,205,0.1,_
TP35,MTI2201_MTI0,206,0.1,_
TP35,MTI2201_MTI0,207,0.1,_
TP35,MTI2201_MTI0,208,0.1,_
TP35,MTI2201_MTI0,209,0.1,_
TP35,MTI2201_MTI0,210,0.1,_
TP35,NAP2201_NAP0,214,1,_
TP35,NAP2202_NTM0,216,0.5,_
TP35,NAP2202_NTM0,217,0.5,_
TP35,NMA0331_WHL0,729,1,_
TP35,NSY0331_PAE0,651,1,_
TP35,OHA2201_OHA0,636,0.25,_
TP35,OHA2201_OHA0,637,0.25,_
TP35,OHA2201_OHA0,638,0.25,_
TP35,OHA2201_OHA0,639,0.25,_
TP35,OHB2201_OHB0,641,0.25,_
TP35,OHB2201_OHB0,642,0.25,_
TP35,OHB2201_OHB0,643,0.25,_
TP35,OHB2201_OHB0,644,0.25,_
TP35,OHC2201_OHC0,646,0.25,_
TP35,OHC2201_OHC0,647,0.25,_
TP35,OHC2201_OHC0,648,0.25,_
TP35,OHC2201_OHC0,649,0.25,_
TP35,OHK2201_OHK0,219,0.25,_
TP35,OHK2201_OHK0,220,0.25,_
TP35,OHK2201_OHK0,221,0.25,_
TP35,OHK2201_OHK0,222,0.25,_
TP35,OKI2201_OKI0,228,0.099099099,_
TP35,OKI2201_OKI0,230,0.450450451,_
TP35,OKI2201_OKI0,231,0.450450451,_
TP35,PEN0331,81,1,_
TP35,PPI2201_PPI0,241,1,_
TP35,PRM0331,465,1,_
TP35,ROT1101_WHE0,272,1,_
TP35,ROX1101_ROX0,714,0.333333333,_
TP35,ROX1101_ROX0,715,0.333333333,_
TP35,ROX1101_ROX0,716,0.333333333,_
TP35,ROX2201_ROX0,717,0.2,_
TP35,ROX2201_ROX0,718,0.2,_
TP35,ROX2201_ROX0,719,0.2,_
TP35,ROX2201_ROX0,720,0.2,_
TP35,ROX2201_ROX0,721,0.2,_
TP35,RPO2201_RPO0,386,0.5,_
TP35,RPO2201_RPO0,387,0.5,_
TP35,SFD2201_SFD21,340,1,_
TP35,SFD2201_SFD22,341,1,_
TP35,SFD2201_SPL0,346,1,_
TP35,STK0661_COB0,491,1,_
TP35,TGA0331_KMI0,183,1,_
TP35,THI2201_THI1,253,1,_
TP35,THI2201_THI2,254,1,_
TP35,TKA0111_TKA1,560,1,_
TP35,TKB2201_TKB1,655,0.5,_
TP35,TKB2201_TKB1,656,0.5,_
TP35,TKU2201_TKU0,391,0.25,_
TP35,TKU2201_TKU0,392,0.25,_
TP35,TKU2201_TKU0,393,0.25,_
TP35,TKU2201_TKU0,394,0.25,_
TP35,TUI1101_KTW0,298,0.5,_
TP35,TUI1101_KTW0,299,0.5,_
TP35,TUI1101_PRI0,300,0.5,_
TP35,TUI1101_PRI0,301,0.5,_
TP35,TUI1101_TUI0,302,0.333333333,_
TP35,TUI1101_TUI0,303,0.333333333,_
TP35,TUI1101_TUI0,304,0.333333333,_
TP35,TWC2201_NZW0,404,1,_
TP35,TWC2201_TWF0,405,1,_
TP35,TWH0331_TRC1,142,1,_
TP35,TWH0331_TUK0,147,1,_
TP35,WDV1101_TAP0,389,1,_
TP35,WGN0331,411,1,_
TP35,WHI0111,306,1,_
TP35,WHI2201_WHI0,307,0.333333333,_
TP35,WHI2201_WHI0,308,0.333333333,_
TP35,WHI2201_WHI0,309,0.333333333,_
TP35,WHU0331,150,1,_
TP35,WIL0331_MCK0,482,1,_
TP35,WKM2201_MOK0,198,0.524257784,_
TP35,WKM2201_MOK0,199,0.475742216,_
TP35,WKM2201_WKM0,274,0.25,_
TP35,WKM2201_WKM0,275,0.25,_
TP35,WKM2201_WKM0,276,0.25,_
TP35,WKM2201_WKM0,277,0.25,_
TP35,WKO0331,152,1,_
TP35,WPA2201_WPA0,283,1,_
TP35,WRK0331_RKA0,740,1,_
TP35,WRK0331_TAA0,248,1,_
TP35,WRK2201_WRK0,285,0.340664962,_
TP35,WRK2201_WRK0,286,0.170332481,_
TP35,WRK2201_WRK0,287,0.19028133,_
TP35,WRK2201_WRK0,288,0.211764706,_
TP35,WRK2201_WRK0,289,0.086956522,_
TP35,WTK0111_WTK0,660,1,_
TP35,WWD1102_WWD0,479,1,_
TP35,WWD1103_WWD0,744,1,_
TP35,KAW0112_DLS0,176,1,_
TP35,KAW0113_DLS1,178,1,_
TP35,ABY0111,541,1,_
TP35,ALB0331,4,1,_
TP35,ALB1101,41,1,_
TP35,APS0111,569,1,_
TP35,ARG1101,487,1,_
TP35,ASB0331,543,1,_
TP35,ASB0661,544,1,_
TP35,ASY0111,520,0.5,_
TP35,ASY0111,748,0.5,_
TP35,ATU1101,488,1,_
TP35,BAL0331,669,1,_
TP35,BDE0111,671,1,_
TP35,BLN0331,489,1,_
TP35,BOB0331,45,1,_
TP35,BPD1101,618,1,_
TP35,BPE0331,357,1,_
TP35,BPE0551,358,0.5,_
TP35,BPE0551,359,0.5,_
TP35,BPT1101,619,1,_
TP35,BRB0331,8,1,_
TP35,BRK0331,315,1,_
TP35,BRY0661,549,1,_
TP35,BWK1101,673,1,_
TP35,CBG0111,105,1,_
TP35,CLH0111,572,1,_
TP35,CML0331,620,1,_
TP35,COL0111,575,1,_
TP35,COL0661,576,1,_
TP35,CPK0111,416,0.5,_
TP35,CPK0111,417,0.5,_
TP35,CST0331,317,1,_
TP35,CUL0331,493,1,_
TP35,CUL0661,494,1,_
TP35,CYD0331,678,1,_
TP35,CYD2201,679,1,_
TP35,DOB0331,579,1,_
TP35,DVK0111,366,1,_
TP35,EDG0331,168,1,_
TP35,EDN0331,680,1,_
TP35,FHL0331,293,1,_
TP35,FKN0331,628,1,_
TP35,GFD0331,426,1,_
TP35,GLN0331,733,1,_
TP35,GLN0332,51,1,_
TP35,GOR0331,682,1,_
TP35,GYM0661,585,1,_
TP35,GYT0331,429,1,_
TP35,HAM0111,108,1,_
TP35,HAM0551,110,1,_
TP35,HAM0551,5031,0,_
TP35,HAY0111,434,1,_
TP35,HAY0331,443,1,_
TP35,HEN0331,12,1,_
TP35,HEP0331,17,1,_
TP35,HKK0661,587,1,_
TP35,HLY0331,121,1,_
TP35,HOB1101,56,1,_
TP35,HOR0331,589,1,_
TP35,HOR0661,590,1,_
TP35,HTI0331,123,1,_
TP35,HUI0331,319,1,_
TP35,HWA0331,321,1,_
TP35,HWA0332,742,1,_
TP35,HWA1101,322,1,_
TP35,HWA1102,322,1,_
TP35,HWB0331,688,1,_
TP35,HWB0332,753,1,_
TP35,HWB1101,693,1,_
TP35,INV0331,696,1,_
TP35,ISL0661,526,1,_
TP35,KAI0111,531,1,_
TP35,KAW0112,176,1,_
TP35,KAW1101,181,1,_
TP35,KBY0661,591,1,_
TP35,KBY0662,591,1,_
TP35,KIK0111,745,1,_
TP35,KIN0111,126,1,_
TP35,KIN0112,125,1,_
TP35,KIN0113,738,1,_
TP35,KMO0331,187,1,_
TP35,KOE1101,20,1,_
TP35,KPA1101,324,1,_
TP35,KUM0661,593,1,_
TP35,KWA0111,451,1,_
TP35,LFD1101,192,1,_
TP35,LFD1102,192,1,_
TP35,LTN0331,370,1,_
TP35,MAN2201,701,1,_
TP35,MAT1101,156,0.909090909,_
TP35,MAT1101,197,0.090909091,_
TP35,MCH0111,503,1,_
TP35,MER0331,60,1,_
TP35,MGM0331,454,1,_
TP35,MHO0331,374,1,_
TP35,MKE1101,325,0.5,_
TP35,MKE1101,326,0.5,_
TP35,MLG0111,456,1,_
TP35,MLG0331,457,1,_
TP35,MNG0331,61,1,_
TP35,MNG1101,62,1,_
TP35,MNI0111,328,1,_
TP35,MST0331,460,1,_
TP35,MTM0331,212,1,_
TP35,MTN0331,377,1,_
TP35,MTO0331,28,1,_
TP35,MTR0331,380,1,_
TP35,NAP2201,214,1,_
TP35,NAP2202,215,1,_
TP35,NMA0331,711,1,_
TP35,NPK0331,382,1,_
TP35,NPL0331,331,1,_
TP35,NSY0331,632,1,_
TP35,OAM0331,634,1,_
TP35,OKN0111,384,1,_
TP35,ONG0331,137,1,_
TP35,OPK0331,335,1,_
TP35,ORO1101,507,1,_
TP35,ORO1102,508,1,_
TP35,OTA0221,66,1,_
TP35,OTI0111,595,1,_
TP35,OWH0111,239,1,_
TP35,PAK0331,75,1,_
TP35,PAO1101,139,1,_
TP35,PEN0221,79,1,_
TP35,PEN0251,80,1,_
TP35,PEN1101,56,0.190798081,_
TP35,PEN1101,58,0.645660707,_
TP35,PEN1101,88,0.163541212,_
TP35,PNI0331,462,1,_
TP35,PPI2201,241,0.5,_
TP35,PPI2201,242,0.5,_
TP35,RDF0331,295,1,_
TP35,RFN1101,506,1,_
TP35,RFN1102,505,1,_
TP35,ROS0221,89,1,_
TP35,ROS1101,90,1,_
TP35,ROT0111,245,1,_
TP35,ROT0331,246,1,_
TP35,ROT1101,247,1,_
TP35,SBK0331,533,1,_
TP35,SBK0661,534,1,_
TP35,SDN0331,725,1,_
TP35,SFD0331,342,1,_
TP35,SFD2201,345,1,_
TP35,STK0331,511,1,_
TP35,STK0661,512,1,_
TP35,STU0111,653,1,_
TP35,SVL0331,32,1,_
TP35,SWN0251,36,1,_
TP35,SWN2201,37,1,_
TP35,TAK0331,91,1,_
TP35,TGA0111,250,1,_
TP35,TGA0331,251,1,_
TP35,THI2201,255,1,_
TP35,TIM0111,556,1,_
TP35,TKA0331,561,1,_
TP35,TKH0111,256,1,_
TP35,TKR0331,470,1,_
TP35,TKU0331,395,1,_
TP35,TMI0331,258,1,_
TP35,TMK0331,563,1,_
TP35,TMN0551,397,0.5,_
TP35,TMN0551,398,0.5,_
TP35,TMU0111,140,1,_
TP35,TNG0111,400,1,_
TP35,TNG0551,401,0.5,_
TP35,TNG0551,402,0.5,_
TP35,TRK0111,260,1,_
TP35,TUI1101,305,1,_
TP35,TWC2201,406,1,_
TP35,TWH0331,143,0.253164557,_
TP35,TWH0331,148,0.746835443,_
TP35,TWI2201,728,1,_
TP35,TWZ0331,658,1,_
TP35,UHT0331,472,1,_
TP35,WAI0111,269,1,_
TP35,WDV0111,409,1,_
TP35,WDV1101,410,1,_
TP35,WEL0331,38,1,_
TP35,WHI2201,310,1,_
TP35,WIL0331,475,1,_
TP35,WIR0331,94,1,_
TP35,WKM2201,278,1,_
TP35,WPR0331,535,1,_
TP35,WPR0661,536,1,_
TP35,WPT0111,518,1,_
TP35,WPW0331,413,1,_
TP35,WRD0331,41,1,_
TP35,WRK0331,290,1,_
TP35,WTK0111,660,1,_
TP35,WTK0331,5156,1,_
TP35,WTU0331,311,1,_
TP35,WVY0111,352,1,_
TP35,WWD1102,481,1,_
TP35,WWD1103,480,1,_
TP35,ABY1101,542,1,_
TP35,ALB2201,7,1,_
TP35,APS0661,570,1,_
TP35,ARA2201,163,1,_
TP35,ARI1101,737,1,_
TP35,ARI1102,101,1,_
TP35,ASB2201,545,1,_
TP35,ASY0661,521,1,_
TP35,ATI2201,164,1,_
TP35,AVI2201,603,1,_
TP35,BAL1101,670,1,_
TP35,BDE1101,672,1,_
TP35,BEN2201,617,1,_
TP35,BEN2202,617,1,_
TP35,BEN3502,615,1,_
TP35,BEN3503,616,1,_
TP35,BHL2201,47,1,_
TP35,BHL2202,48,1,_
TP35,BLN1101,490,1,_
TP35,BPC1101,598,1,_
TP35,BPE1101,363,1,_
TP35,BPE2201,364,1,_
TP35,BRB2201,9,1,_
TP35,BRK2201,316,1,_
TP35,BRK2202,316,1,_
TP35,BRY2201,553,1,_
TP35,CBG1101,107,1,_
TP35,CBG1102,106,1,_
TP35,CLH0661,573,1,_
TP35,CML1101,625,1,_
TP35,CML1102,624,1,_
TP35,CML2201,627,1,_
TP35,CML2202,626,1,_
TP35,CPK1101,419,1,_
TP35,CPK1102,420,1,_
TP35,CPK1103,421,1,_
TP35,CST1101,318,1,_
TP35,CUL2202,495,1,_
TP35,CUL2203,496,1,_
TP35,DOB0661,580,1,_
TP35,DOB1101,584,1,_
TP35,DOB1102,583,1,_
TP35,DRY2201,49,1,_
TP35,DRY2202,49,1,_
TP35,DVK1101,367,1,_
TP35,DVK1102,368,1,_
TP35,EDG1101,171,1,_
TP35,EDG1102,171,1,_
TP35,EDG2201,172,1,_
TP35,EDN1101,681,1,_
TP35,FHL1101,294,1,_
TP35,FKN1101,630,1,_
TP35,FKN1102,629,1,_
TP35,GFD1101,428,1,_
TP35,GFD1102,427,1,_
TP35,GLN2201,53,1,_
TP35,GNY1101,597,1,_
TP35,GOR1101,683,1,_
TP35,GOR1102,683,1,_
TP35,GYT1101,430,1,_
TP35,GYT1102,431,1,_
TP35,HAM1101,112,1,_
TP35,HAM2201,113,1,_
TP35,HAY1101,447,1,_
TP35,HAY2201,450,1,_
TP35,HAY3502,449,1,_
TP35,HAY3503,448,1,_
TP35,HEN1101,15,1,_
TP35,HEN2201,16,1,_
TP35,HEP1101,18,1,_
TP35,HIN1101,115,1,_
TP35,HLY2201,116,1,_
TP35,HOB2201,57,1,_
TP35,HPI2201,19,1,_
TP35,HPI2202,19,1,_
TP35,HTI1101,124,1,_
TP35,HUI1101,320,1,_
TP35,HWA1001,322,1,_
TP35,HWB2201,694,1,_
TP35,IGH1101,497,1,_
TP35,INV1101,698,1,_
TP35,INV2201,699,1,_
TP35,INV2202,699,1,_
TP35,ISL2201,530,1,_
TP35,KAI0661,532,1,_
TP35,KAW2201,182,1,_
TP35,KBT0661,567,1,_
TP35,KBT0662,566,1,_
TP35,KIK1101,501,1,_
TP35,KIK2201,502,1,_
TP35,KIN1101,129,1,_
TP35,KIN1102,129,1,_
TP35,KMO1101,190,1,_
TP35,KMO1102,190,1,_
TP35,KMO1103,190,1,_
TP35,KMO2201,191,1,_
TP35,KPO1101,133,1,_
TP35,KPU1101,739,1,_
TP35,KPU1102,5045,1,_
TP35,KWA1101,452,1,_
TP35,KWA1102,453,1,_
TP35,LIV2201,631,1,_
TP35,LTN2201,371,1,_
TP35,LTN2202,372,1,_
TP35,MCH1101,504,1,_
TP35,MDN1101,25,1,_
TP35,MDN2201,26,1,_
TP35,MGM1101,455,1,_
TP35,MHO1101,375,1,_
TP35,MHO1102,376,1,_
TP35,MHT1102,422,1,_
TP35,MHT1103,423,1,_
TP35,MKT1101,314,1,_
TP35,MLG1101,459,1,_
TP35,MLG1102,458,1,_
TP35,MNI1101,329,1,_
TP35,MST1101,461,1,_
TP35,MTI2201,211,1,_
TP35,MTM1101,213,1,_
TP35,MTN1101,379,1,_
TP35,MTN1102,378,1,_
TP35,MTO1101,29,1,_
TP35,MTO1102,30,1,_
TP35,MTR1101,381,1,_
TP35,MVE1101,102,1,_
TP35,MVE1102,103,1,_
TP35,NGA1101,31,1,_
TP35,NMA2201,712,1,_
TP35,NPK1101,383,1,_
TP35,NPL1101,333,1,_
TP35,NPL2201,334,1,_
TP35,NSY2201,633,1,_
TP35,OAM1101,635,1,_
TP35,OAM1102,752,1,_
TP35,OHA2201,640,1,_
TP35,OHB2201,645,1,_
TP35,OHC2201,650,1,_
TP35,OHK2201,223,1,_
TP35,OHW2201,136,1,_
TP35,OHW2202,136,1,_
TP35,OKE1101,224,1,_
TP35,OKI2201,227,0.5,_
TP35,OKI2201,229,0.5,_
TP35,OKN1101,385,1,_
TP35,ONG1101,138,1,_
TP35,OPI2201,540,1,_
TP35,OPI2202,539,1,_
TP35,OPK1101,743,1,_
TP35,OPK1102,336,1,_
TP35,OTA1103,70,1,_
TP35,OTA1104,734,1,_
TP35,OTA1105,70,1,_
TP35,OTA1106,734,1,_
TP35,OTA1107,70,1,_
TP35,OTA1108,734,1,_
TP35,OTA1109,70,1,_
TP35,OTA110A,734,1,_
TP35,OTA2201,72,1,_
TP35,OTA2202,73,1,_
TP35,OTA2203,71,1,_
TP35,OTI0661,596,1,_
TP35,OWH1101,240,1,_
TP35,PAK2201,76,1,_
TP35,PEN0222,79,1,_
TP35,PEN2201,87,1,_
TP35,PIE1101,173,1,_
TP35,PNI1101,463,1,_
TP35,PNI1102,464,1,_
TP35,PRM2201,468,1,_
TP35,PRM2202,469,1,_
TP35,PRT2201,425,1,_
TP35,PRT2202,424,1,_
TP35,RDF1101,296,1,_
TP35,RDF1102,296,1,_
TP35,RDF2201,297,1,_
TP35,RFC1101,483,1,_
TP35,ROT1102,247,1,_
TP35,ROX1101,723,1,_
TP35,ROX2201,724,1,_
TP35,RPO2201,388,1,_
TP35,RTO1101,104,1,_
TP35,RTR1101,365,1,_
TP35,SDN2201,726,1,_
TP35,SFD1101,344,1,_
TP35,STK1101,515,1,_
TP35,STK2201,516,1,_
TP35,STU1101,654,1,_
TP35,SVL2201,33,1,_
TP35,SVL2202,34,1,_
TP35,TAK2201,92,1,_
TP35,TAK2202,93,1,_
TP35,TGA1101,252,1,_
TP35,TIM1101,557,1,_
TP35,TIM2201,559,1,_
TP35,TIM2202,558,1,_
TP35,TKA0111,560,1,_
TP35,TKA1101,562,1,_
TP35,TKB2201,657,1,_
TP35,TKH0501,257,1,_
TP35,TKR1101,471,1,_
TP35,TKU2201,396,1,_
TP35,TMH2201,727,1,_
TP35,TMI1101,259,1,_
TP35,TMK1101,5149,1,_
TP35,TMK1102,565,1,_
TP35,TMN2201,399,1,_
TP35,TMU1101,141,1,_
TP35,TNG2201,403,1,_
TP35,TRK1101,267,1,_
TP35,TRK1102,267,1,_
TP35,TRK2201,268,1,_
TP35,TWH2201,149,1,_
TP35,TWT2201,369,1,_
TP35,TWZ2201,659,1,_
TP35,TWZ2202,659,1,_
TP35,UHT1101,473,1,_
TP35,WAI0501,270,1,_
TP35,WAI1101,271,1,_
TP35,WDV1102,410,1,_
TP35,WEL1101,40,1,_
TP35,WEL1102,39,1,_
TP35,WGN1101,412,1,_
TP35,WHU1101,151,1,_
TP35,WIL1101,477,1,_
TP35,WIL2201,478,1,_
TP35,WIR1101,95,1,_
TP35,WIR1102,736,1,_
TP35,WKM2202,282,1,_
TP35,WKO1101,153,1,_
TP35,WMG1101,746,1,_
TP35,WMG1102,517,1,_
TP35,WPA2201,284,1,_
TP35,WPR2202,538,1,_
TP35,WPR2203,537,1,_
TP35,WPT1101,747,1,_
TP35,WPT1102,519,1,_
TP35,WPW1101,414,1,_
TP35,WPW1102,415,1,_
TP35,WRD2201,44,1,_
TP35,WRK2201,292,1,_
TP35,WTK1101,666,1,_
TP35,WTK1102,667,1,_
TP35,WTK2201,668,1,_
TP35,WTU2201,741,1,_
TP35,WTU2202,312,1,_
TP35,WVY1101,353,1,_
TP36,ARA2201_ARA0,160,0.333333333,_
TP36,ARA2201_ARA0,161,0.333333333,_
TP36,ARA2201_ARA0,162,0.333333333,_
TP36,ARG1101_BRR0,486,1,_
TP36,ARI1101_ARI0,100,0.25,_
TP36,ARI1101_ARI0,97,0.25,_
TP36,ARI1101_ARI0,98,0.25,_
TP36,ARI1101_ARI0,99,0.25,_
TP36,ARI1102_ARI0,96,1,_
TP36,ASB0661_HBK0,554,1,_
TP36,ATI2201_ATI0,164,1,_
TP36,AVI2201_AVI0,599,0.25,_
TP36,AVI2201_AVI0,600,0.25,_
TP36,AVI2201_AVI0,601,0.25,_
TP36,AVI2201_AVI0,602,0.25,_
TP36,BEN2202_BEN0,606,0.166666667,_
TP36,BEN2202_BEN0,607,0.166666667,_
TP36,BEN2202_BEN0,608,0.166666667,_
TP36,BEN2202_BEN0,609,0.166666667,_
TP36,BEN2202_BEN0,610,0.166666667,_
TP36,BEN2202_BEN0,611,0.166666667,_
TP36,BOB1101,46,1,_
TP36,BPE0331_TWF0,408,1,_
TP36,BWK1101_WPI0,731,1,_
TP36,COL0661_COL0,574,0.447368421,_
TP36,COL0661_COL0,750,0.552631579,_
TP36,CPK0331,418,1,_
TP36,CYD2201_CYD0,674,0.25,_
TP36,CYD2201_CYD0,675,0.25,_
TP36,CYD2201_CYD0,676,0.25,_
TP36,CYD2201_CYD0,677,0.25,_
TP36,GLN0332_GLN0,50,1,_
TP36,HAM0331,109,1,_
TP36,HIN0331,114,1,_
TP36,HLY2201_HLY1,119,1,_
TP36,HLY2201_HLY2,118,1,_
TP36,HLY2201_HLY5,120,1,_
TP36,HLY2201_HLY6,117,1,_
TP36,HWA1101_PTA1,337,1,_
TP36,HWA1101_PTA2,337,1,_
TP36,HWA1101_PTA3,337,1,_
TP36,HWA1102_WAA0,348,0.416909621,_
TP36,HWA1102_WAA0,350,0.583090379,_
TP36,HWA1102_WAA1,348,0.416909621,_
TP36,HWA1102_WAA1,350,0.583090379,_
TP36,HWB0331_MAH0,700,1,_
TP36,HWB0331_WPI0,730,1,_
TP36,ISL0331,525,1,_
TP36,KAW0111,179,1,_
TP36,KAW0112_ONU0,235,0.29467381,_
TP36,KAW0112_ONU0,236,0.204853451,_
TP36,KAW0112_ONU0,237,0.126063662,_
TP36,KAW0112_ONU0,238,0.374409077,_
TP36,KAW0113,178,1,_
TP36,KAW1101_KAG0,174,1,_
TP36,KIN0112_KIN0,125,1,_
TP36,KIN0331,127,1,_
TP36,KPA1101_KPI1,323,1,_
TP36,KPO1101_KPO0,130,0.333333333,_
TP36,KPO1101_KPO0,131,0.333333333,_
TP36,KPO1101_KPO0,132,0.333333333,_
TP36,KPU0661,134,1,_
TP36,KUM0661_KUM0,593,1,_
TP36,LTN0331_TWF0,407,1,_
TP36,MAN2201_MAN0,702,0.142857143,_
TP36,MAN2201_MAN0,703,0.142857143,_
TP36,MAN2201_MAN0,704,0.142857143,_
TP36,MAN2201_MAN0,705,0.142857143,_
TP36,MAN2201_MAN0,706,0.142857143,_
TP36,MAN2201_MAN0,707,0.142857143,_
TP36,MAN2201_MAN0,708,0.142857143,_
TP36,MAT1101_ANI0,154,0.5,_
TP36,MAT1101_ANI0,155,0.5,_
TP36,MAT1101_MAT0,195,0.5,_
TP36,MAT1101_MAT0,196,0.5,_
TP36,MHO0331_MHO0,373,1,_
TP36,MKE1101_MKE1,325,0.5,_
TP36,MKE1101_MKE1,326,0.5,_
TP36,MPE1101,27,1,_
TP36,MTI2201_MTI0,201,0.1,_
TP36,MTI2201_MTI0,202,0.1,_
TP36,MTI2201_MTI0,203,0.1,_
TP36,MTI2201_MTI0,204,0.1,_
TP36,MTI2201_MTI0,205,0.1,_
TP36,MTI2201_MTI0,206,0.1,_
TP36,MTI2201_MTI0,207,0.1,_
TP36,MTI2201_MTI0,208,0.1,_
TP36,MTI2201_MTI0,209,0.1,_
TP36,MTI2201_MTI0,210,0.1,_
TP36,NAP2201_NAP0,214,1,_
TP36,NAP2202_NTM0,216,0.5,_
TP36,NAP2202_NTM0,217,0.5,_
TP36,NMA0331_WHL0,729,1,_
TP36,NSY0331_PAE0,651,1,_
TP36,OHA2201_OHA0,636,0.25,_
TP36,OHA2201_OHA0,637,0.25,_
TP36,OHA2201_OHA0,638,0.25,_
TP36,OHA2201_OHA0,639,0.25,_
TP36,OHB2201_OHB0,641,0.25,_
TP36,OHB2201_OHB0,642,0.25,_
TP36,OHB2201_OHB0,643,0.25,_
TP36,OHB2201_OHB0,644,0.25,_
TP36,OHC2201_OHC0,646,0.25,_
TP36,OHC2201_OHC0,647,0.25,_
TP36,OHC2201_OHC0,648,0.25,_
TP36,OHC2201_OHC0,649,0.25,_
TP36,OHK2201_OHK0,219,0.25,_
TP36,OHK2201_OHK0,220,0.25,_
TP36,OHK2201_OHK0,221,0.25,_
TP36,OHK2201_OHK0,222,0.25,_
TP36,OKI2201_OKI0,228,0.099099099,_
TP36,OKI2201_OKI0,230,0.450450451,_
TP36,OKI2201_OKI0,231,0.450450451,_
TP36,PEN0331,81,1,_
TP36,PPI2201_PPI0,241,1,_
TP36,PRM0331,465,1,_
TP36,ROT1101_WHE0,272,1,_
TP36,ROX1101_ROX0,714,0.333333333,_
TP36,ROX1101_ROX0,715,0.333333333,_
TP36,ROX1101_ROX0,716,0.333333333,_
TP36,ROX2201_ROX0,717,0.2,_
TP36,ROX2201_ROX0,718,0.2,_
TP36,ROX2201_ROX0,719,0.2,_
TP36,ROX2201_ROX0,720,0.2,_
TP36,ROX2201_ROX0,721,0.2,_
TP36,RPO2201_RPO0,386,0.5,_
TP36,RPO2201_RPO0,387,0.5,_
TP36,SFD2201_SFD21,340,1,_
TP36,SFD2201_SFD22,341,1,_
TP36,SFD2201_SPL0,346,1,_
TP36,STK0661_COB0,491,1,_
TP36,TGA0331_KMI0,183,1,_
TP36,THI2201_THI1,253,1,_
TP36,THI2201_THI2,254,1,_
TP36,TKA0111_TKA1,560,1,_
TP36,TKB2201_TKB1,655,0.5,_
TP36,TKB2201_TKB1,656,0.5,_
TP36,TKU2201_TKU0,391,0.25,_
TP36,TKU2201_TKU0,392,0.25,_
TP36,TKU2201_TKU0,393,0.25,_
TP36,TKU2201_TKU0,394,0.25,_
TP36,TUI1101_KTW0,298,0.5,_
TP36,TUI1101_KTW0,299,0.5,_
TP36,TUI1101_PRI0,300,0.5,_
TP36,TUI1101_PRI0,301,0.5,_
TP36,TUI1101_TUI0,302,0.333333333,_
TP36,TUI1101_TUI0,303,0.333333333,_
TP36,TUI1101_TUI0,304,0.333333333,_
TP36,TWC2201_NZW0,404,1,_
TP36,TWC2201_TWF0,405,1,_
TP36,TWH0331_TRC1,142,1,_
TP36,TWH0331_TUK0,147,1,_
TP36,WDV1101_TAP0,389,1,_
TP36,WGN0331,411,1,_
TP36,WHI0111,306,1,_
TP36,WHI2201_WHI0,307,0.333333333,_
TP36,WHI2201_WHI0,308,0.333333333,_
TP36,WHI2201_WHI0,309,0.333333333,_
TP36,WHU0331,150,1,_
TP36,WIL0331_MCK0,482,1,_
TP36,WKM2201_MOK0,198,0.524257784,_
TP36,WKM2201_MOK0,199,0.475742216,_
TP36,WKM2201_WKM0,274,0.25,_
TP36,WKM2201_WKM0,275,0.25,_
TP36,WKM2201_WKM0,276,0.25,_
TP36,WKM2201_WKM0,277,0.25,_
TP36,WKO0331,152,1,_
TP36,WPA2201_WPA0,283,1,_
TP36,WRK0331_RKA0,740,1,_
TP36,WRK0331_TAA0,248,1,_
TP36,WRK2201_WRK0,285,0.340664962,_
TP36,WRK2201_WRK0,286,0.170332481,_
TP36,WRK2201_WRK0,287,0.19028133,_
TP36,WRK2201_WRK0,288,0.211764706,_
TP36,WRK2201_WRK0,289,0.086956522,_
TP36,WTK0111_WTK0,660,1,_
TP36,WWD1102_WWD0,479,1,_
TP36,WWD1103_WWD0,744,1,_
TP36,KAW0112_DLS0,176,1,_
TP36,KAW0113_DLS1,178,1,_
TP36,ABY0111,541,1,_
TP36,ALB0331,4,1,_
TP36,ALB1101,41,1,_
TP36,APS0111,569,1,_
TP36,ARG1101,487,1,_
TP36,ASB0331,543,1,_
TP36,ASB0661,544,1,_
TP36,ASY0111,520,0.5,_
TP36,ASY0111,748,0.5,_
TP36,ATU1101,488,1,_
TP36,BAL0331,669,1,_
TP36,BDE0111,671,1,_
TP36,BLN0331,489,1,_
TP36,BOB0331,45,1,_
TP36,BPD1101,618,1,_
TP36,BPE0331,357,1,_
TP36,BPE0551,358,0.5,_
TP36,BPE0551,359,0.5,_
TP36,BPT1101,619,1,_
TP36,BRB0331,8,1,_
TP36,BRK0331,315,1,_
TP36,BRY0661,549,1,_
TP36,BWK1101,673,1,_
TP36,CBG0111,105,1,_
TP36,CLH0111,572,1,_
TP36,CML0331,620,1,_
TP36,COL0111,575,1,_
TP36,COL0661,576,1,_
TP36,CPK0111,416,0.5,_
TP36,CPK0111,417,0.5,_
TP36,CST0331,317,1,_
TP36,CUL0331,493,1,_
TP36,CUL0661,494,1,_
TP36,CYD0331,678,1,_
TP36,CYD2201,679,1,_
TP36,DOB0331,579,1,_
TP36,DVK0111,366,1,_
TP36,EDG0331,168,1,_
TP36,EDN0331,680,1,_
TP36,FHL0331,293,1,_
TP36,FKN0331,628,1,_
TP36,GFD0331,426,1,_
TP36,GLN0331,733,1,_
TP36,GLN0332,51,1,_
TP36,GOR0331,682,1,_
TP36,GYM0661,585,1,_
TP36,GYT0331,429,1,_
TP36,HAM0111,108,1,_
TP36,HAM0551,110,1,_
TP36,HAM0551,5031,0,_
TP36,HAY0111,434,1,_
TP36,HAY0331,443,1,_
TP36,HEN0331,12,1,_
TP36,HEP0331,17,1,_
TP36,HKK0661,587,1,_
TP36,HLY0331,121,1,_
TP36,HOB1101,56,1,_
TP36,HOR0331,589,1,_
TP36,HOR0661,590,1,_
TP36,HTI0331,123,1,_
TP36,HUI0331,319,1,_
TP36,HWA0331,321,1,_
TP36,HWA0332,742,1,_
TP36,HWA1101,322,1,_
TP36,HWA1102,322,1,_
TP36,HWB0331,688,1,_
TP36,HWB0332,753,1,_
TP36,HWB1101,693,1,_
TP36,INV0331,696,1,_
TP36,ISL0661,526,1,_
TP36,KAI0111,531,1,_
TP36,KAW0112,176,1,_
TP36,KAW1101,181,1,_
TP36,KBY0661,591,1,_
TP36,KBY0662,591,1,_
TP36,KIK0111,745,1,_
TP36,KIN0111,126,1,_
TP36,KIN0112,125,1,_
TP36,KIN0113,738,1,_
TP36,KMO0331,187,1,_
TP36,KOE1101,20,1,_
TP36,KPA1101,324,1,_
TP36,KUM0661,593,1,_
TP36,KWA0111,451,1,_
TP36,LFD1101,192,1,_
TP36,LFD1102,192,1,_
TP36,LTN0331,370,1,_
TP36,MAN2201,701,1,_
TP36,MAT1101,156,0.909090909,_
TP36,MAT1101,197,0.090909091,_
TP36,MCH0111,503,1,_
TP36,MER0331,60,1,_
TP36,MGM0331,454,1,_
TP36,MHO0331,374,1,_
TP36,MKE1101,325,0.5,_
TP36,MKE1101,326,0.5,_
TP36,MLG0111,456,1,_
TP36,MLG0331,457,1,_
TP36,MNG0331,61,1,_
TP36,MNG1101,62,1,_
TP36,MNI0111,328,1,_
TP36,MST0331,460,1,_
TP36,MTM0331,212,1,_
TP36,MTN0331,377,1,_
TP36,MTO0331,28,1,_
TP36,MTR0331,380,1,_
TP36,NAP2201,214,1,_
TP36,NAP2202,215,1,_
TP36,NMA0331,711,1,_
TP36,NPK0331,382,1,_
TP36,NPL0331,331,1,_
TP36,NSY0331,632,1,_
TP36,OAM0331,634,1,_
TP36,OKN0111,384,1,_
TP36,ONG0331,137,1,_
TP36,OPK0331,335,1,_
TP36,ORO1101,507,1,_
TP36,ORO1102,508,1,_
TP36,OTA0221,66,1,_
TP36,OTI0111,595,1,_
TP36,OWH0111,239,1,_
TP36,PAK0331,75,1,_
TP36,PAO1101,139,1,_
TP36,PEN0221,79,1,_
TP36,PEN0251,80,1,_
TP36,PEN1101,56,0.190798081,_
TP36,PEN1101,58,0.645660707,_
TP36,PEN1101,88,0.163541212,_
TP36,PNI0331,462,1,_
TP36,PPI2201,241,0.5,_
TP36,PPI2201,242,0.5,_
TP36,RDF0331,295,1,_
TP36,RFN1101,506,1,_
TP36,RFN1102,505,1,_
TP36,ROS0221,89,1,_
TP36,ROS1101,90,1,_
TP36,ROT0111,245,1,_
TP36,ROT0331,246,1,_
TP36,ROT1101,247,1,_
TP36,SBK0331,533,1,_
TP36,SBK0661,534,1,_
TP36,SDN0331,725,1,_
TP36,SFD0331,342,1,_
TP36,SFD2201,345,1,_
TP36,STK0331,511,1,_
TP36,STK0661,512,1,_
TP36,STU0111,653,1,_
TP36,SVL0331,32,1,_
TP36,SWN0251,36,1,_
TP36,SWN2201,37,1,_
TP36,TAK0331,91,1,_
TP36,TGA0111,250,1,_
TP36,TGA0331,251,1,_
TP36,THI2201,255,1,_
TP36,TIM0111,556,1,_
TP36,TKA0331,561,1,_
TP36,TKH0111,256,1,_
TP36,TKR0331,470,1,_
TP36,TKU0331,395,1,_
TP36,TMI0331,258,1,_
TP36,TMK0331,563,1,_
TP36,TMN0551,397,0.5,_
TP36,TMN0551,398,0.5,_
TP36,TMU0111,140,1,_
TP36,TNG0111,400,1,_
TP36,TNG0551,401,0.5,_
TP36,TNG0551,402,0.5,_
TP36,TRK0111,260,1,_
TP36,TUI1101,305,1,_
TP36,TWC2201,406,1,_
TP36,TWH0331,143,0.253164557,_
TP36,TWH0331,148,0.746835443,_
TP36,TWI2201,728,1,_
TP36,TWZ0331,658,1,_
TP36,UHT0331,472,1,_
TP36,WAI0111,269,1,_
TP36,WDV0111,409,1,_
TP36,WDV1101,410,1,_
TP36,WEL0331,38,1,_
TP36,WHI2201,310,1,_
TP36,WIL0331,475,1,_
TP36,WIR0331,94,1,_
TP36,WKM2201,278,1,_
TP36,WPR0331,535,1,_
TP36,WPR0661,536,1,_
TP36,WPT0111,518,1,_
TP36,WPW0331,413,1,_
TP36,WRD0331,41,1,_
TP36,WRK0331,290,1,_
TP36,WTK0111,660,1,_
TP36,WTK0331,5151,1,_
TP36,WTU0331,311,1,_
TP36,WVY0111,352,1,_
TP36,WWD1102,481,1,_
TP36,WWD1103,480,1,_
TP36,ABY1101,542,1,_
TP36,ALB2201,7,1,_
TP36,APS0661,570,1,_
TP36,ARA2201,163,1,_
TP36,ARI1101,737,1,_
TP36,ARI1102,101,1,_
TP36,ASB2201,545,1,_
TP36,ASY0661,521,1,_
TP36,ATI2201,164,1,_
TP36,AVI2201,603,1,_
TP36,BAL1101,670,1,_
TP36,BDE1101,672,1,_
TP36,BEN2201,617,1,_
TP36,BEN2202,617,1,_
TP36,BEN3502,615,1,_
TP36,BEN3503,616,1,_
TP36,BHL2201,47,1,_
TP36,BHL2202,48,1,_
TP36,BLN1101,490,1,_
TP36,BPC1101,598,1,_
TP36,BPE1101,363,1,_
TP36,BPE2201,364,1,_
TP36,BRB2201,9,1,_
TP36,BRK2201,316,1,_
TP36,BRK2202,316,1,_
TP36,BRY2201,553,1,_
TP36,CBG1101,107,1,_
TP36,CBG1102,106,1,_
TP36,CLH0661,573,1,_
TP36,CML1101,625,1,_
TP36,CML1102,624,1,_
TP36,CML2201,627,1,_
TP36,CML2202,626,1,_
TP36,CPK1101,419,1,_
TP36,CPK1102,420,1,_
TP36,CPK1103,421,1,_
TP36,CST1101,318,1,_
TP36,CUL2202,495,1,_
TP36,CUL2203,496,1,_
TP36,DOB0661,580,1,_
TP36,DOB1101,584,1,_
TP36,DOB1102,583,1,_
TP36,DRY2201,49,1,_
TP36,DRY2202,49,1,_
TP36,DVK1101,367,1,_
TP36,DVK1102,368,1,_
TP36,EDG1101,171,1,_
TP36,EDG1102,171,1,_
TP36,EDG2201,172,1,_
TP36,EDN1101,681,1,_
TP36,FHL1101,294,1,_
TP36,FKN1101,630,1,_
TP36,FKN1102,629,1,_
TP36,GFD1101,428,1,_
TP36,GFD1102,427,1,_
TP36,GLN2201,53,1,_
TP36,GNY1101,597,1,_
TP36,GOR1101,683,1,_
TP36,GOR1102,683,1,_
TP36,GYT1101,430,1,_
TP36,GYT1102,431,1,_
TP36,HAM1101,112,1,_
TP36,HAM2201,113,1,_
TP36,HAY1101,447,1,_
TP36,HAY2201,450,1,_
TP36,HAY3502,449,1,_
TP36,HAY3503,448,1,_
TP36,HEN1101,15,1,_
TP36,HEN2201,16,1,_
TP36,HEP1101,18,1,_
TP36,HIN1101,115,1,_
TP36,HLY2201,116,1,_
TP36,HOB2201,57,1,_
TP36,HPI2201,19,1,_
TP36,HPI2202,19,1,_
TP36,HTI1101,124,1,_
TP36,HUI1101,320,1,_
TP36,HWA1001,322,1,_
TP36,HWB2201,694,1,_
TP36,IGH1101,497,1,_
TP36,INV1101,698,1,_
TP36,INV2201,699,1,_
TP36,INV2202,699,1,_
TP36,ISL2201,530,1,_
TP36,KAI0661,532,1,_
TP36,KAW2201,182,1,_
TP36,KBT0661,567,1,_
TP36,KBT0662,566,1,_
TP36,KIK1101,501,1,_
TP36,KIK2201,502,1,_
TP36,KIN1101,129,1,_
TP36,KIN1102,129,1,_
TP36,KMO1101,190,1,_
TP36,KMO1102,190,1,_
TP36,KMO1103,190,1,_
TP36,KMO2201,191,1,_
TP36,KPO1101,133,1,_
TP36,KPU1101,739,1,_
TP36,KPU1102,135,1,_
TP36,KWA1101,452,1,_
TP36,KWA1102,453,1,_
TP36,LIV2201,631,1,_
TP36,LTN2201,371,1,_
TP36,LTN2202,372,1,_
TP36,MCH1101,504,1,_
TP36,MDN1101,25,1,_
TP36,MDN2201,26,1,_
TP36,MGM1101,455,1,_
TP36,MHO1101,375,1,_
TP36,MHO1102,376,1,_
TP36,MHT1102,422,1,_
TP36,MHT1103,423,1,_
TP36,MKT1101,314,1,_
TP36,MLG1101,459,1,_
TP36,MLG1102,458,1,_
TP36,MNI1101,329,1,_
TP36,MST1101,461,1,_
TP36,MTI2201,211,1,_
TP36,MTM1101,213,1,_
TP36,MTN1101,379,1,_
TP36,MTN1102,378,1,_
TP36,MTO1101,29,1,_
TP36,MTO1102,30,1,_
TP36,MTR1101,381,1,_
TP36,MVE1101,102,1,_
TP36,MVE1102,103,1,_
TP36,NGA1101,31,1,_
TP36,NMA2201,712,1,_
TP36,NPK1101,383,1,_
TP36,NPL1101,333,1,_
TP36,NPL2201,334,1,_
TP36,NSY2201,633,1,_
TP36,OAM1101,635,1,_
TP36,OAM1102,752,1,_
TP36,OHA2201,640,1,_
TP36,OHB2201,645,1,_
TP36,OHC2201,650,1,_
TP36,OHK2201,223,1,_
TP36,OHW2201,136,1,_
TP36,OHW2202,136,1,_
TP36,OKE1101,224,1,_
TP36,OKI2201,227,0.5,_
TP36,OKI2201,229,0.5,_
TP36,OKN1101,385,1,_
TP36,ONG1101,138,1,_
TP36,OPI2201,540,1,_
TP36,OPI2202,539,1,_
TP36,OPK1101,743,1,_
TP36,OPK1102,336,1,_
TP36,OTA1103,70,1,_
TP36,OTA1104,734,1,_
TP36,OTA1105,70,1,_
TP36,OTA1106,734,1,_
TP36,OTA1107,70,1,_
TP36,OTA1108,734,1,_
TP36,OTA1109,70,1,_
TP36,OTA110A,734,1,_
TP36,OTA2201,72,1,_
TP36,OTA2202,73,1,_
TP36,OTA2203,71,1,_
TP36,OTI0661,596,1,_
TP36,OWH1101,240,1,_
TP36,PAK2201,76,1,_
TP36,PEN0222,79,1,_
TP36,PEN2201,87,1,_
TP36,PIE1101,173,1,_
TP36,PNI1101,463,1,_
TP36,PNI1102,464,1,_
TP36,PRM2201,468,1,_
TP36,PRM2202,469,1,_
TP36,PRT2201,425,1,_
TP36,PRT2202,424,1,_
TP36,RDF1101,296,1,_
TP36,RDF1102,296,1,_
TP36,RDF2201,297,1,_
TP36,RFC1101,483,1,_
TP36,ROT1102,247,1,_
TP36,ROX1101,723,1,_
TP36,ROX2201,724,1,_
TP36,RPO2201,388,1,_
TP36,RTO1101,104,1,_
TP36,RTR1101,365,1,_
TP36,SDN2201,726,1,_
TP36,SFD1101,344,1,_
TP36,STK1101,515,1,_
TP36,STK2201,516,1,_
TP36,STU1101,654,1,_
TP36,SVL2201,33,1,_
TP36,SVL2202,34,1,_
TP36,TAK2201,92,1,_
TP36,TAK2202,93,1,_
TP36,TGA1101,252,1,_
TP36,TIM1101,557,1,_
TP36,TIM2201,559,1,_
TP36,TIM2202,558,1,_
TP36,TKA0111,560,1,_
TP36,TKA1101,562,1,_
TP36,TKB2201,657,1,_
TP36,TKH0501,257,1,_
TP36,TKR1101,471,1,_
TP36,TKU2201,396,1,_
TP36,TMH2201,727,1,_
TP36,TMI1101,259,1,_
TP36,TMK1101,5144,1,_
TP36,TMK1102,565,1,_
TP36,TMN2201,399,1,_
TP36,TMU1101,141,1,_
TP36,TNG2201,403,1,_
TP36,TRK1101,267,1,_
TP36,TRK1102,267,1,_
TP36,TRK2201,268,1,_
TP36,TWH2201,149,1,_
TP36,TWT2201,369,1,_
TP36,TWZ2201,659,1,_
TP36,TWZ2202,659,1,_
TP36,UHT1101,473,1,_
TP36,WAI0501,270,1,_
TP36,WAI1101,271,1,_
TP36,WDV1102,410,1,_
TP36,WEL1101,40,1,_
TP36,WEL1102,39,1,_
TP36,WGN1101,412,1,_
TP36,WHU1101,151,1,_
TP36,WIL1101,477,1,_
TP36,WIL2201,478,1,_
TP36,WIR1101,95,1,_
TP36,WIR1102,736,1,_
TP36,WKM2202,282,1,_
TP36,WKO1101,153,1,_
TP36,WMG1101,746,1,_
TP36,WMG1102,517,1,_
TP36,WPA2201,284,1,_
TP36,WPR2202,538,1,_
TP36,WPR2203,537,1,_
TP36,WPT1101,747,1,_
TP36,WPT1102,519,1,_
TP36,WPW1101,414,1,_
TP36,WPW1102,415,1,_
TP36,WRD2201,44,1,_
TP36,WRK2201,292,1,_
TP36,WTK1101,666,1,_
TP36,WTK1102,667,1,_
TP36,WTK2201,668,1,_
TP36,WTU2201,741,1,_
TP36,WTU2202,312,1,_
TP36,WVY1101,353,1,_
TP37,ARA2201_ARA0,160,0.333333333,_
TP37,ARA2201_ARA0,161,0.333333333,_
TP37,ARA2201_ARA0,162,0.333333333,_
TP37,ARG1101_BRR0,486,1,_
TP37,ARI1101_ARI0,100,0.25,_
TP37,ARI1101_ARI0,97,0.25,_
TP37,ARI1101_ARI0,98,0.25,_
TP37,ARI1101_ARI0,99,0.25,_
TP37,ARI1102_ARI0,96,1,_
TP37,ASB0661_HBK0,554,1,_
TP37,ATI2201_ATI0,164,1,_
TP37,AVI2201_AVI0,599,0.25,_
TP37,AVI2201_AVI0,600,0.25,_
TP37,AVI2201_AVI0,601,0.25,_
TP37,AVI2201_AVI0,602,0.25,_
TP37,BEN2202_BEN0,606,0.166666667,_
TP37,BEN2202_BEN0,607,0.166666667,_
TP37,BEN2202_BEN0,608,0.166666667,_
TP37,BEN2202_BEN0,609,0.166666667,_
TP37,BEN2202_BEN0,610,0.166666667,_
TP37,BEN2202_BEN0,611,0.166666667,_
TP37,BOB1101,46,1,_
TP37,BPE0331_TWF0,408,1,_
TP37,BWK1101_WPI0,731,1,_
TP37,COL0661_COL0,574,0.447368421,_
TP37,COL0661_COL0,750,0.552631579,_
TP37,CPK0331,418,1,_
TP37,CYD2201_CYD0,674,0.25,_
TP37,CYD2201_CYD0,675,0.25,_
TP37,CYD2201_CYD0,676,0.25,_
TP37,CYD2201_CYD0,677,0.25,_
TP37,GLN0332_GLN0,50,1,_
TP37,HAM0331,109,1,_
TP37,HIN0331,114,1,_
TP37,HLY2201_HLY1,119,1,_
TP37,HLY2201_HLY2,118,1,_
TP37,HLY2201_HLY5,120,1,_
TP37,HLY2201_HLY6,117,1,_
TP37,HWA1101_PTA1,337,1,_
TP37,HWA1101_PTA2,337,1,_
TP37,HWA1101_PTA3,337,1,_
TP37,HWA1102_WAA0,348,0.416909621,_
TP37,HWA1102_WAA0,350,0.583090379,_
TP37,HWA1102_WAA1,348,0.416909621,_
TP37,HWA1102_WAA1,350,0.583090379,_
TP37,HWB0331_MAH0,700,1,_
TP37,HWB0331_WPI0,730,1,_
TP37,ISL0331,525,1,_
TP37,KAW0111,179,1,_
TP37,KAW0112_ONU0,235,0.29467381,_
TP37,KAW0112_ONU0,236,0.204853451,_
TP37,KAW0112_ONU0,237,0.126063662,_
TP37,KAW0112_ONU0,238,0.374409077,_
TP37,KAW0113,178,1,_
TP37,KAW1101_KAG0,174,1,_
TP37,KIN0112_KIN0,125,1,_
TP37,KIN0331,127,1,_
TP37,KPA1101_KPI1,323,1,_
TP37,KPO1101_KPO0,130,0.333333333,_
TP37,KPO1101_KPO0,131,0.333333333,_
TP37,KPO1101_KPO0,132,0.333333333,_
TP37,KPU0661,134,1,_
TP37,KUM0661_KUM0,593,1,_
TP37,LTN0331_TWF0,407,1,_
TP37,MAN2201_MAN0,702,0.142857143,_
TP37,MAN2201_MAN0,703,0.142857143,_
TP37,MAN2201_MAN0,704,0.142857143,_
TP37,MAN2201_MAN0,705,0.142857143,_
TP37,MAN2201_MAN0,706,0.142857143,_
TP37,MAN2201_MAN0,707,0.142857143,_
TP37,MAN2201_MAN0,708,0.142857143,_
TP37,MAT1101_ANI0,154,0.5,_
TP37,MAT1101_ANI0,155,0.5,_
TP37,MAT1101_MAT0,195,0.5,_
TP37,MAT1101_MAT0,196,0.5,_
TP37,MHO0331_MHO0,373,1,_
TP37,MKE1101_MKE1,325,0.5,_
TP37,MKE1101_MKE1,326,0.5,_
TP37,MPE1101,27,1,_
TP37,MTI2201_MTI0,201,0.1,_
TP37,MTI2201_MTI0,202,0.1,_
TP37,MTI2201_MTI0,203,0.1,_
TP37,MTI2201_MTI0,204,0.1,_
TP37,MTI2201_MTI0,205,0.1,_
TP37,MTI2201_MTI0,206,0.1,_
TP37,MTI2201_MTI0,207,0.1,_
TP37,MTI2201_MTI0,208,0.1,_
TP37,MTI2201_MTI0,209,0.1,_
TP37,MTI2201_MTI0,210,0.1,_
TP37,NAP2201_NAP0,214,1,_
TP37,NAP2202_NTM0,216,0.5,_
TP37,NAP2202_NTM0,217,0.5,_
TP37,NMA0331_WHL0,729,1,_
TP37,NSY0331_PAE0,651,1,_
TP37,OHA2201_OHA0,636,0.25,_
TP37,OHA2201_OHA0,637,0.25,_
TP37,OHA2201_OHA0,638,0.25,_
TP37,OHA2201_OHA0,639,0.25,_
TP37,OHB2201_OHB0,641,0.25,_
TP37,OHB2201_OHB0,642,0.25,_
TP37,OHB2201_OHB0,643,0.25,_
TP37,OHB2201_OHB0,644,0.25,_
TP37,OHC2201_OHC0,646,0.25,_
TP37,OHC2201_OHC0,647,0.25,_
TP37,OHC2201_OHC0,648,0.25,_
TP37,OHC2201_OHC0,649,0.25,_
TP37,OHK2201_OHK0,219,0.25,_
TP37,OHK2201_OHK0,220,0.25,_
TP37,OHK2201_OHK0,221,0.25,_
TP37,OHK2201_OHK0,222,0.25,_
TP37,OKI2201_OKI0,228,0.099099099,_
TP37,OKI2201_OKI0,230,0.450450451,_
TP37,OKI2201_OKI0,231,0.450450451,_
TP37,PEN0331,81,1,_
TP37,PPI2201_PPI0,241,1,_
TP37,PRM0331,465,1,_
TP37,ROT1101_WHE0,272,1,_
TP37,ROX1101_ROX0,714,0.333333333,_
TP37,ROX1101_ROX0,715,0.333333333,_
TP37,ROX1101_ROX0,716,0.333333333,_
TP37,ROX2201_ROX0,717,0.2,_
TP37,ROX2201_ROX0,718,0.2,_
TP37,ROX2201_ROX0,719,0.2,_
TP37,ROX2201_ROX0,720,0.2,_
TP37,ROX2201_ROX0,721,0.2,_
TP37,RPO2201_RPO0,386,0.5,_
TP37,RPO2201_RPO0,387,0.5,_
TP37,SFD2201_SFD21,340,1,_
TP37,SFD2201_SFD22,341,1,_
TP37,SFD2201_SPL0,346,1,_
TP37,STK0661_COB0,491,1,_
TP37,TGA0331_KMI0,183,1,_
TP37,THI2201_THI1,253,1,_
TP37,THI2201_THI2,254,1,_
TP37,TKA0111_TKA1,560,1,_
TP37,TKB2201_TKB1,655,0.5,_
TP37,TKB2201_TKB1,656,0.5,_
TP37,TKU2201_TKU0,391,0.25,_
TP37,TKU2201_TKU0,392,0.25,_
TP37,TKU2201_TKU0,393,0.25,_
TP37,TKU2201_TKU0,394,0.25,_
TP37,TUI1101_KTW0,298,0.5,_
TP37,TUI1101_KTW0,299,0.5,_
TP37,TUI1101_PRI0,300,0.5,_
TP37,TUI1101_PRI0,301,0.5,_
TP37,TUI1101_TUI0,302,0.333333333,_
TP37,TUI1101_TUI0,303,0.333333333,_
TP37,TUI1101_TUI0,304,0.333333333,_
TP37,TWC2201_NZW0,404,1,_
TP37,TWC2201_TWF0,405,1,_
TP37,TWH0331_TRC1,142,1,_
TP37,TWH0331_TUK0,147,1,_
TP37,WDV1101_TAP0,389,1,_
TP37,WGN0331,411,1,_
TP37,WHI0111,306,1,_
TP37,WHI2201_WHI0,307,0.333333333,_
TP37,WHI2201_WHI0,308,0.333333333,_
TP37,WHI2201_WHI0,309,0.333333333,_
TP37,WHU0331,150,1,_
TP37,WIL0331_MCK0,482,1,_
TP37,WKM2201_MOK0,198,0.524257784,_
TP37,WKM2201_MOK0,199,0.475742216,_
TP37,WKM2201_WKM0,274,0.25,_
TP37,WKM2201_WKM0,275,0.25,_
TP37,WKM2201_WKM0,276,0.25,_
TP37,WKM2201_WKM0,277,0.25,_
TP37,WKO0331,152,1,_
TP37,WPA2201_WPA0,283,1,_
TP37,WRK0331_RKA0,740,1,_
TP37,WRK0331_TAA0,248,1,_
TP37,WRK2201_WRK0,285,0.340664962,_
TP37,WRK2201_WRK0,286,0.170332481,_
TP37,WRK2201_WRK0,287,0.19028133,_
TP37,WRK2201_WRK0,288,0.211764706,_
TP37,WRK2201_WRK0,289,0.086956522,_
TP37,WTK0111_WTK0,660,1,_
TP37,WWD1102_WWD0,479,1,_
TP37,WWD1103_WWD0,744,1,_
TP37,KAW0112_DLS0,176,1,_
TP37,KAW0113_DLS1,178,1,_
TP37,ABY0111,541,1,_
TP37,ALB0331,4,1,_
TP37,ALB1101,41,1,_
TP37,APS0111,569,1,_
TP37,ARG1101,487,1,_
TP37,ASB0331,543,1,_
TP37,ASB0661,544,1,_
TP37,ASY0111,520,0.5,_
TP37,ASY0111,748,0.5,_
TP37,ATU1101,488,1,_
TP37,BAL0331,669,1,_
TP37,BDE0111,671,1,_
TP37,BLN0331,489,1,_
TP37,BOB0331,45,1,_
TP37,BPD1101,618,1,_
TP37,BPE0331,357,1,_
TP37,BPE0551,358,0.5,_
TP37,BPE0551,359,0.5,_
TP37,BPT1101,619,1,_
TP37,BRB0331,8,1,_
TP37,BRK0331,315,1,_
TP37,BRY0661,549,1,_
TP37,BWK1101,673,1,_
TP37,CBG0111,105,1,_
TP37,CLH0111,572,1,_
TP37,CML0331,620,1,_
TP37,COL0111,575,1,_
TP37,COL0661,576,1,_
TP37,CPK0111,416,0.5,_
TP37,CPK0111,417,0.5,_
TP37,CST0331,317,1,_
TP37,CUL0331,493,1,_
TP37,CUL0661,494,1,_
TP37,CYD0331,678,1,_
TP37,CYD2201,679,1,_
TP37,DOB0331,579,1,_
TP37,DVK0111,366,1,_
TP37,EDG0331,168,1,_
TP37,EDN0331,680,1,_
TP37,FHL0331,293,1,_
TP37,FKN0331,628,1,_
TP37,GFD0331,426,1,_
TP37,GLN0331,733,1,_
TP37,GLN0332,51,1,_
TP37,GOR0331,682,1,_
TP37,GYM0661,585,1,_
TP37,GYT0331,429,1,_
TP37,HAM0111,108,1,_
TP37,HAM0551,110,1,_
TP37,HAM0551,5031,0,_
TP37,HAY0111,434,1,_
TP37,HAY0331,443,1,_
TP37,HEN0331,12,1,_
TP37,HEP0331,17,1,_
TP37,HKK0661,587,1,_
TP37,HLY0331,121,1,_
TP37,HOB1101,56,1,_
TP37,HOR0331,589,1,_
TP37,HOR0661,590,1,_
TP37,HTI0331,123,1,_
TP37,HUI0331,319,1,_
TP37,HWA0331,321,1,_
TP37,HWA0332,742,1,_
TP37,HWA1101,322,1,_
TP37,HWA1102,322,1,_
TP37,HWB0331,688,1,_
TP37,HWB0332,753,1,_
TP37,HWB1101,693,1,_
TP37,INV0331,696,1,_
TP37,ISL0661,526,1,_
TP37,KAI0111,531,1,_
TP37,KAW0112,176,1,_
TP37,KAW1101,181,1,_
TP37,KBY0661,591,1,_
TP37,KBY0662,591,1,_
TP37,KIK0111,745,1,_
TP37,KIN0111,126,1,_
TP37,KIN0112,125,1,_
TP37,KIN0113,738,1,_
TP37,KMO0331,187,1,_
TP37,KOE1101,20,1,_
TP37,KPA1101,324,1,_
TP37,KUM0661,593,1,_
TP37,KWA0111,451,1,_
TP37,LFD1101,192,1,_
TP37,LFD1102,192,1,_
TP37,LTN0331,370,1,_
TP37,MAN2201,701,1,_
TP37,MAT1101,156,0.909090909,_
TP37,MAT1101,197,0.090909091,_
TP37,MCH0111,503,1,_
TP37,MER0331,60,1,_
TP37,MGM0331,454,1,_
TP37,MHO0331,374,1,_
TP37,MKE1101,325,0.5,_
TP37,MKE1101,326,0.5,_
TP37,MLG0111,456,1,_
TP37,MLG0331,457,1,_
TP37,MNG0331,61,1,_
TP37,MNG1101,62,1,_
TP37,MNI0111,328,1,_
TP37,MST0331,460,1,_
TP37,MTM0331,212,1,_
TP37,MTN0331,377,1,_
TP37,MTO0331,28,1,_
TP37,MTR0331,380,1,_
TP37,NAP2201,214,1,_
TP37,NAP2202,215,1,_
TP37,NMA0331,711,1,_
TP37,NPK0331,382,1,_
TP37,NPL0331,331,1,_
TP37,NSY0331,632,1,_
TP37,OAM0331,634,1,_
TP37,OKN0111,384,1,_
TP37,ONG0331,137,1,_
TP37,OPK0331,335,1,_
TP37,ORO1101,507,1,_
TP37,ORO1102,508,1,_
TP37,OTA0221,66,1,_
TP37,OTI0111,595,1,_
TP37,OWH0111,239,1,_
TP37,PAK0331,75,1,_
TP37,PAO1101,139,1,_
TP37,PEN0221,79,1,_
TP37,PEN0251,80,1,_
TP37,PEN1101,56,0.190798081,_
TP37,PEN1101,58,0.645660707,_
TP37,PEN1101,88,0.163541212,_
TP37,PNI0331,462,1,_
TP37,PPI2201,241,0.5,_
TP37,PPI2201,242,0.5,_
TP37,RDF0331,295,1,_
TP37,RFN1101,506,1,_
TP37,RFN1102,505,1,_
TP37,ROS0221,89,1,_
TP37,ROS1101,90,1,_
TP37,ROT0111,245,1,_
TP37,ROT0331,246,1,_
TP37,ROT1101,247,1,_
TP37,SBK0331,533,1,_
TP37,SBK0661,534,1,_
TP37,SDN0331,725,1,_
TP37,SFD0331,342,1,_
TP37,SFD2201,345,1,_
TP37,STK0331,511,1,_
TP37,STK0661,512,1,_
TP37,STU0111,653,1,_
TP37,SVL0331,32,1,_
TP37,SWN0251,36,1,_
TP37,SWN2201,37,1,_
TP37,TAK0331,91,1,_
TP37,TGA0111,250,1,_
TP37,TGA0331,251,1,_
TP37,THI2201,255,1,_
TP37,TIM0111,556,1,_
TP37,TKA0331,561,1,_
TP37,TKH0111,256,1,_
TP37,TKR0331,470,1,_
TP37,TKU0331,395,1,_
TP37,TMI0331,258,1,_
TP37,TMK0331,563,1,_
TP37,TMN0551,397,0.5,_
TP37,TMN0551,398,0.5,_
TP37,TMU0111,140,1,_
TP37,TNG0111,400,1,_
TP37,TNG0551,401,0.5,_
TP37,TNG0551,402,0.5,_
TP37,TRK0111,260,1,_
TP37,TUI1101,305,1,_
TP37,TWC2201,406,1,_
TP37,TWH0331,143,0.253164557,_
TP37,TWH0331,148,0.746835443,_
TP37,TWI2201,728,1,_
TP37,TWZ0331,658,1,_
TP37,UHT0331,472,1,_
TP37,WAI0111,269,1,_
TP37,WDV0111,409,1,_
TP37,WDV1101,410,1,_
TP37,WEL0331,38,1,_
TP37,WHI2201,310,1,_
TP37,WIL0331,475,1,_
TP37,WIR0331,94,1,_
TP37,WKM2201,278,1,_
TP37,WPR0331,535,1,_
TP37,WPR0661,536,1,_
TP37,WPT0111,518,1,_
TP37,WPW0331,413,1,_
TP37,WRD0331,41,1,_
TP37,WRK0331,290,1,_
TP37,WTK0111,660,1,_
TP37,WTK0331,5151,1,_
TP37,WTU0331,311,1,_
TP37,WVY0111,352,1,_
TP37,WWD1102,481,1,_
TP37,WWD1103,480,1,_
TP37,ABY1101,542,1,_
TP37,ALB2201,7,1,_
TP37,APS0661,570,1,_
TP37,ARA2201,163,1,_
TP37,ARI1101,737,1,_
TP37,ARI1102,101,1,_
TP37,ASB2201,545,1,_
TP37,ASY0661,521,1,_
TP37,ATI2201,164,1,_
TP37,AVI2201,603,1,_
TP37,BAL1101,670,1,_
TP37,BDE1101,672,1,_
TP37,BEN2201,617,1,_
TP37,BEN2202,617,1,_
TP37,BEN3502,615,1,_
TP37,BEN3503,616,1,_
TP37,BHL2201,47,1,_
TP37,BHL2202,48,1,_
TP37,BLN1101,490,1,_
TP37,BPC1101,598,1,_
TP37,BPE1101,363,1,_
TP37,BPE2201,364,1,_
TP37,BRB2201,9,1,_
TP37,BRK2201,316,1,_
TP37,BRK2202,316,1,_
TP37,BRY2201,553,1,_
TP37,CBG1101,107,1,_
TP37,CBG1102,106,1,_
TP37,CLH0661,573,1,_
TP37,CML1101,625,1,_
TP37,CML1102,624,1,_
TP37,CML2201,627,1,_
TP37,CML2202,626,1,_
TP37,CPK1101,419,1,_
TP37,CPK1102,420,1,_
TP37,CPK1103,421,1,_
TP37,CST1101,318,1,_
TP37,CUL2202,495,1,_
TP37,CUL2203,496,1,_
TP37,DOB0661,580,1,_
TP37,DOB1101,584,1,_
TP37,DOB1102,583,1,_
TP37,DRY2201,49,1,_
TP37,DRY2202,49,1,_
TP37,DVK1101,367,1,_
TP37,DVK1102,368,1,_
TP37,EDG1101,171,1,_
TP37,EDG1102,171,1,_
TP37,EDG2201,172,1,_
TP37,EDN1101,681,1,_
TP37,FHL1101,294,1,_
TP37,FKN1101,630,1,_
TP37,FKN1102,629,1,_
TP37,GFD1101,428,1,_
TP37,GFD1102,427,1,_
TP37,GLN2201,53,1,_
TP37,GNY1101,597,1,_
TP37,GOR1101,683,1,_
TP37,GOR1102,683,1,_
TP37,GYT1101,430,1,_
TP37,GYT1102,431,1,_
TP37,HAM1101,112,1,_
TP37,HAM2201,113,1,_
TP37,HAY1101,447,1,_
TP37,HAY2201,450,1,_
TP37,HAY3502,449,1,_
TP37,HAY3503,448,1,_
TP37,HEN1101,15,1,_
TP37,HEN2201,16,1,_
TP37,HEP1101,18,1,_
TP37,HIN1101,115,1,_
TP37,HLY2201,116,1,_
TP37,HOB2201,57,1,_
TP37,HPI2201,19,1,_
TP37,HPI2202,19,1,_
TP37,HTI1101,124,1,_
TP37,HUI1101,320,1,_
TP37,HWA1001,322,1,_
TP37,HWB2201,694,1,_
TP37,IGH1101,497,1,_
TP37,INV1101,698,1,_
TP37,INV2201,699,1,_
TP37,INV2202,699,1,_
TP37,ISL2201,530,1,_
TP37,KAI0661,532,1,_
TP37,KAW2201,182,1,_
TP37,KBT0661,567,1,_
TP37,KBT0662,566,1,_
TP37,KIK1101,501,1,_
TP37,KIK2201,502,1,_
TP37,KIN1101,129,1,_
TP37,KIN1102,129,1,_
TP37,KMO1101,190,1,_
TP37,KMO1102,190,1,_
TP37,KMO1103,190,1,_
TP37,KMO2201,191,1,_
TP37,KPO1101,133,1,_
TP37,KPU1101,739,1,_
TP37,KPU1102,135,1,_
TP37,KWA1101,452,1,_
TP37,KWA1102,453,1,_
TP37,LIV2201,631,1,_
TP37,LTN2201,371,1,_
TP37,LTN2202,372,1,_
TP37,MCH1101,504,1,_
TP37,MDN1101,25,1,_
TP37,MDN2201,26,1,_
TP37,MGM1101,455,1,_
TP37,MHO1101,375,1,_
TP37,MHO1102,376,1,_
TP37,MHT1102,422,1,_
TP37,MHT1103,423,1,_
TP37,MKT1101,314,1,_
TP37,MLG1101,459,1,_
TP37,MLG1102,458,1,_
TP37,MNI1101,329,1,_
TP37,MST1101,461,1,_
TP37,MTI2201,211,1,_
TP37,MTM1101,213,1,_
TP37,MTN1101,379,1,_
TP37,MTN1102,378,1,_
TP37,MTO1101,29,1,_
TP37,MTO1102,30,1,_
TP37,MTR1101,381,1,_
TP37,MVE1101,102,1,_
TP37,MVE1102,103,1,_
TP37,NGA1101,31,1,_
TP37,NMA2201,712,1,_
TP37,NPK1101,383,1,_
TP37,NPL1101,333,1,_
TP37,NPL2201,334,1,_
TP37,NSY2201,633,1,_
TP37,OAM1101,635,1,_
TP37,OAM1102,752,1,_
TP37,OHA2201,640,1,_
TP37,OHB2201,645,1,_
TP37,OHC2201,650,1,_
TP37,OHK2201,223,1,_
TP37,OHW2201,136,1,_
TP37,OHW2202,136,1,_
TP37,OKE1101,224,1,_
TP37,OKI2201,227,0.5,_
TP37,OKI2201,229,0.5,_
TP37,OKN1101,385,1,_
TP37,ONG1101,138,1,_
TP37,OPI2201,540,1,_
TP37,OPI2202,539,1,_
TP37,OPK1101,743,1,_
TP37,OPK1102,336,1,_
TP37,OTA1103,70,1,_
TP37,OTA1104,734,1,_
TP37,OTA1105,70,1,_
TP37,OTA1106,734,1,_
TP37,OTA1107,70,1,_
TP37,OTA1108,734,1,_
TP37,OTA1109,70,1,_
TP37,OTA110A,734,1,_
TP37,OTA2201,72,1,_
TP37,OTA2202,73,1,_
TP37,OTA2203,71,1,_
TP37,OTI0661,596,1,_
TP37,OWH1101,240,1,_
TP37,PAK2201,76,1,_
TP37,PEN0222,79,1,_
TP37,PEN2201,87,1,_
TP37,PIE1101,173,1,_
TP37,PNI1101,463,1,_
TP37,PNI1102,464,1,_
TP37,PRM2201,468,1,_
TP37,PRM2202,469,1,_
TP37,PRT2201,425,1,_
TP37,PRT2202,424,1,_
TP37,RDF1101,296,1,_
TP37,RDF1102,296,1,_
TP37,RDF2201,297,1,_
TP37,RFC1101,483,1,_
TP37,ROT1102,247,1,_
TP37,ROX1101,723,1,_
TP37,ROX2201,724,1,_
TP37,RPO2201,388,1,_
TP37,RTO1101,104,1,_
TP37,RTR1101,365,1,_
TP37,SDN2201,726,1,_
TP37,SFD1101,344,1,_
TP37,STK1101,515,1,_
TP37,STK2201,516,1,_
TP37,STU1101,654,1,_
TP37,SVL2201,33,1,_
TP37,SVL2202,34,1,_
TP37,TAK2201,92,1,_
TP37,TAK2202,93,1,_
TP37,TGA1101,252,1,_
TP37,TIM1101,557,1,_
TP37,TIM2201,559,1,_
TP37,TIM2202,558,1,_
TP37,TKA0111,560,1,_
TP37,TKA1101,562,1,_
TP37,TKB2201,657,1,_
TP37,TKH0501,257,1,_
TP37,TKR1101,471,1,_
TP37,TKU2201,396,1,_
TP37,TMH2201,727,1,_
TP37,TMI1101,259,1,_
TP37,TMK1101,5144,1,_
TP37,TMK1102,565,1,_
TP37,TMN2201,399,1,_
TP37,TMU1101,141,1,_
TP37,TNG2201,403,1,_
TP37,TRK1101,267,1,_
TP37,TRK1102,267,1,_
TP37,TRK2201,268,1,_
TP37,TWH2201,149,1,_
TP37,TWT2201,369,1,_
TP37,TWZ2201,659,1,_
TP37,TWZ2202,659,1,_
TP37,UHT1101,473,1,_
TP37,WAI0501,270,1,_
TP37,WAI1101,271,1,_
TP37,WDV1102,410,1,_
TP37,WEL1101,40,1,_
TP37,WEL1102,39,1,_
TP37,WGN1101,412,1,_
TP37,WHU1101,151,1,_
TP37,WIL1101,477,1,_
TP37,WIL2201,478,1,_
TP37,WIR1101,95,1,_
TP37,WIR1102,736,1,_
TP37,WKM2202,282,1,_
TP37,WKO1101,153,1,_
TP37,WMG1101,746,1,_
TP37,WMG1102,517,1,_
TP37,WPA2201,284,1,_
TP37,WPR2202,538,1,_
TP37,WPR2203,537,1,_
TP37,WPT1101,747,1,_
TP37,WPT1102,519,1,_
TP37,WPW1101,414,1,_
TP37,WPW1102,415,1,_
TP37,WRD2201,44,1,_
TP37,WRK2201,292,1,_
TP37,WTK1101,666,1,_
TP37,WTK1102,667,1,_
TP37,WTK2201,668,1,_
TP37,WTU2201,741,1,_
TP37,WTU2202,312,1,_
TP37,WVY1101,353,1,_
TP38,ARA2201_ARA0,160,0.333333333,_
TP38,ARA2201_ARA0,161,0.333333333,_
TP38,ARA2201_ARA0,162,0.333333333,_
TP38,ARG1101_BRR0,486,1,_
TP38,ARI1101_ARI0,100,0.25,_
TP38,ARI1101_ARI0,97,0.25,_
TP38,ARI1101_ARI0,98,0.25,_
TP38,ARI1101_ARI0,99,0.25,_
TP38,ARI1102_ARI0,96,1,_
TP38,ASB0661_HBK0,554,1,_
TP38,ATI2201_ATI0,164,1,_
TP38,AVI2201_AVI0,599,0.25,_
TP38,AVI2201_AVI0,600,0.25,_
TP38,AVI2201_AVI0,601,0.25,_
TP38,AVI2201_AVI0,602,0.25,_
TP38,BEN2202_BEN0,606,0.166666667,_
TP38,BEN2202_BEN0,607,0.166666667,_
TP38,BEN2202_BEN0,608,0.166666667,_
TP38,BEN2202_BEN0,609,0.166666667,_
TP38,BEN2202_BEN0,610,0.166666667,_
TP38,BEN2202_BEN0,611,0.166666667,_
TP38,BOB1101,46,1,_
TP38,BPE0331_TWF0,408,1,_
TP38,BWK1101_WPI0,731,1,_
TP38,COL0661_COL0,574,0.447368421,_
TP38,COL0661_COL0,750,0.552631579,_
TP38,CPK0331,418,1,_
TP38,CYD2201_CYD0,674,0.25,_
TP38,CYD2201_CYD0,675,0.25,_
TP38,CYD2201_CYD0,676,0.25,_
TP38,CYD2201_CYD0,677,0.25,_
TP38,GLN0332_GLN0,50,1,_
TP38,HAM0331,109,1,_
TP38,HIN0331,114,1,_
TP38,HLY2201_HLY1,119,1,_
TP38,HLY2201_HLY2,118,1,_
TP38,HLY2201_HLY5,120,1,_
TP38,HLY2201_HLY6,117,1,_
TP38,HWA1101_PTA1,337,1,_
TP38,HWA1101_PTA2,337,1,_
TP38,HWA1101_PTA3,337,1,_
TP38,HWA1102_WAA0,348,0.416909621,_
TP38,HWA1102_WAA0,350,0.583090379,_
TP38,HWA1102_WAA1,348,0.416909621,_
TP38,HWA1102_WAA1,350,0.583090379,_
TP38,HWB0331_MAH0,700,1,_
TP38,HWB0331_WPI0,730,1,_
TP38,ISL0331,525,1,_
TP38,KAW0111,179,1,_
TP38,KAW0112_ONU0,235,0.29467381,_
TP38,KAW0112_ONU0,236,0.204853451,_
TP38,KAW0112_ONU0,237,0.126063662,_
TP38,KAW0112_ONU0,238,0.374409077,_
TP38,KAW0113,178,1,_
TP38,KAW1101_KAG0,174,1,_
TP38,KIN0112_KIN0,125,1,_
TP38,KIN0331,127,1,_
TP38,KPA1101_KPI1,323,1,_
TP38,KPO1101_KPO0,130,0.333333333,_
TP38,KPO1101_KPO0,131,0.333333333,_
TP38,KPO1101_KPO0,132,0.333333333,_
TP38,KPU0661,134,1,_
TP38,KUM0661_KUM0,593,1,_
TP38,LTN0331_TWF0,407,1,_
TP38,MAN2201_MAN0,702,0.142857143,_
TP38,MAN2201_MAN0,703,0.142857143,_
TP38,MAN2201_MAN0,704,0.142857143,_
TP38,MAN2201_MAN0,705,0.142857143,_
TP38,MAN2201_MAN0,706,0.142857143,_
TP38,MAN2201_MAN0,707,0.142857143,_
TP38,MAN2201_MAN0,708,0.142857143,_
TP38,MAT1101_ANI0,154,0.5,_
TP38,MAT1101_ANI0,155,0.5,_
TP38,MAT1101_MAT0,195,0.5,_
TP38,MAT1101_MAT0,196,0.5,_
TP38,MHO0331_MHO0,373,1,_
TP38,MKE1101_MKE1,325,0.5,_
TP38,MKE1101_MKE1,326,0.5,_
TP38,MPE1101,27,1,_
TP38,MTI2201_MTI0,201,0.1,_
TP38,MTI2201_MTI0,202,0.1,_
TP38,MTI2201_MTI0,203,0.1,_
TP38,MTI2201_MTI0,204,0.1,_
TP38,MTI2201_MTI0,205,0.1,_
TP38,MTI2201_MTI0,206,0.1,_
TP38,MTI2201_MTI0,207,0.1,_
TP38,MTI2201_MTI0,208,0.1,_
TP38,MTI2201_MTI0,209,0.1,_
TP38,MTI2201_MTI0,210,0.1,_
TP38,NAP2201_NAP0,214,1,_
TP38,NAP2202_NTM0,216,0.5,_
TP38,NAP2202_NTM0,217,0.5,_
TP38,NMA0331_WHL0,729,1,_
TP38,NSY0331_PAE0,651,1,_
TP38,OHA2201_OHA0,636,0.25,_
TP38,OHA2201_OHA0,637,0.25,_
TP38,OHA2201_OHA0,638,0.25,_
TP38,OHA2201_OHA0,639,0.25,_
TP38,OHB2201_OHB0,641,0.25,_
TP38,OHB2201_OHB0,642,0.25,_
TP38,OHB2201_OHB0,643,0.25,_
TP38,OHB2201_OHB0,644,0.25,_
TP38,OHC2201_OHC0,646,0.25,_
TP38,OHC2201_OHC0,647,0.25,_
TP38,OHC2201_OHC0,648,0.25,_
TP38,OHC2201_OHC0,649,0.25,_
TP38,OHK2201_OHK0,219,0.25,_
TP38,OHK2201_OHK0,220,0.25,_
TP38,OHK2201_OHK0,221,0.25,_
TP38,OHK2201_OHK0,222,0.25,_
TP38,OKI2201_OKI0,228,0.099099099,_
TP38,OKI2201_OKI0,230,0.450450451,_
TP38,OKI2201_OKI0,231,0.450450451,_
TP38,PEN0331,81,1,_
TP38,PPI2201_PPI0,241,1,_
TP38,PRM0331,465,1,_
TP38,ROT1101_WHE0,272,1,_
TP38,ROX1101_ROX0,714,0.333333333,_
TP38,ROX1101_ROX0,715,0.333333333,_
TP38,ROX1101_ROX0,716,0.333333333,_
TP38,ROX2201_ROX0,717,0.2,_
TP38,ROX2201_ROX0,718,0.2,_
TP38,ROX2201_ROX0,719,0.2,_
TP38,ROX2201_ROX0,720,0.2,_
TP38,ROX2201_ROX0,721,0.2,_
TP38,RPO2201_RPO0,386,0.5,_
TP38,RPO2201_RPO0,387,0.5,_
TP38,SFD2201_SFD21,340,1,_
TP38,SFD2201_SFD22,341,1,_
TP38,SFD2201_SPL0,346,1,_
TP38,STK0661_COB0,491,1,_
TP38,TGA0331_KMI0,183,1,_
TP38,THI2201_THI1,253,1,_
TP38,THI2201_THI2,254,1,_
TP38,TKA0111_TKA1,560,1,_
TP38,TKB2201_TKB1,655,0.5,_
TP38,TKB2201_TKB1,656,0.5,_
TP38,TKU2201_TKU0,391,0.25,_
TP38,TKU2201_TKU0,392,0.25,_
TP38,TKU2201_TKU0,393,0.25,_
TP38,TKU2201_TKU0,394,0.25,_
TP38,TUI1101_KTW0,298,0.5,_
TP38,TUI1101_KTW0,299,0.5,_
TP38,TUI1101_PRI0,300,0.5,_
TP38,TUI1101_PRI0,301,0.5,_
TP38,TUI1101_TUI0,302,0.333333333,_
TP38,TUI1101_TUI0,303,0.333333333,_
TP38,TUI1101_TUI0,304,0.333333333,_
TP38,TWC2201_NZW0,404,1,_
TP38,TWC2201_TWF0,405,1,_
TP38,TWH0331_TRC1,142,1,_
TP38,TWH0331_TUK0,147,1,_
TP38,WDV1101_TAP0,389,1,_
TP38,WGN0331,411,1,_
TP38,WHI0111,306,1,_
TP38,WHI2201_WHI0,307,0.333333333,_
TP38,WHI2201_WHI0,308,0.333333333,_
TP38,WHI2201_WHI0,309,0.333333333,_
TP38,WHU0331,150,1,_
TP38,WIL0331_MCK0,482,1,_
TP38,WKM2201_MOK0,198,0.524257784,_
TP38,WKM2201_MOK0,199,0.475742216,_
TP38,WKM2201_WKM0,274,0.25,_
TP38,WKM2201_WKM0,275,0.25,_
TP38,WKM2201_WKM0,276,0.25,_
TP38,WKM2201_WKM0,277,0.25,_
TP38,WKO0331,152,1,_
TP38,WPA2201_WPA0,283,1,_
TP38,WRK0331_RKA0,740,1,_
TP38,WRK0331_TAA0,248,1,_
TP38,WRK2201_WRK0,285,0.340664962,_
TP38,WRK2201_WRK0,286,0.170332481,_
TP38,WRK2201_WRK0,287,0.19028133,_
TP38,WRK2201_WRK0,288,0.211764706,_
TP38,WRK2201_WRK0,289,0.086956522,_
TP38,WTK0111_WTK0,660,1,_
TP38,WWD1102_WWD0,479,1,_
TP38,WWD1103_WWD0,744,1,_
TP38,KAW0112_DLS0,176,1,_
TP38,KAW0113_DLS1,178,1,_
TP38,ABY0111,541,1,_
TP38,ALB0331,4,1,_
TP38,ALB1101,41,1,_
TP38,APS0111,569,1,_
TP38,ARG1101,487,1,_
TP38,ASB0331,543,1,_
TP38,ASB0661,544,1,_
TP38,ASY0111,520,0.5,_
TP38,ASY0111,748,0.5,_
TP38,ATU1101,488,1,_
TP38,BAL0331,669,1,_
TP38,BDE0111,671,1,_
TP38,BLN0331,489,1,_
TP38,BOB0331,45,1,_
TP38,BPD1101,618,1,_
TP38,BPE0331,357,1,_
TP38,BPE0551,358,0.5,_
TP38,BPE0551,359,0.5,_
TP38,BPT1101,619,1,_
TP38,BRB0331,8,1,_
TP38,BRK0331,315,1,_
TP38,BRY0661,549,1,_
TP38,BWK1101,673,1,_
TP38,CBG0111,105,1,_
TP38,CLH0111,572,1,_
TP38,CML0331,620,1,_
TP38,COL0111,575,1,_
TP38,COL0661,576,1,_
TP38,CPK0111,416,0.5,_
TP38,CPK0111,417,0.5,_
TP38,CST0331,317,1,_
TP38,CUL0331,493,1,_
TP38,CUL0661,494,1,_
TP38,CYD0331,678,1,_
TP38,CYD2201,679,1,_
TP38,DOB0331,579,1,_
TP38,DVK0111,366,1,_
TP38,EDG0331,168,1,_
TP38,EDN0331,680,1,_
TP38,FHL0331,293,1,_
TP38,FKN0331,628,1,_
TP38,GFD0331,426,1,_
TP38,GLN0331,733,1,_
TP38,GLN0332,51,1,_
TP38,GOR0331,682,1,_
TP38,GYM0661,585,1,_
TP38,GYT0331,429,1,_
TP38,HAM0111,108,1,_
TP38,HAM0551,110,1,_
TP38,HAM0551,5031,0,_
TP38,HAY0111,434,1,_
TP38,HAY0331,443,1,_
TP38,HEN0331,12,1,_
TP38,HEP0331,17,1,_
TP38,HKK0661,587,1,_
TP38,HLY0331,121,1,_
TP38,HOB1101,56,1,_
TP38,HOR0331,589,1,_
TP38,HOR0661,590,1,_
TP38,HTI0331,123,1,_
TP38,HUI0331,319,1,_
TP38,HWA0331,321,1,_
TP38,HWA0332,742,1,_
TP38,HWA1101,322,1,_
TP38,HWA1102,322,1,_
TP38,HWB0331,688,1,_
TP38,HWB0332,753,1,_
TP38,HWB1101,693,1,_
TP38,INV0331,696,1,_
TP38,ISL0661,526,1,_
TP38,KAI0111,531,1,_
TP38,KAW0112,176,1,_
TP38,KAW1101,181,1,_
TP38,KBY0661,591,1,_
TP38,KBY0662,591,1,_
TP38,KIK0111,745,1,_
TP38,KIN0111,126,1,_
TP38,KIN0112,125,1,_
TP38,KIN0113,738,1,_
TP38,KMO0331,187,1,_
TP38,KOE1101,20,1,_
TP38,KPA1101,324,1,_
TP38,KUM0661,593,1,_
TP38,KWA0111,451,1,_
TP38,LFD1101,192,1,_
TP38,LFD1102,192,1,_
TP38,LTN0331,370,1,_
TP38,MAN2201,701,1,_
TP38,MAT1101,156,0.909090909,_
TP38,MAT1101,197,0.090909091,_
TP38,MCH0111,503,1,_
TP38,MER0331,60,1,_
TP38,MGM0331,454,1,_
TP38,MHO0331,374,1,_
TP38,MKE1101,325,0.5,_
TP38,MKE1101,326,0.5,_
TP38,MLG0111,456,1,_
TP38,MLG0331,457,1,_
TP38,MNG0331,61,1,_
TP38,MNG1101,62,1,_
TP38,MNI0111,328,1,_
TP38,MST0331,460,1,_
TP38,MTM0331,212,1,_
TP38,MTN0331,377,1,_
TP38,MTO0331,28,1,_
TP38,MTR0331,380,1,_
TP38,NAP2201,214,1,_
TP38,NAP2202,215,1,_
TP38,NMA0331,711,1,_
TP38,NPK0331,382,1,_
TP38,NPL0331,331,1,_
TP38,NSY0331,632,1,_
TP38,OAM0331,634,1,_
TP38,OKN0111,384,1,_
TP38,ONG0331,137,1,_
TP38,OPK0331,335,1,_
TP38,ORO1101,507,1,_
TP38,ORO1102,508,1,_
TP38,OTA0221,66,1,_
TP38,OTI0111,595,1,_
TP38,OWH0111,239,1,_
TP38,PAK0331,75,1,_
TP38,PAO1101,139,1,_
TP38,PEN0221,79,1,_
TP38,PEN0251,80,1,_
TP38,PEN1101,56,0.190798081,_
TP38,PEN1101,58,0.645660707,_
TP38,PEN1101,88,0.163541212,_
TP38,PNI0331,462,1,_
TP38,PPI2201,241,0.5,_
TP38,PPI2201,242,0.5,_
TP38,RDF0331,295,1,_
TP38,RFN1101,506,1,_
TP38,RFN1102,505,1,_
TP38,ROS0221,89,1,_
TP38,ROS1101,90,1,_
TP38,ROT0111,245,1,_
TP38,ROT0331,246,1,_
TP38,ROT1101,247,1,_
TP38,SBK0331,533,1,_
TP38,SBK0661,534,1,_
TP38,SDN0331,725,1,_
TP38,SFD0331,342,1,_
TP38,SFD2201,345,1,_
TP38,STK0331,511,1,_
TP38,STK0661,512,1,_
TP38,STU0111,653,1,_
TP38,SVL0331,32,1,_
TP38,SWN0251,36,1,_
TP38,SWN2201,37,1,_
TP38,TAK0331,91,1,_
TP38,TGA0111,250,1,_
TP38,TGA0331,251,1,_
TP38,THI2201,255,1,_
TP38,TIM0111,556,1,_
TP38,TKA0331,561,1,_
TP38,TKH0111,256,1,_
TP38,TKR0331,470,1,_
TP38,TKU0331,395,1,_
TP38,TMI0331,258,1,_
TP38,TMK0331,563,1,_
TP38,TMN0551,397,0.5,_
TP38,TMN0551,398,0.5,_
TP38,TMU0111,140,1,_
TP38,TNG0111,400,1,_
TP38,TNG0551,401,0.5,_
TP38,TNG0551,402,0.5,_
TP38,TRK0111,260,1,_
TP38,TUI1101,305,1,_
TP38,TWC2201,406,1,_
TP38,TWH0331,143,0.253164557,_
TP38,TWH0331,148,0.746835443,_
TP38,TWI2201,728,1,_
TP38,TWZ0331,658,1,_
TP38,UHT0331,472,1,_
TP38,WAI0111,269,1,_
TP38,WDV0111,409,1,_
TP38,WDV1101,410,1,_
TP38,WEL0331,38,1,_
TP38,WHI2201,310,1,_
TP38,WIL0331,475,1,_
TP38,WIR0331,94,1,_
TP38,WKM2201,278,1,_
TP38,WPR0331,535,1,_
TP38,WPR0661,536,1,_
TP38,WPT0111,518,1,_
TP38,WPW0331,413,1,_
TP38,WRD0331,41,1,_
TP38,WRK0331,290,1,_
TP38,WTK0111,660,1,_
TP38,WTK0331,5152,1,_
TP38,WTU0331,311,1,_
TP38,WVY0111,352,1,_
TP38,WWD1102,481,1,_
TP38,WWD1103,480,1,_
TP38,ABY1101,542,1,_
TP38,ALB2201,7,1,_
TP38,APS0661,570,1,_
TP38,ARA2201,163,1,_
TP38,ARI1101,737,1,_
TP38,ARI1102,101,1,_
TP38,ASB2201,545,1,_
TP38,ASY0661,521,1,_
TP38,ATI2201,164,1,_
TP38,AVI2201,603,1,_
TP38,BAL1101,670,1,_
TP38,BDE1101,672,1,_
TP38,BEN2201,617,1,_
TP38,BEN2202,617,1,_
TP38,BEN3502,615,1,_
TP38,BEN3503,616,1,_
TP38,BHL2201,47,1,_
TP38,BHL2202,48,1,_
TP38,BLN1101,490,1,_
TP38,BPC1101,598,1,_
TP38,BPE1101,363,1,_
TP38,BPE2201,364,1,_
TP38,BRB2201,9,1,_
TP38,BRK2201,316,1,_
TP38,BRK2202,316,1,_
TP38,BRY2201,553,1,_
TP38,CBG1101,107,1,_
TP38,CBG1102,106,1,_
TP38,CLH0661,573,1,_
TP38,CML1101,625,1,_
TP38,CML1102,624,1,_
TP38,CML2201,627,1,_
TP38,CML2202,626,1,_
TP38,CPK1101,419,1,_
TP38,CPK1102,420,1,_
TP38,CPK1103,421,1,_
TP38,CST1101,318,1,_
TP38,CUL2202,495,1,_
TP38,CUL2203,496,1,_
TP38,DOB0661,580,1,_
TP38,DOB1101,584,1,_
TP38,DOB1102,583,1,_
TP38,DRY2201,49,1,_
TP38,DRY2202,49,1,_
TP38,DVK1101,367,1,_
TP38,DVK1102,368,1,_
TP38,EDG1101,171,1,_
TP38,EDG1102,171,1,_
TP38,EDG2201,172,1,_
TP38,EDN1101,681,1,_
TP38,FHL1101,294,1,_
TP38,FKN1101,630,1,_
TP38,FKN1102,629,1,_
TP38,GFD1101,428,1,_
TP38,GFD1102,427,1,_
TP38,GLN2201,53,1,_
TP38,GNY1101,597,1,_
TP38,GOR1101,683,1,_
TP38,GOR1102,683,1,_
TP38,GYT1101,430,1,_
TP38,GYT1102,431,1,_
TP38,HAM1101,112,1,_
TP38,HAM2201,113,1,_
TP38,HAY1101,447,1,_
TP38,HAY2201,450,1,_
TP38,HAY3502,449,1,_
TP38,HAY3503,448,1,_
TP38,HEN1101,15,1,_
TP38,HEN2201,16,1,_
TP38,HEP1101,18,1,_
TP38,HIN1101,115,1,_
TP38,HLY2201,116,1,_
TP38,HOB2201,57,1,_
TP38,HPI2201,19,1,_
TP38,HPI2202,19,1,_
TP38,HTI1101,124,1,_
TP38,HUI1101,320,1,_
TP38,HWA1001,322,1,_
TP38,HWB2201,694,1,_
TP38,IGH1101,497,1,_
TP38,INV1101,698,1,_
TP38,INV2201,699,1,_
TP38,INV2202,699,1,_
TP38,ISL2201,530,1,_
TP38,KAI0661,532,1,_
TP38,KAW2201,182,1,_
TP38,KBT0661,567,1,_
TP38,KBT0662,566,1,_
TP38,KIK1101,501,1,_
TP38,KIK2201,502,1,_
TP38,KIN1101,129,1,_
TP38,KIN1102,129,1,_
TP38,KMO1101,190,1,_
TP38,KMO1102,190,1,_
TP38,KMO1103,190,1,_
TP38,KMO2201,191,1,_
TP38,KPO1101,133,1,_
TP38,KPU1101,739,1,_
TP38,KPU1102,135,1,_
TP38,KWA1101,452,1,_
TP38,KWA1102,453,1,_
TP38,LIV2201,631,1,_
TP38,LTN2201,371,1,_
TP38,LTN2202,372,1,_
TP38,MCH1101,504,1,_
TP38,MDN1101,25,1,_
TP38,MDN2201,26,1,_
TP38,MGM1101,455,1,_
TP38,MHO1101,375,1,_
TP38,MHO1102,376,1,_
TP38,MHT1102,422,1,_
TP38,MHT1103,423,1,_
TP38,MKT1101,314,1,_
TP38,MLG1101,459,1,_
TP38,MLG1102,458,1,_
TP38,MNI1101,329,1,_
TP38,MST1101,461,1,_
TP38,MTI2201,211,1,_
TP38,MTM1101,213,1,_
TP38,MTN1101,379,1,_
TP38,MTN1102,378,1,_
TP38,MTO1101,29,1,_
TP38,MTO1102,30,1,_
TP38,MTR1101,381,1,_
TP38,MVE1101,102,1,_
TP38,MVE1102,103,1,_
TP38,NGA1101,31,1,_
TP38,NMA2201,712,1,_
TP38,NPK1101,383,1,_
TP38,NPL1101,333,1,_
TP38,NPL2201,334,1,_
TP38,NSY2201,633,1,_
TP38,OAM1101,635,1,_
TP38,OAM1102,752,1,_
TP38,OHA2201,640,1,_
TP38,OHB2201,645,1,_
TP38,OHC2201,650,1,_
TP38,OHK2201,223,1,_
TP38,OHW2201,136,1,_
TP38,OHW2202,136,1,_
TP38,OKE1101,224,1,_
TP38,OKI2201,227,0.5,_
TP38,OKI2201,229,0.5,_
TP38,OKN1101,385,1,_
TP38,ONG1101,138,1,_
TP38,OPI2201,540,1,_
TP38,OPI2202,539,1,_
TP38,OPK1101,743,1,_
TP38,OPK1102,336,1,_
TP38,OTA1103,70,1,_
TP38,OTA1104,734,1,_
TP38,OTA1105,70,1,_
TP38,OTA1106,734,1,_
TP38,OTA1107,70,1,_
TP38,OTA1108,734,1,_
TP38,OTA1109,70,1,_
TP38,OTA110A,734,1,_
TP38,OTA2201,72,1,_
TP38,OTA2202,73,1,_
TP38,OTA2203,71,1,_
TP38,OTI0661,596,1,_
TP38,OWH1101,240,1,_
TP38,PAK2201,76,1,_
TP38,PEN0222,79,1,_
TP38,PEN2201,87,1,_
TP38,PIE1101,173,1,_
TP38,PNI1101,463,1,_
TP38,PNI1102,464,1,_
TP38,PRM2201,468,1,_
TP38,PRM2202,469,1,_
TP38,PRT2201,425,1,_
TP38,PRT2202,424,1,_
TP38,RDF1101,296,1,_
TP38,RDF1102,296,1,_
TP38,RDF2201,297,1,_
TP38,RFC1101,483,1,_
TP38,ROT1102,247,1,_
TP38,ROX1101,723,1,_
TP38,ROX2201,724,1,_
TP38,RPO2201,388,1,_
TP38,RTO1101,104,1,_
TP38,RTR1101,365,1,_
TP38,SDN2201,726,1,_
TP38,SFD1101,344,1,_
TP38,STK1101,515,1,_
TP38,STK2201,516,1,_
TP38,STU1101,654,1,_
TP38,SVL2201,33,1,_
TP38,SVL2202,34,1,_
TP38,TAK2201,92,1,_
TP38,TAK2202,93,1,_
TP38,TGA1101,252,1,_
TP38,TIM1101,557,1,_
TP38,TIM2201,559,1,_
TP38,TIM2202,558,1,_
TP38,TKA0111,560,1,_
TP38,TKA1101,562,1,_
TP38,TKB2201,657,1,_
TP38,TKH0501,257,1,_
TP38,TKR1101,471,1,_
TP38,TKU2201,396,1,_
TP38,TMH2201,727,1,_
TP38,TMI1101,259,1,_
TP38,TMK1101,5145,1,_
TP38,TMK1102,565,1,_
TP38,TMN2201,399,1,_
TP38,TMU1101,141,1,_
TP38,TNG2201,403,1,_
TP38,TRK1101,267,1,_
TP38,TRK1102,267,1,_
TP38,TRK2201,268,1,_
TP38,TWH2201,149,1,_
TP38,TWT2201,369,1,_
TP38,TWZ2201,659,1,_
TP38,TWZ2202,659,1,_
TP38,UHT1101,473,1,_
TP38,WAI0501,270,1,_
TP38,WAI1101,271,1,_
TP38,WDV1102,410,1,_
TP38,WEL1101,40,1,_
TP38,WEL1102,39,1,_
TP38,WGN1101,412,1,_
TP38,WHU1101,151,1,_
TP38,WIL1101,477,1,_
TP38,WIL2201,478,1,_
TP38,WIR1101,95,1,_
TP38,WIR1102,736,1,_
TP38,WKM2202,282,1,_
TP38,WKO1101,153,1,_
TP38,WMG1101,746,1,_
TP38,WMG1102,517,1,_
TP38,WPA2201,284,1,_
TP38,WPR2202,538,1,_
TP38,WPR2203,537,1,_
TP38,WPT1101,747,1,_
TP38,WPT1102,519,1,_
TP38,WPW1101,414,1,_
TP38,WPW1102,415,1,_
TP38,WRD2201,44,1,_
TP38,WRK2201,292,1,_
TP38,WTK1101,666,1,_
TP38,WTK1102,667,1,_
TP38,WTK2201,668,1,_
TP38,WTU2201,741,1,_
TP38,WTU2202,312,1,_
TP38,WVY1101,353,1,_
TP39,ARA2201_ARA0,160,0.333333333,_
TP39,ARA2201_ARA0,161,0.333333333,_
TP39,ARA2201_ARA0,162,0.333333333,_
TP39,ARG1101_BRR0,486,1,_
TP39,ARI1101_ARI0,100,0.25,_
TP39,ARI1101_ARI0,97,0.25,_
TP39,ARI1101_ARI0,98,0.25,_
TP39,ARI1101_ARI0,99,0.25,_
TP39,ARI1102_ARI0,96,1,_
TP39,ASB0661_HBK0,554,1,_
TP39,ATI2201_ATI0,164,1,_
TP39,AVI2201_AVI0,599,0.25,_
TP39,AVI2201_AVI0,600,0.25,_
TP39,AVI2201_AVI0,601,0.25,_
TP39,AVI2201_AVI0,602,0.25,_
TP39,BEN2202_BEN0,606,0.166666667,_
TP39,BEN2202_BEN0,607,0.166666667,_
TP39,BEN2202_BEN0,608,0.166666667,_
TP39,BEN2202_BEN0,609,0.166666667,_
TP39,BEN2202_BEN0,610,0.166666667,_
TP39,BEN2202_BEN0,611,0.166666667,_
TP39,BOB1101,46,1,_
TP39,BPE0331_TWF0,408,1,_
TP39,BWK1101_WPI0,731,1,_
TP39,COL0661_COL0,574,0.447368421,_
TP39,COL0661_COL0,750,0.552631579,_
TP39,CPK0331,418,1,_
TP39,CYD2201_CYD0,674,0.25,_
TP39,CYD2201_CYD0,675,0.25,_
TP39,CYD2201_CYD0,676,0.25,_
TP39,CYD2201_CYD0,677,0.25,_
TP39,GLN0332_GLN0,50,1,_
TP39,HAM0331,109,1,_
TP39,HIN0331,114,1,_
TP39,HLY2201_HLY1,119,1,_
TP39,HLY2201_HLY2,118,1,_
TP39,HLY2201_HLY5,120,1,_
TP39,HLY2201_HLY6,117,1,_
TP39,HWA1101_PTA1,337,1,_
TP39,HWA1101_PTA2,337,1,_
TP39,HWA1101_PTA3,337,1,_
TP39,HWA1102_WAA0,348,0.416909621,_
TP39,HWA1102_WAA0,350,0.583090379,_
TP39,HWA1102_WAA1,348,0.416909621,_
TP39,HWA1102_WAA1,350,0.583090379,_
TP39,HWB0331_MAH0,700,1,_
TP39,HWB0331_WPI0,730,1,_
TP39,ISL0331,525,1,_
TP39,KAW0111,179,1,_
TP39,KAW0112_ONU0,235,0.29467381,_
TP39,KAW0112_ONU0,236,0.204853451,_
TP39,KAW0112_ONU0,237,0.126063662,_
TP39,KAW0112_ONU0,238,0.374409077,_
TP39,KAW0113,178,1,_
TP39,KAW1101_KAG0,174,1,_
TP39,KIN0112_KIN0,125,1,_
TP39,KIN0331,127,1,_
TP39,KPA1101_KPI1,323,1,_
TP39,KPO1101_KPO0,130,0.333333333,_
TP39,KPO1101_KPO0,131,0.333333333,_
TP39,KPO1101_KPO0,132,0.333333333,_
TP39,KPU0661,134,1,_
TP39,KUM0661_KUM0,593,1,_
TP39,LTN0331_TWF0,407,1,_
TP39,MAN2201_MAN0,702,0.142857143,_
TP39,MAN2201_MAN0,703,0.142857143,_
TP39,MAN2201_MAN0,704,0.142857143,_
TP39,MAN2201_MAN0,705,0.142857143,_
TP39,MAN2201_MAN0,706,0.142857143,_
TP39,MAN2201_MAN0,707,0.142857143,_
TP39,MAN2201_MAN0,708,0.142857143,_
TP39,MAT1101_ANI0,154,0.5,_
TP39,MAT1101_ANI0,155,0.5,_
TP39,MAT1101_MAT0,195,0.5,_
TP39,MAT1101_MAT0,196,0.5,_
TP39,MHO0331_MHO0,373,1,_
TP39,MKE1101_MKE1,325,0.5,_
TP39,MKE1101_MKE1,326,0.5,_
TP39,MPE1101,27,1,_
TP39,MTI2201_MTI0,201,0.1,_
TP39,MTI2201_MTI0,202,0.1,_
TP39,MTI2201_MTI0,203,0.1,_
TP39,MTI2201_MTI0,204,0.1,_
TP39,MTI2201_MTI0,205,0.1,_
TP39,MTI2201_MTI0,206,0.1,_
TP39,MTI2201_MTI0,207,0.1,_
TP39,MTI2201_MTI0,208,0.1,_
TP39,MTI2201_MTI0,209,0.1,_
TP39,MTI2201_MTI0,210,0.1,_
TP39,NAP2201_NAP0,214,1,_
TP39,NAP2202_NTM0,216,0.5,_
TP39,NAP2202_NTM0,217,0.5,_
TP39,NMA0331_WHL0,729,1,_
TP39,NSY0331_PAE0,651,1,_
TP39,OHA2201_OHA0,636,0.25,_
TP39,OHA2201_OHA0,637,0.25,_
TP39,OHA2201_OHA0,638,0.25,_
TP39,OHA2201_OHA0,639,0.25,_
TP39,OHB2201_OHB0,641,0.25,_
TP39,OHB2201_OHB0,642,0.25,_
TP39,OHB2201_OHB0,643,0.25,_
TP39,OHB2201_OHB0,644,0.25,_
TP39,OHC2201_OHC0,646,0.25,_
TP39,OHC2201_OHC0,647,0.25,_
TP39,OHC2201_OHC0,648,0.25,_
TP39,OHC2201_OHC0,649,0.25,_
TP39,OHK2201_OHK0,219,0.25,_
TP39,OHK2201_OHK0,220,0.25,_
TP39,OHK2201_OHK0,221,0.25,_
TP39,OHK2201_OHK0,222,0.25,_
TP39,OKI2201_OKI0,228,0.099099099,_
TP39,OKI2201_OKI0,230,0.450450451,_
TP39,OKI2201_OKI0,231,0.450450451,_
TP39,PEN0331,81,1,_
TP39,PPI2201_PPI0,241,1,_
TP39,PRM0331,465,1,_
TP39,ROT1101_WHE0,272,1,_
TP39,ROX1101_ROX0,714,0.333333333,_
TP39,ROX1101_ROX0,715,0.333333333,_
TP39,ROX1101_ROX0,716,0.333333333,_
TP39,ROX2201_ROX0,717,0.2,_
TP39,ROX2201_ROX0,718,0.2,_
TP39,ROX2201_ROX0,719,0.2,_
TP39,ROX2201_ROX0,720,0.2,_
TP39,ROX2201_ROX0,721,0.2,_
TP39,RPO2201_RPO0,386,0.5,_
TP39,RPO2201_RPO0,387,0.5,_
TP39,SFD2201_SFD21,340,1,_
TP39,SFD2201_SFD22,341,1,_
TP39,SFD2201_SPL0,346,1,_
TP39,STK0661_COB0,491,1,_
TP39,TGA0331_KMI0,183,1,_
TP39,THI2201_THI1,253,1,_
TP39,THI2201_THI2,254,1,_
TP39,TKA0111_TKA1,560,1,_
TP39,TKB2201_TKB1,655,0.5,_
TP39,TKB2201_TKB1,656,0.5,_
TP39,TKU2201_TKU0,391,0.25,_
TP39,TKU2201_TKU0,392,0.25,_
TP39,TKU2201_TKU0,393,0.25,_
TP39,TKU2201_TKU0,394,0.25,_
TP39,TUI1101_KTW0,298,0.5,_
TP39,TUI1101_KTW0,299,0.5,_
TP39,TUI1101_PRI0,300,0.5,_
TP39,TUI1101_PRI0,301,0.5,_
TP39,TUI1101_TUI0,302,0.333333333,_
TP39,TUI1101_TUI0,303,0.333333333,_
TP39,TUI1101_TUI0,304,0.333333333,_
TP39,TWC2201_NZW0,404,1,_
TP39,TWC2201_TWF0,405,1,_
TP39,TWH0331_TRC1,142,1,_
TP39,TWH0331_TUK0,147,1,_
TP39,WDV1101_TAP0,389,1,_
TP39,WGN0331,411,1,_
TP39,WHI0111,306,1,_
TP39,WHI2201_WHI0,307,0.333333333,_
TP39,WHI2201_WHI0,308,0.333333333,_
TP39,WHI2201_WHI0,309,0.333333333,_
TP39,WHU0331,150,1,_
TP39,WIL0331_MCK0,482,1,_
TP39,WKM2201_MOK0,198,0.524257784,_
TP39,WKM2201_MOK0,199,0.475742216,_
TP39,WKM2201_WKM0,274,0.25,_
TP39,WKM2201_WKM0,275,0.25,_
TP39,WKM2201_WKM0,276,0.25,_
TP39,WKM2201_WKM0,277,0.25,_
TP39,WKO0331,152,1,_
TP39,WPA2201_WPA0,283,1,_
TP39,WRK0331_RKA0,740,1,_
TP39,WRK0331_TAA0,248,1,_
TP39,WRK2201_WRK0,285,0.340664962,_
TP39,WRK2201_WRK0,286,0.170332481,_
TP39,WRK2201_WRK0,287,0.19028133,_
TP39,WRK2201_WRK0,288,0.211764706,_
TP39,WRK2201_WRK0,289,0.086956522,_
TP39,WTK0111_WTK0,660,1,_
TP39,WWD1102_WWD0,479,1,_
TP39,WWD1103_WWD0,744,1,_
TP39,KAW0112_DLS0,176,1,_
TP39,KAW0113_DLS1,178,1,_
TP39,ABY0111,541,1,_
TP39,ALB0331,4,1,_
TP39,ALB1101,41,1,_
TP39,APS0111,569,1,_
TP39,ARG1101,487,1,_
TP39,ASB0331,543,1,_
TP39,ASB0661,544,1,_
TP39,ASY0111,520,0.5,_
TP39,ASY0111,748,0.5,_
TP39,ATU1101,488,1,_
TP39,BAL0331,669,1,_
TP39,BDE0111,671,1,_
TP39,BLN0331,489,1,_
TP39,BOB0331,45,1,_
TP39,BPD1101,618,1,_
TP39,BPE0331,357,1,_
TP39,BPE0551,358,0.5,_
TP39,BPE0551,359,0.5,_
TP39,BPT1101,619,1,_
TP39,BRB0331,8,1,_
TP39,BRK0331,315,1,_
TP39,BRY0661,549,1,_
TP39,BWK1101,673,1,_
TP39,CBG0111,105,1,_
TP39,CLH0111,572,1,_
TP39,CML0331,620,1,_
TP39,COL0111,575,1,_
TP39,COL0661,576,1,_
TP39,CPK0111,416,0.5,_
TP39,CPK0111,417,0.5,_
TP39,CST0331,317,1,_
TP39,CUL0331,493,1,_
TP39,CUL0661,494,1,_
TP39,CYD0331,678,1,_
TP39,CYD2201,679,1,_
TP39,DOB0331,579,1,_
TP39,DVK0111,366,1,_
TP39,EDG0331,168,1,_
TP39,EDN0331,680,1,_
TP39,FHL0331,293,1,_
TP39,FKN0331,628,1,_
TP39,GFD0331,426,1,_
TP39,GLN0331,733,1,_
TP39,GLN0332,51,1,_
TP39,GOR0331,682,1,_
TP39,GYM0661,585,1,_
TP39,GYT0331,429,1,_
TP39,HAM0111,108,1,_
TP39,HAM0551,110,1,_
TP39,HAM0551,5031,0,_
TP39,HAY0111,434,1,_
TP39,HAY0331,443,1,_
TP39,HEN0331,12,1,_
TP39,HEP0331,17,1,_
TP39,HKK0661,587,1,_
TP39,HLY0331,121,1,_
TP39,HOB1101,56,1,_
TP39,HOR0331,589,1,_
TP39,HOR0661,590,1,_
TP39,HTI0331,123,1,_
TP39,HUI0331,319,1,_
TP39,HWA0331,321,1,_
TP39,HWA0332,742,1,_
TP39,HWA1101,322,1,_
TP39,HWA1102,322,1,_
TP39,HWB0331,688,1,_
TP39,HWB0332,753,1,_
TP39,HWB1101,693,1,_
TP39,INV0331,696,1,_
TP39,ISL0661,526,1,_
TP39,KAI0111,531,1,_
TP39,KAW0112,176,1,_
TP39,KAW1101,181,1,_
TP39,KBY0661,591,1,_
TP39,KBY0662,591,1,_
TP39,KIK0111,745,1,_
TP39,KIN0111,126,1,_
TP39,KIN0112,125,1,_
TP39,KIN0113,738,1,_
TP39,KMO0331,187,1,_
TP39,KOE1101,20,1,_
TP39,KPA1101,324,1,_
TP39,KUM0661,593,1,_
TP39,KWA0111,451,1,_
TP39,LFD1101,192,1,_
TP39,LFD1102,192,1,_
TP39,LTN0331,370,1,_
TP39,MAN2201,701,1,_
TP39,MAT1101,156,0.909090909,_
TP39,MAT1101,197,0.090909091,_
TP39,MCH0111,503,1,_
TP39,MER0331,60,1,_
TP39,MGM0331,454,1,_
TP39,MHO0331,374,1,_
TP39,MKE1101,325,0.5,_
TP39,MKE1101,326,0.5,_
TP39,MLG0111,456,1,_
TP39,MLG0331,457,1,_
TP39,MNG0331,61,1,_
TP39,MNG1101,62,1,_
TP39,MNI0111,328,1,_
TP39,MST0331,460,1,_
TP39,MTM0331,212,1,_
TP39,MTN0331,377,1,_
TP39,MTO0331,28,1,_
TP39,MTR0331,380,1,_
TP39,NAP2201,214,1,_
TP39,NAP2202,215,1,_
TP39,NMA0331,711,1,_
TP39,NPK0331,382,1,_
TP39,NPL0331,331,1,_
TP39,NSY0331,632,1,_
TP39,OAM0331,634,1,_
TP39,OKN0111,384,1,_
TP39,ONG0331,137,1,_
TP39,OPK0331,335,1,_
TP39,ORO1101,507,1,_
TP39,ORO1102,508,1,_
TP39,OTA0221,66,1,_
TP39,OTI0111,595,1,_
TP39,OWH0111,239,1,_
TP39,PAK0331,75,1,_
TP39,PAO1101,139,1,_
TP39,PEN0221,79,1,_
TP39,PEN0251,80,1,_
TP39,PEN1101,56,0.190798081,_
TP39,PEN1101,58,0.645660707,_
TP39,PEN1101,88,0.163541212,_
TP39,PNI0331,462,1,_
TP39,PPI2201,241,0.5,_
TP39,PPI2201,242,0.5,_
TP39,RDF0331,295,1,_
TP39,RFN1101,506,1,_
TP39,RFN1102,505,1,_
TP39,ROS0221,89,1,_
TP39,ROS1101,90,1,_
TP39,ROT0111,245,1,_
TP39,ROT0331,246,1,_
TP39,ROT1101,247,1,_
TP39,SBK0331,533,1,_
TP39,SBK0661,534,1,_
TP39,SDN0331,725,1,_
TP39,SFD0331,342,1,_
TP39,SFD2201,345,1,_
TP39,STK0331,511,1,_
TP39,STK0661,512,1,_
TP39,STU0111,653,1,_
TP39,SVL0331,32,1,_
TP39,SWN0251,36,1,_
TP39,SWN2201,37,1,_
TP39,TAK0331,91,1,_
TP39,TGA0111,250,1,_
TP39,TGA0331,251,1,_
TP39,THI2201,255,1,_
TP39,TIM0111,556,1,_
TP39,TKA0331,561,1,_
TP39,TKH0111,256,1,_
TP39,TKR0331,470,1,_
TP39,TKU0331,395,1,_
TP39,TMI0331,258,1,_
TP39,TMK0331,563,1,_
TP39,TMN0551,397,0.5,_
TP39,TMN0551,398,0.5,_
TP39,TMU0111,140,1,_
TP39,TNG0111,400,1,_
TP39,TNG0551,401,0.5,_
TP39,TNG0551,402,0.5,_
TP39,TRK0111,260,1,_
TP39,TUI1101,305,1,_
TP39,TWC2201,406,1,_
TP39,TWH0331,143,0.253164557,_
TP39,TWH0331,148,0.746835443,_
TP39,TWI2201,728,1,_
TP39,TWZ0331,658,1,_
TP39,UHT0331,472,1,_
TP39,WAI0111,269,1,_
TP39,WDV0111,409,1,_
TP39,WDV1101,410,1,_
TP39,WEL0331,38,1,_
TP39,WHI2201,310,1,_
TP39,WIL0331,475,1,_
TP39,WIR0331,94,1,_
TP39,WKM2201,278,1,_
TP39,WPR0331,535,1,_
TP39,WPR0661,536,1,_
TP39,WPT0111,518,1,_
TP39,WPW0331,413,1,_
TP39,WRD0331,41,1,_
TP39,WRK0331,290,1,_
TP39,WTK0111,660,1,_
TP39,WTK0331,5152,1,_
TP39,WTU0331,311,1,_
TP39,WVY0111,352,1,_
TP39,WWD1102,481,1,_
TP39,WWD1103,480,1,_
TP39,ABY1101,542,1,_
TP39,ALB2201,7,1,_
TP39,APS0661,570,1,_
TP39,ARA2201,163,1,_
TP39,ARI1101,737,1,_
TP39,ARI1102,101,1,_
TP39,ASB2201,545,1,_
TP39,ASY0661,521,1,_
TP39,ATI2201,164,1,_
TP39,AVI2201,603,1,_
TP39,BAL1101,670,1,_
TP39,BDE1101,672,1,_
TP39,BEN2201,617,1,_
TP39,BEN2202,617,1,_
TP39,BEN3502,615,1,_
TP39,BEN3503,616,1,_
TP39,BHL2201,47,1,_
TP39,BHL2202,48,1,_
TP39,BLN1101,490,1,_
TP39,BPC1101,598,1,_
TP39,BPE1101,363,1,_
TP39,BPE2201,364,1,_
TP39,BRB2201,9,1,_
TP39,BRK2201,316,1,_
TP39,BRK2202,316,1,_
TP39,BRY2201,553,1,_
TP39,CBG1101,107,1,_
TP39,CBG1102,106,1,_
TP39,CLH0661,573,1,_
TP39,CML1101,625,1,_
TP39,CML1102,624,1,_
TP39,CML2201,627,1,_
TP39,CML2202,626,1,_
TP39,CPK1101,419,1,_
TP39,CPK1102,420,1,_
TP39,CPK1103,421,1,_
TP39,CST1101,318,1,_
TP39,CUL2202,495,1,_
TP39,CUL2203,496,1,_
TP39,DOB0661,580,1,_
TP39,DOB1101,584,1,_
TP39,DOB1102,583,1,_
TP39,DRY2201,49,1,_
TP39,DRY2202,49,1,_
TP39,DVK1101,367,1,_
TP39,DVK1102,368,1,_
TP39,EDG1101,171,1,_
TP39,EDG1102,171,1,_
TP39,EDG2201,172,1,_
TP39,EDN1101,681,1,_
TP39,FHL1101,294,1,_
TP39,FKN1101,630,1,_
TP39,FKN1102,629,1,_
TP39,GFD1101,428,1,_
TP39,GFD1102,427,1,_
TP39,GLN2201,53,1,_
TP39,GNY1101,597,1,_
TP39,GOR1101,683,1,_
TP39,GOR1102,683,1,_
TP39,GYT1101,430,1,_
TP39,GYT1102,431,1,_
TP39,HAM1101,112,1,_
TP39,HAM2201,113,1,_
TP39,HAY1101,447,1,_
TP39,HAY2201,450,1,_
TP39,HAY3502,449,1,_
TP39,HAY3503,448,1,_
TP39,HEN1101,15,1,_
TP39,HEN2201,16,1,_
TP39,HEP1101,18,1,_
TP39,HIN1101,115,1,_
TP39,HLY2201,116,1,_
TP39,HOB2201,57,1,_
TP39,HPI2201,19,1,_
TP39,HPI2202,19,1,_
TP39,HTI1101,124,1,_
TP39,HUI1101,320,1,_
TP39,HWA1001,322,1,_
TP39,HWB2201,694,1,_
TP39,IGH1101,497,1,_
TP39,INV1101,698,1,_
TP39,INV2201,699,1,_
TP39,INV2202,699,1,_
TP39,ISL2201,530,1,_
TP39,KAI0661,532,1,_
TP39,KAW2201,182,1,_
TP39,KBT0661,567,1,_
TP39,KBT0662,566,1,_
TP39,KIK1101,501,1,_
TP39,KIK2201,502,1,_
TP39,KIN1101,129,1,_
TP39,KIN1102,129,1,_
TP39,KMO1101,190,1,_
TP39,KMO1102,190,1,_
TP39,KMO1103,190,1,_
TP39,KMO2201,191,1,_
TP39,KPO1101,133,1,_
TP39,KPU1101,739,1,_
TP39,KPU1102,135,1,_
TP39,KWA1101,452,1,_
TP39,KWA1102,453,1,_
TP39,LIV2201,631,1,_
TP39,LTN2201,371,1,_
TP39,LTN2202,372,1,_
TP39,MCH1101,504,1,_
TP39,MDN1101,25,1,_
TP39,MDN2201,26,1,_
TP39,MGM1101,455,1,_
TP39,MHO1101,375,1,_
TP39,MHO1102,376,1,_
TP39,MHT1102,422,1,_
TP39,MHT1103,423,1,_
TP39,MKT1101,314,1,_
TP39,MLG1101,459,1,_
TP39,MLG1102,458,1,_
TP39,MNI1101,329,1,_
TP39,MST1101,461,1,_
TP39,MTI2201,211,1,_
TP39,MTM1101,213,1,_
TP39,MTN1101,379,1,_
TP39,MTN1102,378,1,_
TP39,MTO1101,29,1,_
TP39,MTO1102,30,1,_
TP39,MTR1101,381,1,_
TP39,MVE1101,102,1,_
TP39,MVE1102,103,1,_
TP39,NGA1101,31,1,_
TP39,NMA2201,712,1,_
TP39,NPK1101,383,1,_
TP39,NPL1101,333,1,_
TP39,NPL2201,334,1,_
TP39,NSY2201,633,1,_
TP39,OAM1101,635,1,_
TP39,OAM1102,752,1,_
TP39,OHA2201,640,1,_
TP39,OHB2201,645,1,_
TP39,OHC2201,650,1,_
TP39,OHK2201,223,1,_
TP39,OHW2201,136,1,_
TP39,OHW2202,136,1,_
TP39,OKE1101,224,1,_
TP39,OKI2201,227,0.5,_
TP39,OKI2201,229,0.5,_
TP39,OKN1101,385,1,_
TP39,ONG1101,138,1,_
TP39,OPI2201,540,1,_
TP39,OPI2202,539,1,_
TP39,OPK1101,743,1,_
TP39,OPK1102,336,1,_
TP39,OTA1103,70,1,_
TP39,OTA1104,734,1,_
TP39,OTA1105,70,1,_
TP39,OTA1106,734,1,_
TP39,OTA1107,70,1,_
TP39,OTA1108,734,1,_
TP39,OTA1109,70,1,_
TP39,OTA110A,734,1,_
TP39,OTA2201,72,1,_
TP39,OTA2202,73,1,_
TP39,OTA2203,71,1,_
TP39,OTI0661,596,1,_
TP39,OWH1101,240,1,_
TP39,PAK2201,76,1,_
TP39,PEN0222,79,1,_
TP39,PEN2201,87,1,_
TP39,PIE1101,173,1,_
TP39,PNI1101,463,1,_
TP39,PNI1102,464,1,_
TP39,PRM2201,468,1,_
TP39,PRM2202,469,1,_
TP39,PRT2201,425,1,_
TP39,PRT2202,424,1,_
TP39,RDF1101,296,1,_
TP39,RDF1102,296,1,_
TP39,RDF2201,297,1,_
TP39,RFC1101,483,1,_
TP39,ROT1102,247,1,_
TP39,ROX1101,723,1,_
TP39,ROX2201,724,1,_
TP39,RPO2201,388,1,_
TP39,RTO1101,104,1,_
TP39,RTR1101,365,1,_
TP39,SDN2201,726,1,_
TP39,SFD1101,344,1,_
TP39,STK1101,515,1,_
TP39,STK2201,516,1,_
TP39,STU1101,654,1,_
TP39,SVL2201,33,1,_
TP39,SVL2202,34,1,_
TP39,TAK2201,92,1,_
TP39,TAK2202,93,1,_
TP39,TGA1101,252,1,_
TP39,TIM1101,557,1,_
TP39,TIM2201,559,1,_
TP39,TIM2202,558,1,_
TP39,TKA0111,560,1,_
TP39,TKA1101,562,1,_
TP39,TKB2201,657,1,_
TP39,TKH0501,257,1,_
TP39,TKR1101,471,1,_
TP39,TKU2201,396,1,_
TP39,TMH2201,727,1,_
TP39,TMI1101,259,1,_
TP39,TMK1101,5145,1,_
TP39,TMK1102,565,1,_
TP39,TMN2201,399,1,_
TP39,TMU1101,141,1,_
TP39,TNG2201,403,1,_
TP39,TRK1101,267,1,_
TP39,TRK1102,267,1,_
TP39,TRK2201,268,1,_
TP39,TWH2201,149,1,_
TP39,TWT2201,369,1,_
TP39,TWZ2201,659,1,_
TP39,TWZ2202,659,1,_
TP39,UHT1101,473,1,_
TP39,WAI0501,270,1,_
TP39,WAI1101,271,1,_
TP39,WDV1102,410,1,_
TP39,WEL1101,40,1,_
TP39,WEL1102,39,1,_
TP39,WGN1101,412,1,_
TP39,WHU1101,151,1,_
TP39,WIL1101,477,1,_
TP39,WIL2201,478,1,_
TP39,WIR1101,95,1,_
TP39,WIR1102,736,1,_
TP39,WKM2202,282,1,_
TP39,WKO1101,153,1,_
TP39,WMG1101,746,1,_
TP39,WMG1102,517,1,_
TP39,WPA2201,284,1,_
TP39,WPR2202,538,1,_
TP39,WPR2203,537,1,_
TP39,WPT1101,747,1,_
TP39,WPT1102,519,1,_
TP39,WPW1101,414,1,_
TP39,WPW1102,415,1,_
TP39,WRD2201,44,1,_
TP39,WRK2201,292,1,_
TP39,WTK1101,666,1,_
TP39,WTK1102,667,1,_
TP39,WTK2201,668,1,_
TP39,WTU2201,741,1,_
TP39,WTU2202,312,1,_
TP39,WVY1101,353,1,_
TP40,ARA2201_ARA0,160,0.333333333,_
TP40,ARA2201_ARA0,161,0.333333333,_
TP40,ARA2201_ARA0,162,0.333333333,_
TP40,ARG1101_BRR0,486,1,_
TP40,ARI1101_ARI0,100,0.25,_
TP40,ARI1101_ARI0,97,0.25,_
TP40,ARI1101_ARI0,98,0.25,_
TP40,ARI1101_ARI0,99,0.25,_
TP40,ARI1102_ARI0,96,1,_
TP40,ASB0661_HBK0,554,1,_
TP40,ATI2201_ATI0,164,1,_
TP40,AVI2201_AVI0,599,0.25,_
TP40,AVI2201_AVI0,600,0.25,_
TP40,AVI2201_AVI0,601,0.25,_
TP40,AVI2201_AVI0,602,0.25,_
TP40,BEN2202_BEN0,606,0.166666667,_
TP40,BEN2202_BEN0,607,0.166666667,_
TP40,BEN2202_BEN0,608,0.166666667,_
TP40,BEN2202_BEN0,609,0.166666667,_
TP40,BEN2202_BEN0,610,0.166666667,_
TP40,BEN2202_BEN0,611,0.166666667,_
TP40,BOB1101,46,1,_
TP40,BPE0331_TWF0,408,1,_
TP40,BWK1101_WPI0,731,1,_
TP40,COL0661_COL0,574,0.447368421,_
TP40,COL0661_COL0,750,0.552631579,_
TP40,CPK0331,418,1,_
TP40,CYD2201_CYD0,674,0.25,_
TP40,CYD2201_CYD0,675,0.25,_
TP40,CYD2201_CYD0,676,0.25,_
TP40,CYD2201_CYD0,677,0.25,_
TP40,GLN0332_GLN0,50,1,_
TP40,HAM0331,109,1,_
TP40,HIN0331,114,1,_
TP40,HLY2201_HLY1,119,1,_
TP40,HLY2201_HLY2,118,1,_
TP40,HLY2201_HLY5,120,1,_
TP40,HLY2201_HLY6,117,1,_
TP40,HWA1101_PTA1,337,1,_
TP40,HWA1101_PTA2,337,1,_
TP40,HWA1101_PTA3,337,1,_
TP40,HWA1102_WAA0,348,0.416909621,_
TP40,HWA1102_WAA0,350,0.583090379,_
TP40,HWA1102_WAA1,348,0.416909621,_
TP40,HWA1102_WAA1,350,0.583090379,_
TP40,HWB0331_MAH0,700,1,_
TP40,HWB0331_WPI0,730,1,_
TP40,ISL0331,525,1,_
TP40,KAW0111,179,1,_
TP40,KAW0112_ONU0,235,0.29467381,_
TP40,KAW0112_ONU0,236,0.204853451,_
TP40,KAW0112_ONU0,237,0.126063662,_
TP40,KAW0112_ONU0,238,0.374409077,_
TP40,KAW0113,178,1,_
TP40,KAW1101_KAG0,174,1,_
TP40,KIN0112_KIN0,125,1,_
TP40,KIN0331,127,1,_
TP40,KPA1101_KPI1,323,1,_
TP40,KPO1101_KPO0,130,0.333333333,_
TP40,KPO1101_KPO0,131,0.333333333,_
TP40,KPO1101_KPO0,132,0.333333333,_
TP40,KPU0661,134,1,_
TP40,KUM0661_KUM0,593,1,_
TP40,LTN0331_TWF0,407,1,_
TP40,MAN2201_MAN0,702,0.142857143,_
TP40,MAN2201_MAN0,703,0.142857143,_
TP40,MAN2201_MAN0,704,0.142857143,_
TP40,MAN2201_MAN0,705,0.142857143,_
TP40,MAN2201_MAN0,706,0.142857143,_
TP40,MAN2201_MAN0,707,0.142857143,_
TP40,MAN2201_MAN0,708,0.142857143,_
TP40,MAT1101_ANI0,154,0.5,_
TP40,MAT1101_ANI0,155,0.5,_
TP40,MAT1101_MAT0,195,0.5,_
TP40,MAT1101_MAT0,196,0.5,_
TP40,MHO0331_MHO0,373,1,_
TP40,MKE1101_MKE1,325,0.5,_
TP40,MKE1101_MKE1,326,0.5,_
TP40,MPE1101,27,1,_
TP40,MTI2201_MTI0,201,0.1,_
TP40,MTI2201_MTI0,202,0.1,_
TP40,MTI2201_MTI0,203,0.1,_
TP40,MTI2201_MTI0,204,0.1,_
TP40,MTI2201_MTI0,205,0.1,_
TP40,MTI2201_MTI0,206,0.1,_
TP40,MTI2201_MTI0,207,0.1,_
TP40,MTI2201_MTI0,208,0.1,_
TP40,MTI2201_MTI0,209,0.1,_
TP40,MTI2201_MTI0,210,0.1,_
TP40,NAP2201_NAP0,214,1,_
TP40,NAP2202_NTM0,216,0.5,_
TP40,NAP2202_NTM0,217,0.5,_
TP40,NMA0331_WHL0,729,1,_
TP40,NSY0331_PAE0,651,1,_
TP40,OHA2201_OHA0,636,0.25,_
TP40,OHA2201_OHA0,637,0.25,_
TP40,OHA2201_OHA0,638,0.25,_
TP40,OHA2201_OHA0,639,0.25,_
TP40,OHB2201_OHB0,641,0.25,_
TP40,OHB2201_OHB0,642,0.25,_
TP40,OHB2201_OHB0,643,0.25,_
TP40,OHB2201_OHB0,644,0.25,_
TP40,OHC2201_OHC0,646,0.25,_
TP40,OHC2201_OHC0,647,0.25,_
TP40,OHC2201_OHC0,648,0.25,_
TP40,OHC2201_OHC0,649,0.25,_
TP40,OHK2201_OHK0,219,0.25,_
TP40,OHK2201_OHK0,220,0.25,_
TP40,OHK2201_OHK0,221,0.25,_
TP40,OHK2201_OHK0,222,0.25,_
TP40,OKI2201_OKI0,228,0.099099099,_
TP40,OKI2201_OKI0,230,0.450450451,_
TP40,OKI2201_OKI0,231,0.450450451,_
TP40,PEN0331,81,1,_
TP40,PPI2201_PPI0,241,1,_
TP40,PRM0331,465,1,_
TP40,ROT1101_WHE0,272,1,_
TP40,ROX1101_ROX0,714,0.333333333,_
TP40,ROX1101_ROX0,715,0.333333333,_
TP40,ROX1101_ROX0,716,0.333333333,_
TP40,ROX2201_ROX0,717,0.2,_
TP40,ROX2201_ROX0,718,0.2,_
TP40,ROX2201_ROX0,719,0.2,_
TP40,ROX2201_ROX0,720,0.2,_
TP40,ROX2201_ROX0,721,0.2,_
TP40,RPO2201_RPO0,386,0.5,_
TP40,RPO2201_RPO0,387,0.5,_
TP40,SFD2201_SFD21,340,1,_
TP40,SFD2201_SFD22,341,1,_
TP40,SFD2201_SPL0,346,1,_
TP40,STK0661_COB0,491,1,_
TP40,TGA0331_KMI0,183,1,_
TP40,THI2201_THI1,253,1,_
TP40,THI2201_THI2,254,1,_
TP40,TKA0111_TKA1,560,1,_
TP40,TKB2201_TKB1,655,0.5,_
TP40,TKB2201_TKB1,656,0.5,_
TP40,TKU2201_TKU0,391,0.25,_
TP40,TKU2201_TKU0,392,0.25,_
TP40,TKU2201_TKU0,393,0.25,_
TP40,TKU2201_TKU0,394,0.25,_
TP40,TUI1101_KTW0,298,0.5,_
TP40,TUI1101_KTW0,299,0.5,_
TP40,TUI1101_PRI0,300,0.5,_
TP40,TUI1101_PRI0,301,0.5,_
TP40,TUI1101_TUI0,302,0.333333333,_
TP40,TUI1101_TUI0,303,0.333333333,_
TP40,TUI1101_TUI0,304,0.333333333,_
TP40,TWC2201_NZW0,404,1,_
TP40,TWC2201_TWF0,405,1,_
TP40,TWH0331_TRC1,142,1,_
TP40,TWH0331_TUK0,147,1,_
TP40,WDV1101_TAP0,389,1,_
TP40,WGN0331,411,1,_
TP40,WHI0111,306,1,_
TP40,WHI2201_WHI0,307,0.333333333,_
TP40,WHI2201_WHI0,308,0.333333333,_
TP40,WHI2201_WHI0,309,0.333333333,_
TP40,WHU0331,150,1,_
TP40,WIL0331_MCK0,482,1,_
TP40,WKM2201_MOK0,198,0.524257784,_
TP40,WKM2201_MOK0,199,0.475742216,_
TP40,WKM2201_WKM0,274,0.25,_
TP40,WKM2201_WKM0,275,0.25,_
TP40,WKM2201_WKM0,276,0.25,_
TP40,WKM2201_WKM0,277,0.25,_
TP40,WKO0331,152,1,_
TP40,WPA2201_WPA0,283,1,_
TP40,WRK0331_RKA0,740,1,_
TP40,WRK0331_TAA0,248,1,_
TP40,WRK2201_WRK0,285,0.340664962,_
TP40,WRK2201_WRK0,286,0.170332481,_
TP40,WRK2201_WRK0,287,0.19028133,_
TP40,WRK2201_WRK0,288,0.211764706,_
TP40,WRK2201_WRK0,289,0.086956522,_
TP40,WTK0111_WTK0,660,1,_
TP40,WWD1102_WWD0,479,1,_
TP40,WWD1103_WWD0,744,1,_
TP40,KAW0112_DLS0,176,1,_
TP40,KAW0113_DLS1,178,1,_
TP40,ABY0111,541,1,_
TP40,ALB0331,4,1,_
TP40,ALB1101,41,1,_
TP40,APS0111,569,1,_
TP40,ARG1101,487,1,_
TP40,ASB0331,543,1,_
TP40,ASB0661,544,1,_
TP40,ASY0111,520,0.5,_
TP40,ASY0111,748,0.5,_
TP40,ATU1101,488,1,_
TP40,BAL0331,669,1,_
TP40,BDE0111,671,1,_
TP40,BLN0331,489,1,_
TP40,BOB0331,45,1,_
TP40,BPD1101,618,1,_
TP40,BPE0331,357,1,_
TP40,BPE0551,358,0.5,_
TP40,BPE0551,359,0.5,_
TP40,BPT1101,619,1,_
TP40,BRB0331,8,1,_
TP40,BRK0331,315,1,_
TP40,BRY0661,549,1,_
TP40,BWK1101,673,1,_
TP40,CBG0111,105,1,_
TP40,CLH0111,572,1,_
TP40,CML0331,620,1,_
TP40,COL0111,575,1,_
TP40,COL0661,576,1,_
TP40,CPK0111,416,0.5,_
TP40,CPK0111,417,0.5,_
TP40,CST0331,317,1,_
TP40,CUL0331,493,1,_
TP40,CUL0661,494,1,_
TP40,CYD0331,678,1,_
TP40,CYD2201,679,1,_
TP40,DOB0331,579,1,_
TP40,DVK0111,366,1,_
TP40,EDG0331,168,1,_
TP40,EDN0331,680,1,_
TP40,FHL0331,293,1,_
TP40,FKN0331,628,1,_
TP40,GFD0331,426,1,_
TP40,GLN0331,733,1,_
TP40,GLN0332,51,1,_
TP40,GOR0331,682,1,_
TP40,GYM0661,585,1,_
TP40,GYT0331,429,1,_
TP40,HAM0111,108,1,_
TP40,HAM0551,110,1,_
TP40,HAM0551,5031,0,_
TP40,HAY0111,434,1,_
TP40,HAY0331,443,1,_
TP40,HEN0331,12,1,_
TP40,HEP0331,17,1,_
TP40,HKK0661,587,1,_
TP40,HLY0331,121,1,_
TP40,HOB1101,56,1,_
TP40,HOR0331,589,1,_
TP40,HOR0661,590,1,_
TP40,HTI0331,123,1,_
TP40,HUI0331,319,1,_
TP40,HWA0331,321,1,_
TP40,HWA0332,742,1,_
TP40,HWA1101,322,1,_
TP40,HWA1102,322,1,_
TP40,HWB0331,688,1,_
TP40,HWB0332,753,1,_
TP40,HWB1101,693,1,_
TP40,INV0331,696,1,_
TP40,ISL0661,526,1,_
TP40,KAI0111,531,1,_
TP40,KAW0112,176,1,_
TP40,KAW1101,181,1,_
TP40,KBY0661,591,1,_
TP40,KBY0662,591,1,_
TP40,KIK0111,745,1,_
TP40,KIN0111,126,1,_
TP40,KIN0112,125,1,_
TP40,KIN0113,738,1,_
TP40,KMO0331,187,1,_
TP40,KOE1101,20,1,_
TP40,KPA1101,324,1,_
TP40,KUM0661,593,1,_
TP40,KWA0111,451,1,_
TP40,LFD1101,192,1,_
TP40,LFD1102,192,1,_
TP40,LTN0331,370,1,_
TP40,MAN2201,701,1,_
TP40,MAT1101,156,0.909090909,_
TP40,MAT1101,197,0.090909091,_
TP40,MCH0111,503,1,_
TP40,MER0331,60,1,_
TP40,MGM0331,454,1,_
TP40,MHO0331,374,1,_
TP40,MKE1101,325,0.5,_
TP40,MKE1101,326,0.5,_
TP40,MLG0111,456,1,_
TP40,MLG0331,457,1,_
TP40,MNG0331,61,1,_
TP40,MNG1101,62,1,_
TP40,MNI0111,328,1,_
TP40,MST0331,460,1,_
TP40,MTM0331,212,1,_
TP40,MTN0331,377,1,_
TP40,MTO0331,28,1,_
TP40,MTR0331,380,1,_
TP40,NAP2201,214,1,_
TP40,NAP2202,215,1,_
TP40,NMA0331,711,1,_
TP40,NPK0331,382,1,_
TP40,NPL0331,331,1,_
TP40,NSY0331,632,1,_
TP40,OAM0331,634,1,_
TP40,OKN0111,384,1,_
TP40,ONG0331,137,1,_
TP40,OPK0331,335,1,_
TP40,ORO1101,507,1,_
TP40,ORO1102,508,1,_
TP40,OTA0221,66,1,_
TP40,OTI0111,595,1,_
TP40,OWH0111,239,1,_
TP40,PAK0331,75,1,_
TP40,PAO1101,139,1,_
TP40,PEN0221,79,1,_
TP40,PEN0251,80,1,_
TP40,PEN1101,56,0.190798081,_
TP40,PEN1101,58,0.645660707,_
TP40,PEN1101,88,0.163541212,_
TP40,PNI0331,462,1,_
TP40,PPI2201,241,0.5,_
TP40,PPI2201,242,0.5,_
TP40,RDF0331,295,1,_
TP40,RFN1101,506,1,_
TP40,RFN1102,505,1,_
TP40,ROS0221,89,1,_
TP40,ROS1101,90,1,_
TP40,ROT0111,245,1,_
TP40,ROT0331,246,1,_
TP40,ROT1101,247,1,_
TP40,SBK0331,533,1,_
TP40,SBK0661,534,1,_
TP40,SDN0331,725,1,_
TP40,SFD0331,342,1,_
TP40,SFD2201,345,1,_
TP40,STK0331,511,1,_
TP40,STK0661,512,1,_
TP40,STU0111,653,1,_
TP40,SVL0331,32,1,_
TP40,SWN0251,36,1,_
TP40,SWN2201,37,1,_
TP40,TAK0331,91,1,_
TP40,TGA0111,250,1,_
TP40,TGA0331,251,1,_
TP40,THI2201,255,1,_
TP40,TIM0111,556,1,_
TP40,TKA0331,561,1,_
TP40,TKH0111,256,1,_
TP40,TKR0331,470,1,_
TP40,TKU0331,395,1,_
TP40,TMI0331,258,1,_
TP40,TMK0331,563,1,_
TP40,TMN0551,397,0.5,_
TP40,TMN0551,398,0.5,_
TP40,TMU0111,140,1,_
TP40,TNG0111,400,1,_
TP40,TNG0551,401,0.5,_
TP40,TNG0551,402,0.5,_
TP40,TRK0111,260,1,_
TP40,TUI1101,305,1,_
TP40,TWC2201,406,1,_
TP40,TWH0331,143,0.253164557,_
TP40,TWH0331,148,0.746835443,_
TP40,TWI2201,728,1,_
TP40,TWZ0331,658,1,_
TP40,UHT0331,472,1,_
TP40,WAI0111,269,1,_
TP40,WDV0111,409,1,_
TP40,WDV1101,410,1,_
TP40,WEL0331,38,1,_
TP40,WHI2201,310,1,_
TP40,WIL0331,475,1,_
TP40,WIR0331,94,1,_
TP40,WKM2201,278,1,_
TP40,WPR0331,535,1,_
TP40,WPR0661,536,1,_
TP40,WPT0111,518,1,_
TP40,WPW0331,413,1,_
TP40,WRD0331,41,1,_
TP40,WRK0331,290,1,_
TP40,WTK0111,660,1,_
TP40,WTK0331,5152,1,_
TP40,WTU0331,311,1,_
TP40,WVY0111,352,1,_
TP40,WWD1102,481,1,_
TP40,WWD1103,480,1,_
TP40,ABY1101,542,1,_
TP40,ALB2201,7,1,_
TP40,APS0661,570,1,_
TP40,ARA2201,163,1,_
TP40,ARI1101,737,1,_
TP40,ARI1102,101,1,_
TP40,ASB2201,545,1,_
TP40,ASY0661,521,1,_
TP40,ATI2201,164,1,_
TP40,AVI2201,603,1,_
TP40,BAL1101,670,1,_
TP40,BDE1101,672,1,_
TP40,BEN2201,617,1,_
TP40,BEN2202,617,1,_
TP40,BEN3502,615,1,_
TP40,BEN3503,616,1,_
TP40,BHL2201,47,1,_
TP40,BHL2202,48,1,_
TP40,BLN1101,490,1,_
TP40,BPC1101,598,1,_
TP40,BPE1101,363,1,_
TP40,BPE2201,364,1,_
TP40,BRB2201,9,1,_
TP40,BRK2201,316,1,_
TP40,BRK2202,316,1,_
TP40,BRY2201,553,1,_
TP40,CBG1101,107,1,_
TP40,CBG1102,106,1,_
TP40,CLH0661,573,1,_
TP40,CML1101,625,1,_
TP40,CML1102,624,1,_
TP40,CML2201,627,1,_
TP40,CML2202,626,1,_
TP40,CPK1101,419,1,_
TP40,CPK1102,420,1,_
TP40,CPK1103,421,1,_
TP40,CST1101,318,1,_
TP40,CUL2202,495,1,_
TP40,CUL2203,496,1,_
TP40,DOB0661,580,1,_
TP40,DOB1101,584,1,_
TP40,DOB1102,583,1,_
TP40,DRY2201,49,1,_
TP40,DRY2202,49,1,_
TP40,DVK1101,367,1,_
TP40,DVK1102,368,1,_
TP40,EDG1101,171,1,_
TP40,EDG1102,171,1,_
TP40,EDG2201,172,1,_
TP40,EDN1101,681,1,_
TP40,FHL1101,294,1,_
TP40,FKN1101,630,1,_
TP40,FKN1102,629,1,_
TP40,GFD1101,428,1,_
TP40,GFD1102,427,1,_
TP40,GLN2201,53,1,_
TP40,GNY1101,597,1,_
TP40,GOR1101,683,1,_
TP40,GOR1102,683,1,_
TP40,GYT1101,430,1,_
TP40,GYT1102,431,1,_
TP40,HAM1101,112,1,_
TP40,HAM2201,113,1,_
TP40,HAY1101,447,1,_
TP40,HAY2201,450,1,_
TP40,HAY3502,449,1,_
TP40,HAY3503,448,1,_
TP40,HEN1101,15,1,_
TP40,HEN2201,16,1,_
TP40,HEP1101,18,1,_
TP40,HIN1101,115,1,_
TP40,HLY2201,116,1,_
TP40,HOB2201,57,1,_
TP40,HPI2201,19,1,_
TP40,HPI2202,19,1,_
TP40,HTI1101,124,1,_
TP40,HUI1101,320,1,_
TP40,HWA1001,322,1,_
TP40,HWB2201,694,1,_
TP40,IGH1101,497,1,_
TP40,INV1101,698,1,_
TP40,INV2201,699,1,_
TP40,INV2202,699,1,_
TP40,ISL2201,530,1,_
TP40,KAI0661,532,1,_
TP40,KAW2201,182,1,_
TP40,KBT0661,567,1,_
TP40,KBT0662,566,1,_
TP40,KIK1101,501,1,_
TP40,KIK2201,502,1,_
TP40,KIN1101,129,1,_
TP40,KIN1102,129,1,_
TP40,KMO1101,190,1,_
TP40,KMO1102,190,1,_
TP40,KMO1103,190,1,_
TP40,KMO2201,191,1,_
TP40,KPO1101,133,1,_
TP40,KPU1101,739,1,_
TP40,KPU1102,135,1,_
TP40,KWA1101,452,1,_
TP40,KWA1102,453,1,_
TP40,LIV2201,631,1,_
TP40,LTN2201,371,1,_
TP40,LTN2202,372,1,_
TP40,MCH1101,504,1,_
TP40,MDN1101,25,1,_
TP40,MDN2201,26,1,_
TP40,MGM1101,455,1,_
TP40,MHO1101,375,1,_
TP40,MHO1102,376,1,_
TP40,MHT1102,422,1,_
TP40,MHT1103,423,1,_
TP40,MKT1101,314,1,_
TP40,MLG1101,459,1,_
TP40,MLG1102,458,1,_
TP40,MNI1101,329,1,_
TP40,MST1101,461,1,_
TP40,MTI2201,211,1,_
TP40,MTM1101,213,1,_
TP40,MTN1101,379,1,_
TP40,MTN1102,378,1,_
TP40,MTO1101,29,1,_
TP40,MTO1102,30,1,_
TP40,MTR1101,381,1,_
TP40,MVE1101,102,1,_
TP40,MVE1102,103,1,_
TP40,NGA1101,31,1,_
TP40,NMA2201,712,1,_
TP40,NPK1101,383,1,_
TP40,NPL1101,333,1,_
TP40,NPL2201,334,1,_
TP40,NSY2201,633,1,_
TP40,OAM1101,635,1,_
TP40,OAM1102,752,1,_
TP40,OHA2201,640,1,_
TP40,OHB2201,645,1,_
TP40,OHC2201,650,1,_
TP40,OHK2201,223,1,_
TP40,OHW2201,136,1,_
TP40,OHW2202,136,1,_
TP40,OKE1101,224,1,_
TP40,OKI2201,227,0.5,_
TP40,OKI2201,229,0.5,_
TP40,OKN1101,385,1,_
TP40,ONG1101,138,1,_
TP40,OPI2201,540,1,_
TP40,OPI2202,539,1,_
TP40,OPK1101,743,1,_
TP40,OPK1102,336,1,_
TP40,OTA1103,70,1,_
TP40,OTA1104,734,1,_
TP40,OTA1105,70,1,_
TP40,OTA1106,734,1,_
TP40,OTA1107,70,1,_
TP40,OTA1108,734,1,_
TP40,OTA1109,70,1,_
TP40,OTA110A,734,1,_
TP40,OTA2201,72,1,_
TP40,OTA2202,73,1,_
TP40,OTA2203,71,1,_
TP40,OTI0661,596,1,_
TP40,OWH1101,240,1,_
TP40,PAK2201,76,1,_
TP40,PEN0222,79,1,_
TP40,PEN2201,87,1,_
TP40,PIE1101,173,1,_
TP40,PNI1101,463,1,_
TP40,PNI1102,464,1,_
TP40,PRM2201,468,1,_
TP40,PRM2202,469,1,_
TP40,PRT2201,425,1,_
TP40,PRT2202,424,1,_
TP40,RDF1101,296,1,_
TP40,RDF1102,296,1,_
TP40,RDF2201,297,1,_
TP40,RFC1101,483,1,_
TP40,ROT1102,247,1,_
TP40,ROX1101,723,1,_
TP40,ROX2201,724,1,_
TP40,RPO2201,388,1,_
TP40,RTO1101,104,1,_
TP40,RTR1101,365,1,_
TP40,SDN2201,726,1,_
TP40,SFD1101,344,1,_
TP40,STK1101,515,1,_
TP40,STK2201,516,1,_
TP40,STU1101,654,1,_
TP40,SVL2201,33,1,_
TP40,SVL2202,34,1,_
TP40,TAK2201,92,1,_
TP40,TAK2202,93,1,_
TP40,TGA1101,252,1,_
TP40,TIM1101,557,1,_
TP40,TIM2201,559,1,_
TP40,TIM2202,558,1,_
TP40,TKA0111,560,1,_
TP40,TKA1101,562,1,_
TP40,TKB2201,657,1,_
TP40,TKH0501,257,1,_
TP40,TKR1101,471,1,_
TP40,TKU2201,396,1,_
TP40,TMH2201,727,1,_
TP40,TMI1101,259,1,_
TP40,TMK1101,5145,1,_
TP40,TMK1102,565,1,_
TP40,TMN2201,399,1,_
TP40,TMU1101,141,1,_
TP40,TNG2201,403,1,_
TP40,TRK1101,267,1,_
TP40,TRK1102,267,1,_
TP40,TRK2201,268,1,_
TP40,TWH2201,149,1,_
TP40,TWT2201,369,1,_
TP40,TWZ2201,659,1,_
TP40,TWZ2202,659,1,_
TP40,UHT1101,473,1,_
TP40,WAI0501,270,1,_
TP40,WAI1101,271,1,_
TP40,WDV1102,410,1,_
TP40,WEL1101,40,1,_
TP40,WEL1102,39,1,_
TP40,WGN1101,412,1,_
TP40,WHU1101,151,1,_
TP40,WIL1101,477,1,_
TP40,WIL2201,478,1,_
TP40,WIR1101,95,1,_
TP40,WIR1102,736,1,_
TP40,WKM2202,282,1,_
TP40,WKO1101,153,1,_
TP40,WMG1101,746,1,_
TP40,WMG1102,517,1,_
TP40,WPA2201,284,1,_
TP40,WPR2202,538,1,_
TP40,WPR2203,537,1,_
TP40,WPT1101,747,1,_
TP40,WPT1102,519,1,_
TP40,WPW1101,414,1,_
TP40,WPW1102,415,1,_
TP40,WRD2201,44,1,_
TP40,WRK2201,292,1,_
TP40,WTK1101,666,1,_
TP40,WTK1102,667,1,_
TP40,WTK2201,668,1,_
TP40,WTU2201,741,1,_
TP40,WTU2202,312,1,_
TP40,WVY1101,353,1,_
TP41,ARA2201_ARA0,160,0.333333333,_
TP41,ARA2201_ARA0,161,0.333333333,_
TP41,ARA2201_ARA0,162,0.333333333,_
TP41,ARG1101_BRR0,486,1,_
TP41,ARI1101_ARI0,100,0.25,_
TP41,ARI1101_ARI0,97,0.25,_
TP41,ARI1101_ARI0,98,0.25,_
TP41,ARI1101_ARI0,99,0.25,_
TP41,ARI1102_ARI0,96,1,_
TP41,ASB0661_HBK0,554,1,_
TP41,ATI2201_ATI0,164,1,_
TP41,AVI2201_AVI0,599,0.25,_
TP41,AVI2201_AVI0,600,0.25,_
TP41,AVI2201_AVI0,601,0.25,_
TP41,AVI2201_AVI0,602,0.25,_
TP41,BEN2202_BEN0,606,0.166666667,_
TP41,BEN2202_BEN0,607,0.166666667,_
TP41,BEN2202_BEN0,608,0.166666667,_
TP41,BEN2202_BEN0,609,0.166666667,_
TP41,BEN2202_BEN0,610,0.166666667,_
TP41,BEN2202_BEN0,611,0.166666667,_
TP41,BOB1101,46,1,_
TP41,BPE0331_TWF0,408,1,_
TP41,BWK1101_WPI0,731,1,_
TP41,COL0661_COL0,574,0.447368421,_
TP41,COL0661_COL0,750,0.552631579,_
TP41,CPK0331,418,1,_
TP41,CYD2201_CYD0,674,0.25,_
TP41,CYD2201_CYD0,675,0.25,_
TP41,CYD2201_CYD0,676,0.25,_
TP41,CYD2201_CYD0,677,0.25,_
TP41,GLN0332_GLN0,50,1,_
TP41,HAM0331,109,1,_
TP41,HIN0331,114,1,_
TP41,HLY2201_HLY1,119,1,_
TP41,HLY2201_HLY2,118,1,_
TP41,HLY2201_HLY5,120,1,_
TP41,HLY2201_HLY6,117,1,_
TP41,HWA1101_PTA1,337,1,_
TP41,HWA1101_PTA2,337,1,_
TP41,HWA1101_PTA3,337,1,_
TP41,HWA1102_WAA0,348,0.416909621,_
TP41,HWA1102_WAA0,350,0.583090379,_
TP41,HWA1102_WAA1,348,0.416909621,_
TP41,HWA1102_WAA1,350,0.583090379,_
TP41,HWB0331_MAH0,700,1,_
TP41,HWB0331_WPI0,730,1,_
TP41,ISL0331,525,1,_
TP41,KAW0111,179,1,_
TP41,KAW0112_ONU0,235,0.29467381,_
TP41,KAW0112_ONU0,236,0.204853451,_
TP41,KAW0112_ONU0,237,0.126063662,_
TP41,KAW0112_ONU0,238,0.374409077,_
TP41,KAW0113,178,1,_
TP41,KAW1101_KAG0,174,1,_
TP41,KIN0112_KIN0,125,1,_
TP41,KIN0331,127,1,_
TP41,KPA1101_KPI1,323,1,_
TP41,KPO1101_KPO0,130,0.333333333,_
TP41,KPO1101_KPO0,131,0.333333333,_
TP41,KPO1101_KPO0,132,0.333333333,_
TP41,KPU0661,134,1,_
TP41,KUM0661_KUM0,593,1,_
TP41,LTN0331_TWF0,407,1,_
TP41,MAN2201_MAN0,702,0.142857143,_
TP41,MAN2201_MAN0,703,0.142857143,_
TP41,MAN2201_MAN0,704,0.142857143,_
TP41,MAN2201_MAN0,705,0.142857143,_
TP41,MAN2201_MAN0,706,0.142857143,_
TP41,MAN2201_MAN0,707,0.142857143,_
TP41,MAN2201_MAN0,708,0.142857143,_
TP41,MAT1101_ANI0,154,0.5,_
TP41,MAT1101_ANI0,155,0.5,_
TP41,MAT1101_MAT0,195,0.5,_
TP41,MAT1101_MAT0,196,0.5,_
TP41,MHO0331_MHO0,373,1,_
TP41,MKE1101_MKE1,325,0.5,_
TP41,MKE1101_MKE1,326,0.5,_
TP41,MPE1101,27,1,_
TP41,MTI2201_MTI0,201,0.1,_
TP41,MTI2201_MTI0,202,0.1,_
TP41,MTI2201_MTI0,203,0.1,_
TP41,MTI2201_MTI0,204,0.1,_
TP41,MTI2201_MTI0,205,0.1,_
TP41,MTI2201_MTI0,206,0.1,_
TP41,MTI2201_MTI0,207,0.1,_
TP41,MTI2201_MTI0,208,0.1,_
TP41,MTI2201_MTI0,209,0.1,_
TP41,MTI2201_MTI0,210,0.1,_
TP41,NAP2201_NAP0,214,1,_
TP41,NAP2202_NTM0,216,0.5,_
TP41,NAP2202_NTM0,217,0.5,_
TP41,NMA0331_WHL0,729,1,_
TP41,NSY0331_PAE0,651,1,_
TP41,OHA2201_OHA0,636,0.25,_
TP41,OHA2201_OHA0,637,0.25,_
TP41,OHA2201_OHA0,638,0.25,_
TP41,OHA2201_OHA0,639,0.25,_
TP41,OHB2201_OHB0,641,0.25,_
TP41,OHB2201_OHB0,642,0.25,_
TP41,OHB2201_OHB0,643,0.25,_
TP41,OHB2201_OHB0,644,0.25,_
TP41,OHC2201_OHC0,646,0.25,_
TP41,OHC2201_OHC0,647,0.25,_
TP41,OHC2201_OHC0,648,0.25,_
TP41,OHC2201_OHC0,649,0.25,_
TP41,OHK2201_OHK0,219,0.25,_
TP41,OHK2201_OHK0,220,0.25,_
TP41,OHK2201_OHK0,221,0.25,_
TP41,OHK2201_OHK0,222,0.25,_
TP41,OKI2201_OKI0,228,0.099099099,_
TP41,OKI2201_OKI0,230,0.450450451,_
TP41,OKI2201_OKI0,231,0.450450451,_
TP41,PEN0331,81,1,_
TP41,PPI2201_PPI0,241,1,_
TP41,PRM0331,465,1,_
TP41,ROT1101_WHE0,272,1,_
TP41,ROX1101_ROX0,714,0.333333333,_
TP41,ROX1101_ROX0,715,0.333333333,_
TP41,ROX1101_ROX0,716,0.333333333,_
TP41,ROX2201_ROX0,717,0.2,_
TP41,ROX2201_ROX0,718,0.2,_
TP41,ROX2201_ROX0,719,0.2,_
TP41,ROX2201_ROX0,720,0.2,_
TP41,ROX2201_ROX0,721,0.2,_
TP41,RPO2201_RPO0,386,0.5,_
TP41,RPO2201_RPO0,387,0.5,_
TP41,SFD2201_SFD21,340,1,_
TP41,SFD2201_SFD22,341,1,_
TP41,SFD2201_SPL0,346,1,_
TP41,STK0661_COB0,491,1,_
TP41,TGA0331_KMI0,183,1,_
TP41,THI2201_THI1,253,1,_
TP41,THI2201_THI2,254,1,_
TP41,TKA0111_TKA1,560,1,_
TP41,TKB2201_TKB1,655,0.5,_
TP41,TKB2201_TKB1,656,0.5,_
TP41,TKU2201_TKU0,391,0.25,_
TP41,TKU2201_TKU0,392,0.25,_
TP41,TKU2201_TKU0,393,0.25,_
TP41,TKU2201_TKU0,394,0.25,_
TP41,TUI1101_KTW0,298,0.5,_
TP41,TUI1101_KTW0,299,0.5,_
TP41,TUI1101_PRI0,300,0.5,_
TP41,TUI1101_PRI0,301,0.5,_
TP41,TUI1101_TUI0,302,0.333333333,_
TP41,TUI1101_TUI0,303,0.333333333,_
TP41,TUI1101_TUI0,304,0.333333333,_
TP41,TWC2201_NZW0,404,1,_
TP41,TWC2201_TWF0,405,1,_
TP41,TWH0331_TRC1,142,1,_
TP41,TWH0331_TUK0,147,1,_
TP41,WDV1101_TAP0,389,1,_
TP41,WGN0331,411,1,_
TP41,WHI0111,306,1,_
TP41,WHI2201_WHI0,307,0.333333333,_
TP41,WHI2201_WHI0,308,0.333333333,_
TP41,WHI2201_WHI0,309,0.333333333,_
TP41,WHU0331,150,1,_
TP41,WIL0331_MCK0,482,1,_
TP41,WKM2201_MOK0,198,0.524257784,_
TP41,WKM2201_MOK0,199,0.475742216,_
TP41,WKM2201_WKM0,274,0.25,_
TP41,WKM2201_WKM0,275,0.25,_
TP41,WKM2201_WKM0,276,0.25,_
TP41,WKM2201_WKM0,277,0.25,_
TP41,WKO0331,152,1,_
TP41,WPA2201_WPA0,283,1,_
TP41,WRK0331_RKA0,740,1,_
TP41,WRK0331_TAA0,248,1,_
TP41,WRK2201_WRK0,285,0.340664962,_
TP41,WRK2201_WRK0,286,0.170332481,_
TP41,WRK2201_WRK0,287,0.19028133,_
TP41,WRK2201_WRK0,288,0.211764706,_
TP41,WRK2201_WRK0,289,0.086956522,_
TP41,WTK0111_WTK0,660,1,_
TP41,WWD1102_WWD0,479,1,_
TP41,WWD1103_WWD0,744,1,_
TP41,KAW0112_DLS0,176,1,_
TP41,KAW0113_DLS1,178,1,_
TP41,ABY0111,541,1,_
TP41,ALB0331,4,1,_
TP41,ALB1101,41,1,_
TP41,APS0111,569,1,_
TP41,ARG1101,487,1,_
TP41,ASB0331,543,1,_
TP41,ASB0661,544,1,_
TP41,ASY0111,520,0.5,_
TP41,ASY0111,748,0.5,_
TP41,ATU1101,488,1,_
TP41,BAL0331,669,1,_
TP41,BDE0111,671,1,_
TP41,BLN0331,489,1,_
TP41,BOB0331,45,1,_
TP41,BPD1101,618,1,_
TP41,BPE0331,357,1,_
TP41,BPE0551,358,0.5,_
TP41,BPE0551,359,0.5,_
TP41,BPT1101,619,1,_
TP41,BRB0331,8,1,_
TP41,BRK0331,315,1,_
TP41,BRY0661,549,1,_
TP41,BWK1101,673,1,_
TP41,CBG0111,105,1,_
TP41,CLH0111,572,1,_
TP41,CML0331,620,1,_
TP41,COL0111,575,1,_
TP41,COL0661,576,1,_
TP41,CPK0111,416,0.5,_
TP41,CPK0111,417,0.5,_
TP41,CST0331,317,1,_
TP41,CUL0331,493,1,_
TP41,CUL0661,494,1,_
TP41,CYD0331,678,1,_
TP41,CYD2201,679,1,_
TP41,DOB0331,579,1,_
TP41,DVK0111,366,1,_
TP41,EDG0331,168,1,_
TP41,EDN0331,680,1,_
TP41,FHL0331,293,1,_
TP41,FKN0331,628,1,_
TP41,GFD0331,426,1,_
TP41,GLN0331,733,1,_
TP41,GLN0332,51,1,_
TP41,GOR0331,682,1,_
TP41,GYM0661,585,1,_
TP41,GYT0331,429,1,_
TP41,HAM0111,108,1,_
TP41,HAM0551,110,1,_
TP41,HAM0551,5032,0,_
TP41,HAY0111,434,1,_
TP41,HAY0331,443,1,_
TP41,HEN0331,12,1,_
TP41,HEP0331,17,1,_
TP41,HKK0661,587,1,_
TP41,HLY0331,121,1,_
TP41,HOB1101,56,1,_
TP41,HOR0331,589,1,_
TP41,HOR0661,590,1,_
TP41,HTI0331,123,1,_
TP41,HUI0331,319,1,_
TP41,HWA0331,321,1,_
TP41,HWA0332,742,1,_
TP41,HWA1101,322,1,_
TP41,HWA1102,322,1,_
TP41,HWB0331,688,1,_
TP41,HWB0332,753,1,_
TP41,HWB1101,693,1,_
TP41,INV0331,696,1,_
TP41,ISL0661,526,1,_
TP41,KAI0111,531,1,_
TP41,KAW0112,176,1,_
TP41,KAW1101,181,1,_
TP41,KBY0661,591,1,_
TP41,KBY0662,591,1,_
TP41,KIK0111,745,1,_
TP41,KIN0111,126,1,_
TP41,KIN0112,125,1,_
TP41,KIN0113,738,1,_
TP41,KMO0331,187,1,_
TP41,KOE1101,20,1,_
TP41,KPA1101,324,1,_
TP41,KUM0661,593,1,_
TP41,KWA0111,451,1,_
TP41,LFD1101,192,1,_
TP41,LFD1102,192,1,_
TP41,LTN0331,370,1,_
TP41,MAN2201,701,1,_
TP41,MAT1101,156,0.909090909,_
TP41,MAT1101,197,0.090909091,_
TP41,MCH0111,503,1,_
TP41,MER0331,60,1,_
TP41,MGM0331,454,1,_
TP41,MHO0331,374,1,_
TP41,MKE1101,325,0.5,_
TP41,MKE1101,326,0.5,_
TP41,MLG0111,456,1,_
TP41,MLG0331,457,1,_
TP41,MNG0331,61,1,_
TP41,MNG1101,62,1,_
TP41,MNI0111,328,1,_
TP41,MST0331,460,1,_
TP41,MTM0331,212,1,_
TP41,MTN0331,377,1,_
TP41,MTO0331,28,1,_
TP41,MTR0331,380,1,_
TP41,NAP2201,214,1,_
TP41,NAP2202,215,1,_
TP41,NMA0331,711,1,_
TP41,NPK0331,382,1,_
TP41,NPL0331,331,1,_
TP41,NSY0331,632,1,_
TP41,OAM0331,634,1,_
TP41,OKN0111,384,1,_
TP41,ONG0331,137,1,_
TP41,OPK0331,335,1,_
TP41,ORO1101,507,1,_
TP41,ORO1102,508,1,_
TP41,OTA0221,66,1,_
TP41,OTI0111,595,1,_
TP41,OWH0111,239,1,_
TP41,PAK0331,75,1,_
TP41,PAO1101,139,1,_
TP41,PEN0221,79,1,_
TP41,PEN0251,80,1,_
TP41,PEN1101,56,0.190798081,_
TP41,PEN1101,58,0.645660707,_
TP41,PEN1101,88,0.163541212,_
TP41,PNI0331,462,1,_
TP41,PPI2201,241,0.5,_
TP41,PPI2201,242,0.5,_
TP41,RDF0331,295,1,_
TP41,RFN1101,506,1,_
TP41,RFN1102,505,1,_
TP41,ROS0221,89,1,_
TP41,ROS1101,90,1,_
TP41,ROT0111,245,1,_
TP41,ROT0331,246,1,_
TP41,ROT1101,247,1,_
TP41,SBK0331,533,1,_
TP41,SBK0661,534,1,_
TP41,SDN0331,725,1,_
TP41,SFD0331,342,1,_
TP41,SFD2201,345,1,_
TP41,STK0331,511,1,_
TP41,STK0661,512,1,_
TP41,STU0111,653,1,_
TP41,SVL0331,32,1,_
TP41,SWN0251,36,1,_
TP41,SWN2201,37,1,_
TP41,TAK0331,91,1,_
TP41,TGA0111,250,1,_
TP41,TGA0331,251,1,_
TP41,THI2201,255,1,_
TP41,TIM0111,556,1,_
TP41,TKA0331,561,1,_
TP41,TKH0111,256,1,_
TP41,TKR0331,470,1,_
TP41,TKU0331,395,1,_
TP41,TMI0331,258,1,_
TP41,TMK0331,563,1,_
TP41,TMN0551,397,0.5,_
TP41,TMN0551,398,0.5,_
TP41,TMU0111,140,1,_
TP41,TNG0111,400,1,_
TP41,TNG0551,401,0.5,_
TP41,TNG0551,402,0.5,_
TP41,TRK0111,260,1,_
TP41,TUI1101,305,1,_
TP41,TWC2201,406,1,_
TP41,TWH0331,143,0.253164557,_
TP41,TWH0331,148,0.746835443,_
TP41,TWI2201,728,1,_
TP41,TWZ0331,658,1,_
TP41,UHT0331,472,1,_
TP41,WAI0111,269,1,_
TP41,WDV0111,409,1,_
TP41,WDV1101,410,1,_
TP41,WEL0331,38,1,_
TP41,WHI2201,310,1,_
TP41,WIL0331,475,1,_
TP41,WIR0331,94,1,_
TP41,WKM2201,278,1,_
TP41,WPR0331,535,1,_
TP41,WPR0661,536,1,_
TP41,WPT0111,518,1,_
TP41,WPW0331,413,1,_
TP41,WRD0331,41,1,_
TP41,WRK0331,290,1,_
TP41,WTK0111,660,1,_
TP41,WTK0331,5153,1,_
TP41,WTU0331,311,1,_
TP41,WVY0111,352,1,_
TP41,WWD1102,481,1,_
TP41,WWD1103,480,1,_
TP41,ABY1101,542,1,_
TP41,ALB2201,7,1,_
TP41,APS0661,570,1,_
TP41,ARA2201,163,1,_
TP41,ARI1101,737,1,_
TP41,ARI1102,101,1,_
TP41,ASB2201,545,1,_
TP41,ASY0661,521,1,_
TP41,ATI2201,164,1,_
TP41,AVI2201,603,1,_
TP41,BAL1101,670,1,_
TP41,BDE1101,672,1,_
TP41,BEN2201,617,1,_
TP41,BEN2202,617,1,_
TP41,BEN3502,615,1,_
TP41,BEN3503,616,1,_
TP41,BHL2201,47,1,_
TP41,BHL2202,48,1,_
TP41,BLN1101,490,1,_
TP41,BPC1101,598,1,_
TP41,BPE1101,363,1,_
TP41,BPE2201,364,1,_
TP41,BRB2201,9,1,_
TP41,BRK2201,316,1,_
TP41,BRK2202,316,1,_
TP41,BRY2201,553,1,_
TP41,CBG1101,107,1,_
TP41,CBG1102,106,1,_
TP41,CLH0661,573,1,_
TP41,CML1101,625,1,_
TP41,CML1102,624,1,_
TP41,CML2201,627,1,_
TP41,CML2202,626,1,_
TP41,CPK1101,419,1,_
TP41,CPK1102,420,1,_
TP41,CPK1103,421,1,_
TP41,CST1101,318,1,_
TP41,CUL2202,495,1,_
TP41,CUL2203,496,1,_
TP41,DOB0661,580,1,_
TP41,DOB1101,584,1,_
TP41,DOB1102,583,1,_
TP41,DRY2201,49,1,_
TP41,DRY2202,49,1,_
TP41,DVK1101,367,1,_
TP41,DVK1102,368,1,_
TP41,EDG1101,171,1,_
TP41,EDG1102,171,1,_
TP41,EDG2201,172,1,_
TP41,EDN1101,681,1,_
TP41,FHL1101,294,1,_
TP41,FKN1101,630,1,_
TP41,FKN1102,629,1,_
TP41,GFD1101,428,1,_
TP41,GFD1102,427,1,_
TP41,GLN2201,53,1,_
TP41,GNY1101,597,1,_
TP41,GOR1101,683,1,_
TP41,GOR1102,683,1,_
TP41,GYT1101,430,1,_
TP41,GYT1102,431,1,_
TP41,HAM1101,112,1,_
TP41,HAM2201,113,1,_
TP41,HAY1101,447,1,_
TP41,HAY2201,450,1,_
TP41,HAY3502,449,1,_
TP41,HAY3503,448,1,_
TP41,HEN1101,15,1,_
TP41,HEN2201,16,1,_
TP41,HEP1101,18,1,_
TP41,HIN1101,115,1,_
TP41,HLY2201,116,1,_
TP41,HOB2201,57,1,_
TP41,HPI2201,19,1,_
TP41,HPI2202,19,1,_
TP41,HTI1101,124,1,_
TP41,HUI1101,320,1,_
TP41,HWA1001,322,1,_
TP41,HWB2201,694,1,_
TP41,IGH1101,497,1,_
TP41,INV1101,698,1,_
TP41,INV2201,699,1,_
TP41,INV2202,699,1,_
TP41,ISL2201,530,1,_
TP41,KAI0661,532,1,_
TP41,KAW2201,182,1,_
TP41,KBT0661,567,1,_
TP41,KBT0662,566,1,_
TP41,KIK1101,501,1,_
TP41,KIK2201,502,1,_
TP41,KIN1101,129,1,_
TP41,KIN1102,129,1,_
TP41,KMO1101,190,1,_
TP41,KMO1102,190,1,_
TP41,KMO1103,190,1,_
TP41,KMO2201,191,1,_
TP41,KPO1101,133,1,_
TP41,KPU1101,739,1,_
TP41,KPU1102,135,1,_
TP41,KWA1101,452,1,_
TP41,KWA1102,453,1,_
TP41,LIV2201,631,1,_
TP41,LTN2201,371,1,_
TP41,LTN2202,372,1,_
TP41,MCH1101,504,1,_
TP41,MDN1101,25,1,_
TP41,MDN2201,26,1,_
TP41,MGM1101,455,1,_
TP41,MHO1101,375,1,_
TP41,MHO1102,376,1,_
TP41,MHT1102,422,1,_
TP41,MHT1103,423,1,_
TP41,MKT1101,314,1,_
TP41,MLG1101,459,1,_
TP41,MLG1102,458,1,_
TP41,MNI1101,329,1,_
TP41,MST1101,461,1,_
TP41,MTI2201,211,1,_
TP41,MTM1101,213,1,_
TP41,MTN1101,379,1,_
TP41,MTN1102,378,1,_
TP41,MTO1101,29,1,_
TP41,MTO1102,30,1,_
TP41,MTR1101,381,1,_
TP41,MVE1101,102,1,_
TP41,MVE1102,103,1,_
TP41,NGA1101,31,1,_
TP41,NMA2201,712,1,_
TP41,NPK1101,383,1,_
TP41,NPL1101,333,1,_
TP41,NPL2201,334,1,_
TP41,NSY2201,633,1,_
TP41,OAM1101,635,1,_
TP41,OAM1102,752,1,_
TP41,OHA2201,640,1,_
TP41,OHB2201,645,1,_
TP41,OHC2201,650,1,_
TP41,OHK2201,223,1,_
TP41,OHW2201,136,1,_
TP41,OHW2202,136,1,_
TP41,OKE1101,224,1,_
TP41,OKI2201,227,0.5,_
TP41,OKI2201,229,0.5,_
TP41,OKN1101,385,1,_
TP41,ONG1101,138,1,_
TP41,OPI2201,540,1,_
TP41,OPI2202,539,1,_
TP41,OPK1101,743,1,_
TP41,OPK1102,336,1,_
TP41,OTA1103,70,1,_
TP41,OTA1104,734,1,_
TP41,OTA1105,70,1,_
TP41,OTA1106,734,1,_
TP41,OTA1107,70,1,_
TP41,OTA1108,734,1,_
TP41,OTA1109,70,1,_
TP41,OTA110A,734,1,_
TP41,OTA2201,72,1,_
TP41,OTA2202,73,1,_
TP41,OTA2203,71,1,_
TP41,OTI0661,596,1,_
TP41,OWH1101,240,1,_
TP41,PAK2201,76,1,_
TP41,PEN0222,79,1,_
TP41,PEN2201,87,1,_
TP41,PIE1101,173,1,_
TP41,PNI1101,463,1,_
TP41,PNI1102,464,1,_
TP41,PRM2201,468,1,_
TP41,PRM2202,469,1,_
TP41,PRT2201,425,1,_
TP41,PRT2202,424,1,_
TP41,RDF1101,296,1,_
TP41,RDF1102,296,1,_
TP41,RDF2201,297,1,_
TP41,RFC1101,483,1,_
TP41,ROT1102,247,1,_
TP41,ROX1101,723,1,_
TP41,ROX2201,724,1,_
TP41,RPO2201,388,1,_
TP41,RTO1101,104,1,_
TP41,RTR1101,365,1,_
TP41,SDN2201,726,1,_
TP41,SFD1101,344,1,_
TP41,STK1101,515,1,_
TP41,STK2201,516,1,_
TP41,STU1101,654,1,_
TP41,SVL2201,33,1,_
TP41,SVL2202,34,1,_
TP41,TAK2201,92,1,_
TP41,TAK2202,93,1,_
TP41,TGA1101,252,1,_
TP41,TIM1101,557,1,_
TP41,TIM2201,559,1,_
TP41,TIM2202,558,1,_
TP41,TKA0111,560,1,_
TP41,TKA1101,562,1,_
TP41,TKB2201,657,1,_
TP41,TKH0501,257,1,_
TP41,TKR1101,471,1,_
TP41,TKU2201,396,1,_
TP41,TMH2201,727,1,_
TP41,TMI1101,259,1,_
TP41,TMK1101,5146,1,_
TP41,TMK1102,565,1,_
TP41,TMN2201,399,1,_
TP41,TMU1101,141,1,_
TP41,TNG2201,403,1,_
TP41,TRK1101,267,1,_
TP41,TRK1102,267,1,_
TP41,TRK2201,268,1,_
TP41,TWH2201,149,1,_
TP41,TWT2201,369,1,_
TP41,TWZ2201,659,1,_
TP41,TWZ2202,659,1,_
TP41,UHT1101,473,1,_
TP41,WAI0501,270,1,_
TP41,WAI1101,271,1,_
TP41,WDV1102,410,1,_
TP41,WEL1101,40,1,_
TP41,WEL1102,39,1,_
TP41,WGN1101,412,1,_
TP41,WHU1101,151,1,_
TP41,WIL1101,477,1,_
TP41,WIL2201,478,1,_
TP41,WIR1101,95,1,_
TP41,WIR1102,736,1,_
TP41,WKM2202,282,1,_
TP41,WKO1101,153,1,_
TP41,WMG1101,746,1,_
TP41,WMG1102,517,1,_
TP41,WPA2201,284,1,_
TP41,WPR2202,538,1,_
TP41,WPR2203,537,1,_
TP41,WPT1101,747,1,_
TP41,WPT1102,519,1,_
TP41,WPW1101,414,1,_
TP41,WPW1102,415,1,_
TP41,WRD2201,44,1,_
TP41,WRK2201,292,1,_
TP41,WTK1101,666,1,_
TP41,WTK1102,667,1,_
TP41,WTK2201,668,1,_
TP41,WTU2201,741,1,_
TP41,WTU2202,312,1,_
TP41,WVY1101,353,1,_
TP42,ARA2201_ARA0,160,0.333333333,_
TP42,ARA2201_ARA0,161,0.333333333,_
TP42,ARA2201_ARA0,162,0.333333333,_
TP42,ARG1101_BRR0,486,1,_
TP42,ARI1101_ARI0,100,0.25,_
TP42,ARI1101_ARI0,97,0.25,_
TP42,ARI1101_ARI0,98,0.25,_
TP42,ARI1101_ARI0,99,0.25,_
TP42,ARI1102_ARI0,96,1,_
TP42,ASB0661_HBK0,554,1,_
TP42,ATI2201_ATI0,164,1,_
TP42,AVI2201_AVI0,599,0.25,_
TP42,AVI2201_AVI0,600,0.25,_
TP42,AVI2201_AVI0,601,0.25,_
TP42,AVI2201_AVI0,602,0.25,_
TP42,BEN2202_BEN0,606,0.166666667,_
TP42,BEN2202_BEN0,607,0.166666667,_
TP42,BEN2202_BEN0,608,0.166666667,_
TP42,BEN2202_BEN0,609,0.166666667,_
TP42,BEN2202_BEN0,610,0.166666667,_
TP42,BEN2202_BEN0,611,0.166666667,_
TP42,BOB1101,46,1,_
TP42,BPE0331_TWF0,408,1,_
TP42,BWK1101_WPI0,731,1,_
TP42,COL0661_COL0,574,0.447368421,_
TP42,COL0661_COL0,750,0.552631579,_
TP42,CPK0331,418,1,_
TP42,CYD2201_CYD0,674,0.25,_
TP42,CYD2201_CYD0,675,0.25,_
TP42,CYD2201_CYD0,676,0.25,_
TP42,CYD2201_CYD0,677,0.25,_
TP42,GLN0332_GLN0,50,1,_
TP42,HAM0331,109,1,_
TP42,HIN0331,114,1,_
TP42,HLY2201_HLY1,119,1,_
TP42,HLY2201_HLY2,118,1,_
TP42,HLY2201_HLY5,120,1,_
TP42,HLY2201_HLY6,117,1,_
TP42,HWA1101_PTA1,337,1,_
TP42,HWA1101_PTA2,337,1,_
TP42,HWA1101_PTA3,337,1,_
TP42,HWA1102_WAA0,348,0.416909621,_
TP42,HWA1102_WAA0,350,0.583090379,_
TP42,HWA1102_WAA1,348,0.416909621,_
TP42,HWA1102_WAA1,350,0.583090379,_
TP42,HWB0331_MAH0,700,1,_
TP42,HWB0331_WPI0,730,1,_
TP42,ISL0331,525,1,_
TP42,KAW0111,179,1,_
TP42,KAW0112_ONU0,235,0.29467381,_
TP42,KAW0112_ONU0,236,0.204853451,_
TP42,KAW0112_ONU0,237,0.126063662,_
TP42,KAW0112_ONU0,238,0.374409077,_
TP42,KAW0113,178,1,_
TP42,KAW1101_KAG0,174,1,_
TP42,KIN0112_KIN0,125,1,_
TP42,KIN0331,127,1,_
TP42,KPA1101_KPI1,323,1,_
TP42,KPO1101_KPO0,130,0.333333333,_
TP42,KPO1101_KPO0,131,0.333333333,_
TP42,KPO1101_KPO0,132,0.333333333,_
TP42,KPU0661,134,1,_
TP42,KUM0661_KUM0,593,1,_
TP42,LTN0331_TWF0,407,1,_
TP42,MAN2201_MAN0,702,0.142857143,_
TP42,MAN2201_MAN0,703,0.142857143,_
TP42,MAN2201_MAN0,704,0.142857143,_
TP42,MAN2201_MAN0,705,0.142857143,_
TP42,MAN2201_MAN0,706,0.142857143,_
TP42,MAN2201_MAN0,707,0.142857143,_
TP42,MAN2201_MAN0,708,0.142857143,_
TP42,MAT1101_ANI0,154,0.5,_
TP42,MAT1101_ANI0,155,0.5,_
TP42,MAT1101_MAT0,195,0.5,_
TP42,MAT1101_MAT0,196,0.5,_
TP42,MHO0331_MHO0,373,1,_
TP42,MKE1101_MKE1,325,0.5,_
TP42,MKE1101_MKE1,326,0.5,_
TP42,MPE1101,27,1,_
TP42,MTI2201_MTI0,201,0.1,_
TP42,MTI2201_MTI0,202,0.1,_
TP42,MTI2201_MTI0,203,0.1,_
TP42,MTI2201_MTI0,204,0.1,_
TP42,MTI2201_MTI0,205,0.1,_
TP42,MTI2201_MTI0,206,0.1,_
TP42,MTI2201_MTI0,207,0.1,_
TP42,MTI2201_MTI0,208,0.1,_
TP42,MTI2201_MTI0,209,0.1,_
TP42,MTI2201_MTI0,210,0.1,_
TP42,NAP2201_NAP0,214,1,_
TP42,NAP2202_NTM0,216,0.5,_
TP42,NAP2202_NTM0,217,0.5,_
TP42,NMA0331_WHL0,729,1,_
TP42,NSY0331_PAE0,651,1,_
TP42,OHA2201_OHA0,636,0.25,_
TP42,OHA2201_OHA0,637,0.25,_
TP42,OHA2201_OHA0,638,0.25,_
TP42,OHA2201_OHA0,639,0.25,_
TP42,OHB2201_OHB0,641,0.25,_
TP42,OHB2201_OHB0,642,0.25,_
TP42,OHB2201_OHB0,643,0.25,_
TP42,OHB2201_OHB0,644,0.25,_
TP42,OHC2201_OHC0,646,0.25,_
TP42,OHC2201_OHC0,647,0.25,_
TP42,OHC2201_OHC0,648,0.25,_
TP42,OHC2201_OHC0,649,0.25,_
TP42,OHK2201_OHK0,219,0.25,_
TP42,OHK2201_OHK0,220,0.25,_
TP42,OHK2201_OHK0,221,0.25,_
TP42,OHK2201_OHK0,222,0.25,_
TP42,OKI2201_OKI0,228,0.099099099,_
TP42,OKI2201_OKI0,230,0.450450451,_
TP42,OKI2201_OKI0,231,0.450450451,_
TP42,PEN0331,81,1,_
TP42,PPI2201_PPI0,241,1,_
TP42,PRM0331,465,1,_
TP42,ROT1101_WHE0,272,1,_
TP42,ROX1101_ROX0,714,0.333333333,_
TP42,ROX1101_ROX0,715,0.333333333,_
TP42,ROX1101_ROX0,716,0.333333333,_
TP42,ROX2201_ROX0,717,0.2,_
TP42,ROX2201_ROX0,718,0.2,_
TP42,ROX2201_ROX0,719,0.2,_
TP42,ROX2201_ROX0,720,0.2,_
TP42,ROX2201_ROX0,721,0.2,_
TP42,RPO2201_RPO0,386,0.5,_
TP42,RPO2201_RPO0,387,0.5,_
TP42,SFD2201_SFD21,340,1,_
TP42,SFD2201_SFD22,341,1,_
TP42,SFD2201_SPL0,346,1,_
TP42,STK0661_COB0,491,1,_
TP42,TGA0331_KMI0,183,1,_
TP42,THI2201_THI1,253,1,_
TP42,THI2201_THI2,254,1,_
TP42,TKA0111_TKA1,560,1,_
TP42,TKB2201_TKB1,655,0.5,_
TP42,TKB2201_TKB1,656,0.5,_
TP42,TKU2201_TKU0,391,0.25,_
TP42,TKU2201_TKU0,392,0.25,_
TP42,TKU2201_TKU0,393,0.25,_
TP42,TKU2201_TKU0,394,0.25,_
TP42,TUI1101_KTW0,298,0.5,_
TP42,TUI1101_KTW0,299,0.5,_
TP42,TUI1101_PRI0,300,0.5,_
TP42,TUI1101_PRI0,301,0.5,_
TP42,TUI1101_TUI0,302,0.333333333,_
TP42,TUI1101_TUI0,303,0.333333333,_
TP42,TUI1101_TUI0,304,0.333333333,_
TP42,TWC2201_NZW0,404,1,_
TP42,TWC2201_TWF0,405,1,_
TP42,TWH0331_TRC1,142,1,_
TP42,TWH0331_TUK0,147,1,_
TP42,WDV1101_TAP0,389,1,_
TP42,WGN0331,411,1,_
TP42,WHI0111,306,1,_
TP42,WHI2201_WHI0,307,0.333333333,_
TP42,WHI2201_WHI0,308,0.333333333,_
TP42,WHI2201_WHI0,309,0.333333333,_
TP42,WHU0331,150,1,_
TP42,WIL0331_MCK0,482,1,_
TP42,WKM2201_MOK0,198,0.524257784,_
TP42,WKM2201_MOK0,199,0.475742216,_
TP42,WKM2201_WKM0,274,0.25,_
TP42,WKM2201_WKM0,275,0.25,_
TP42,WKM2201_WKM0,276,0.25,_
TP42,WKM2201_WKM0,277,0.25,_
TP42,WKO0331,152,1,_
TP42,WPA2201_WPA0,283,1,_
TP42,WRK0331_RKA0,740,1,_
TP42,WRK0331_TAA0,248,1,_
TP42,WRK2201_WRK0,285,0.340664962,_
TP42,WRK2201_WRK0,286,0.170332481,_
TP42,WRK2201_WRK0,287,0.19028133,_
TP42,WRK2201_WRK0,288,0.211764706,_
TP42,WRK2201_WRK0,289,0.086956522,_
TP42,WTK0111_WTK0,660,1,_
TP42,WWD1102_WWD0,479,1,_
TP42,WWD1103_WWD0,744,1,_
TP42,KAW0112_DLS0,176,1,_
TP42,KAW0113_DLS1,178,1,_
TP42,ABY0111,541,1,_
TP42,ALB0331,4,1,_
TP42,ALB1101,41,1,_
TP42,APS0111,569,1,_
TP42,ARG1101,487,1,_
TP42,ASB0331,543,1,_
TP42,ASB0661,544,1,_
TP42,ASY0111,520,0.5,_
TP42,ASY0111,748,0.5,_
TP42,ATU1101,488,1,_
TP42,BAL0331,669,1,_
TP42,BDE0111,671,1,_
TP42,BLN0331,489,1,_
TP42,BOB0331,45,1,_
TP42,BPD1101,618,1,_
TP42,BPE0331,357,1,_
TP42,BPE0551,358,0.5,_
TP42,BPE0551,359,0.5,_
TP42,BPT1101,619,1,_
TP42,BRB0331,8,1,_
TP42,BRK0331,315,1,_
TP42,BRY0661,549,1,_
TP42,BWK1101,673,1,_
TP42,CBG0111,105,1,_
TP42,CLH0111,572,1,_
TP42,CML0331,620,1,_
TP42,COL0111,575,1,_
TP42,COL0661,576,1,_
TP42,CPK0111,416,0.5,_
TP42,CPK0111,417,0.5,_
TP42,CST0331,317,1,_
TP42,CUL0331,493,1,_
TP42,CUL0661,494,1,_
TP42,CYD0331,678,1,_
TP42,CYD2201,679,1,_
TP42,DOB0331,579,1,_
TP42,DVK0111,366,1,_
TP42,EDG0331,168,1,_
TP42,EDN0331,680,1,_
TP42,FHL0331,293,1,_
TP42,FKN0331,628,1,_
TP42,GFD0331,426,1,_
TP42,GLN0331,733,1,_
TP42,GLN0332,51,1,_
TP42,GOR0331,682,1,_
TP42,GYM0661,585,1,_
TP42,GYT0331,429,1,_
TP42,HAM0111,108,1,_
TP42,HAM0551,110,1,_
TP42,HAM0551,5032,0,_
TP42,HAY0111,434,1,_
TP42,HAY0331,443,1,_
TP42,HEN0331,12,1,_
TP42,HEP0331,17,1,_
TP42,HKK0661,587,1,_
TP42,HLY0331,121,1,_
TP42,HOB1101,56,1,_
TP42,HOR0331,589,1,_
TP42,HOR0661,590,1,_
TP42,HTI0331,123,1,_
TP42,HUI0331,319,1,_
TP42,HWA0331,321,1,_
TP42,HWA0332,742,1,_
TP42,HWA1101,322,1,_
TP42,HWA1102,322,1,_
TP42,HWB0331,688,1,_
TP42,HWB0332,753,1,_
TP42,HWB1101,693,1,_
TP42,INV0331,696,1,_
TP42,ISL0661,526,1,_
TP42,KAI0111,531,1,_
TP42,KAW0112,176,1,_
TP42,KAW1101,181,1,_
TP42,KBY0661,591,1,_
TP42,KBY0662,591,1,_
TP42,KIK0111,745,1,_
TP42,KIN0111,126,1,_
TP42,KIN0112,125,1,_
TP42,KIN0113,738,1,_
TP42,KMO0331,187,1,_
TP42,KOE1101,20,1,_
TP42,KPA1101,324,1,_
TP42,KUM0661,593,1,_
TP42,KWA0111,451,1,_
TP42,LFD1101,192,1,_
TP42,LFD1102,192,1,_
TP42,LTN0331,370,1,_
TP42,MAN2201,701,1,_
TP42,MAT1101,156,0.909090909,_
TP42,MAT1101,197,0.090909091,_
TP42,MCH0111,503,1,_
TP42,MER0331,60,1,_
TP42,MGM0331,454,1,_
TP42,MHO0331,374,1,_
TP42,MKE1101,325,0.5,_
TP42,MKE1101,326,0.5,_
TP42,MLG0111,456,1,_
TP42,MLG0331,457,1,_
TP42,MNG0331,61,1,_
TP42,MNG1101,62,1,_
TP42,MNI0111,328,1,_
TP42,MST0331,460,1,_
TP42,MTM0331,212,1,_
TP42,MTN0331,377,1,_
TP42,MTO0331,28,1,_
TP42,MTR0331,380,1,_
TP42,NAP2201,214,1,_
TP42,NAP2202,215,1,_
TP42,NMA0331,711,1,_
TP42,NPK0331,382,1,_
TP42,NPL0331,331,1,_
TP42,NSY0331,632,1,_
TP42,OAM0331,634,1,_
TP42,OKN0111,384,1,_
TP42,ONG0331,137,1,_
TP42,OPK0331,335,1,_
TP42,ORO1101,507,1,_
TP42,ORO1102,508,1,_
TP42,OTA0221,66,1,_
TP42,OTI0111,595,1,_
TP42,OWH0111,239,1,_
TP42,PAK0331,75,1,_
TP42,PAO1101,139,1,_
TP42,PEN0221,79,1,_
TP42,PEN0251,80,1,_
TP42,PEN1101,56,0.190798081,_
TP42,PEN1101,58,0.645660707,_
TP42,PEN1101,88,0.163541212,_
TP42,PNI0331,462,1,_
TP42,PPI2201,241,0.5,_
TP42,PPI2201,242,0.5,_
TP42,RDF0331,295,1,_
TP42,RFN1101,506,1,_
TP42,RFN1102,505,1,_
TP42,ROS0221,89,1,_
TP42,ROS1101,90,1,_
TP42,ROT0111,245,1,_
TP42,ROT0331,246,1,_
TP42,ROT1101,247,1,_
TP42,SBK0331,533,1,_
TP42,SBK0661,534,1,_
TP42,SDN0331,725,1,_
TP42,SFD0331,342,1,_
TP42,SFD2201,345,1,_
TP42,STK0331,511,1,_
TP42,STK0661,512,1,_
TP42,STU0111,653,1,_
TP42,SVL0331,32,1,_
TP42,SWN0251,36,1,_
TP42,SWN2201,37,1,_
TP42,TAK0331,91,1,_
TP42,TGA0111,250,1,_
TP42,TGA0331,251,1,_
TP42,THI2201,255,1,_
TP42,TIM0111,556,1,_
TP42,TKA0331,561,1,_
TP42,TKH0111,256,1,_
TP42,TKR0331,470,1,_
TP42,TKU0331,395,1,_
TP42,TMI0331,258,1,_
TP42,TMK0331,563,1,_
TP42,TMN0551,397,0.5,_
TP42,TMN0551,398,0.5,_
TP42,TMU0111,140,1,_
TP42,TNG0111,400,1,_
TP42,TNG0551,401,0.5,_
TP42,TNG0551,402,0.5,_
TP42,TRK0111,260,1,_
TP42,TUI1101,305,1,_
TP42,TWC2201,406,1,_
TP42,TWH0331,143,0.253164557,_
TP42,TWH0331,148,0.746835443,_
TP42,TWI2201,728,1,_
TP42,TWZ0331,658,1,_
TP42,UHT0331,472,1,_
TP42,WAI0111,269,1,_
TP42,WDV0111,409,1,_
TP42,WDV1101,410,1,_
TP42,WEL0331,38,1,_
TP42,WHI2201,310,1,_
TP42,WIL0331,475,1,_
TP42,WIR0331,94,1,_
TP42,WKM2201,278,1,_
TP42,WPR0331,535,1,_
TP42,WPR0661,536,1,_
TP42,WPT0111,518,1,_
TP42,WPW0331,413,1,_
TP42,WRD0331,41,1,_
TP42,WRK0331,290,1,_
TP42,WTK0111,660,1,_
TP42,WTK0331,5153,1,_
TP42,WTU0331,311,1,_
TP42,WVY0111,352,1,_
TP42,WWD1102,481,1,_
TP42,WWD1103,480,1,_
TP42,ABY1101,542,1,_
TP42,ALB2201,7,1,_
TP42,APS0661,570,1,_
TP42,ARA2201,163,1,_
TP42,ARI1101,737,1,_
TP42,ARI1102,101,1,_
TP42,ASB2201,545,1,_
TP42,ASY0661,521,1,_
TP42,ATI2201,164,1,_
TP42,AVI2201,603,1,_
TP42,BAL1101,670,1,_
TP42,BDE1101,672,1,_
TP42,BEN2201,617,1,_
TP42,BEN2202,617,1,_
TP42,BEN3502,615,1,_
TP42,BEN3503,616,1,_
TP42,BHL2201,47,1,_
TP42,BHL2202,48,1,_
TP42,BLN1101,490,1,_
TP42,BPC1101,598,1,_
TP42,BPE1101,363,1,_
TP42,BPE2201,364,1,_
TP42,BRB2201,9,1,_
TP42,BRK2201,316,1,_
TP42,BRK2202,316,1,_
TP42,BRY2201,553,1,_
TP42,CBG1101,107,1,_
TP42,CBG1102,106,1,_
TP42,CLH0661,573,1,_
TP42,CML1101,625,1,_
TP42,CML1102,624,1,_
TP42,CML2201,627,1,_
TP42,CML2202,626,1,_
TP42,CPK1101,419,1,_
TP42,CPK1102,420,1,_
TP42,CPK1103,421,1,_
TP42,CST1101,318,1,_
TP42,CUL2202,495,1,_
TP42,CUL2203,496,1,_
TP42,DOB0661,580,1,_
TP42,DOB1101,584,1,_
TP42,DOB1102,583,1,_
TP42,DRY2201,49,1,_
TP42,DRY2202,49,1,_
TP42,DVK1101,367,1,_
TP42,DVK1102,368,1,_
TP42,EDG1101,171,1,_
TP42,EDG1102,171,1,_
TP42,EDG2201,172,1,_
TP42,EDN1101,681,1,_
TP42,FHL1101,294,1,_
TP42,FKN1101,630,1,_
TP42,FKN1102,629,1,_
TP42,GFD1101,428,1,_
TP42,GFD1102,427,1,_
TP42,GLN2201,53,1,_
TP42,GNY1101,597,1,_
TP42,GOR1101,683,1,_
TP42,GOR1102,683,1,_
TP42,GYT1101,430,1,_
TP42,GYT1102,431,1,_
TP42,HAM1101,112,1,_
TP42,HAM2201,113,1,_
TP42,HAY1101,447,1,_
TP42,HAY2201,450,1,_
TP42,HAY3502,449,1,_
TP42,HAY3503,448,1,_
TP42,HEN1101,15,1,_
TP42,HEN2201,16,1,_
TP42,HEP1101,18,1,_
TP42,HIN1101,115,1,_
TP42,HLY2201,116,1,_
TP42,HOB2201,57,1,_
TP42,HPI2201,19,1,_
TP42,HPI2202,19,1,_
TP42,HTI1101,124,1,_
TP42,HUI1101,320,1,_
TP42,HWA1001,322,1,_
TP42,HWB2201,694,1,_
TP42,IGH1101,497,1,_
TP42,INV1101,698,1,_
TP42,INV2201,699,1,_
TP42,INV2202,699,1,_
TP42,ISL2201,530,1,_
TP42,KAI0661,532,1,_
TP42,KAW2201,182,1,_
TP42,KBT0661,567,1,_
TP42,KBT0662,566,1,_
TP42,KIK1101,501,1,_
TP42,KIK2201,502,1,_
TP42,KIN1101,129,1,_
TP42,KIN1102,129,1,_
TP42,KMO1101,190,1,_
TP42,KMO1102,190,1,_
TP42,KMO1103,190,1,_
TP42,KMO2201,191,1,_
TP42,KPO1101,133,1,_
TP42,KPU1101,739,1,_
TP42,KPU1102,135,1,_
TP42,KWA1101,452,1,_
TP42,KWA1102,453,1,_
TP42,LIV2201,631,1,_
TP42,LTN2201,371,1,_
TP42,LTN2202,372,1,_
TP42,MCH1101,504,1,_
TP42,MDN1101,25,1,_
TP42,MDN2201,26,1,_
TP42,MGM1101,455,1,_
TP42,MHO1101,375,1,_
TP42,MHO1102,376,1,_
TP42,MHT1102,422,1,_
TP42,MHT1103,423,1,_
TP42,MKT1101,314,1,_
TP42,MLG1101,459,1,_
TP42,MLG1102,458,1,_
TP42,MNI1101,329,1,_
TP42,MST1101,461,1,_
TP42,MTI2201,211,1,_
TP42,MTM1101,213,1,_
TP42,MTN1101,379,1,_
TP42,MTN1102,378,1,_
TP42,MTO1101,29,1,_
TP42,MTO1102,30,1,_
TP42,MTR1101,381,1,_
TP42,MVE1101,102,1,_
TP42,MVE1102,103,1,_
TP42,NGA1101,31,1,_
TP42,NMA2201,712,1,_
TP42,NPK1101,383,1,_
TP42,NPL1101,333,1,_
TP42,NPL2201,334,1,_
TP42,NSY2201,633,1,_
TP42,OAM1101,635,1,_
TP42,OAM1102,752,1,_
TP42,OHA2201,640,1,_
TP42,OHB2201,645,1,_
TP42,OHC2201,650,1,_
TP42,OHK2201,223,1,_
TP42,OHW2201,136,1,_
TP42,OHW2202,136,1,_
TP42,OKE1101,224,1,_
TP42,OKI2201,227,0.5,_
TP42,OKI2201,229,0.5,_
TP42,OKN1101,385,1,_
TP42,ONG1101,138,1,_
TP42,OPI2201,540,1,_
TP42,OPI2202,539,1,_
TP42,OPK1101,743,1,_
TP42,OPK1102,336,1,_
TP42,OTA1103,70,1,_
TP42,OTA1104,734,1,_
TP42,OTA1105,70,1,_
TP42,OTA1106,734,1,_
TP42,OTA1107,70,1,_
TP42,OTA1108,734,1,_
TP42,OTA1109,70,1,_
TP42,OTA110A,734,1,_
TP42,OTA2201,72,1,_
TP42,OTA2202,73,1,_
TP42,OTA2203,71,1,_
TP42,OTI0661,596,1,_
TP42,OWH1101,240,1,_
TP42,PAK2201,76,1,_
TP42,PEN0222,79,1,_
TP42,PEN2201,87,1,_
TP42,PIE1101,173,1,_
TP42,PNI1101,463,1,_
TP42,PNI1102,464,1,_
TP42,PRM2201,468,1,_
TP42,PRM2202,469,1,_
TP42,PRT2201,425,1,_
TP42,PRT2202,424,1,_
TP42,RDF1101,296,1,_
TP42,RDF1102,296,1,_
TP42,RDF2201,297,1,_
TP42,RFC1101,483,1,_
TP42,ROT1102,247,1,_
TP42,ROX1101,723,1,_
TP42,ROX2201,724,1,_
TP42,RPO2201,388,1,_
TP42,RTO1101,104,1,_
TP42,RTR1101,365,1,_
TP42,SDN2201,726,1,_
TP42,SFD1101,344,1,_
TP42,STK1101,515,1,_
TP42,STK2201,516,1,_
TP42,STU1101,654,1,_
TP42,SVL2201,33,1,_
TP42,SVL2202,34,1,_
TP42,TAK2201,92,1,_
TP42,TAK2202,93,1,_
TP42,TGA1101,252,1,_
TP42,TIM1101,557,1,_
TP42,TIM2201,559,1,_
TP42,TIM2202,558,1,_
TP42,TKA0111,560,1,_
TP42,TKA1101,562,1,_
TP42,TKB2201,657,1,_
TP42,TKH0501,257,1,_
TP42,TKR1101,471,1,_
TP42,TKU2201,396,1,_
TP42,TMH2201,727,1,_
TP42,TMI1101,259,1,_
TP42,TMK1101,5146,1,_
TP42,TMK1102,565,1,_
TP42,TMN2201,399,1,_
TP42,TMU1101,141,1,_
TP42,TNG2201,403,1,_
TP42,TRK1101,267,1,_
TP42,TRK1102,267,1,_
TP42,TRK2201,268,1,_
TP42,TWH2201,149,1,_
TP42,TWT2201,369,1,_
TP42,TWZ2201,659,1,_
TP42,TWZ2202,659,1,_
TP42,UHT1101,473,1,_
TP42,WAI0501,270,1,_
TP42,WAI1101,271,1,_
TP42,WDV1102,410,1,_
TP42,WEL1101,40,1,_
TP42,WEL1102,39,1,_
TP42,WGN1101,412,1,_
TP42,WHU1101,151,1,_
TP42,WIL1101,477,1,_
TP42,WIL2201,478,1,_
TP42,WIR1101,95,1,_
TP42,WIR1102,736,1,_
TP42,WKM2202,282,1,_
TP42,WKO1101,153,1,_
TP42,WMG1101,746,1,_
TP42,WMG1102,517,1,_
TP42,WPA2201,284,1,_
TP42,WPR2202,538,1,_
TP42,WPR2203,537,1,_
TP42,WPT1101,747,1,_
TP42,WPT1102,519,1,_
TP42,WPW1101,414,1,_
TP42,WPW1102,415,1,_
TP42,WRD2201,44,1,_
TP42,WRK2201,292,1,_
TP42,WTK1101,666,1,_
TP42,WTK1102,667,1,_
TP42,WTK2201,668,1,_
TP42,WTU2201,741,1,_
TP42,WTU2202,312,1,_
TP42,WVY1101,353,1,_
TP43,ARA2201_ARA0,160,0.333333333,_
TP43,ARA2201_ARA0,161,0.333333333,_
TP43,ARA2201_ARA0,162,0.333333333,_
TP43,ARG1101_BRR0,486,1,_
TP43,ARI1101_ARI0,100,0.25,_
TP43,ARI1101_ARI0,97,0.25,_
TP43,ARI1101_ARI0,98,0.25,_
TP43,ARI1101_ARI0,99,0.25,_
TP43,ARI1102_ARI0,96,1,_
TP43,ASB0661_HBK0,554,1,_
TP43,ATI2201_ATI0,164,1,_
TP43,AVI2201_AVI0,599,0.25,_
TP43,AVI2201_AVI0,600,0.25,_
TP43,AVI2201_AVI0,601,0.25,_
TP43,AVI2201_AVI0,602,0.25,_
TP43,BEN2202_BEN0,606,0.166666667,_
TP43,BEN2202_BEN0,607,0.166666667,_
TP43,BEN2202_BEN0,608,0.166666667,_
TP43,BEN2202_BEN0,609,0.166666667,_
TP43,BEN2202_BEN0,610,0.166666667,_
TP43,BEN2202_BEN0,611,0.166666667,_
TP43,BOB1101,46,1,_
TP43,BPE0331_TWF0,408,1,_
TP43,BWK1101_WPI0,731,1,_
TP43,COL0661_COL0,574,0.447368421,_
TP43,COL0661_COL0,750,0.552631579,_
TP43,CPK0331,418,1,_
TP43,CYD2201_CYD0,674,0.25,_
TP43,CYD2201_CYD0,675,0.25,_
TP43,CYD2201_CYD0,676,0.25,_
TP43,CYD2201_CYD0,677,0.25,_
TP43,GLN0332_GLN0,50,1,_
TP43,HAM0331,109,1,_
TP43,HIN0331,114,1,_
TP43,HLY2201_HLY1,119,1,_
TP43,HLY2201_HLY2,118,1,_
TP43,HLY2201_HLY5,120,1,_
TP43,HLY2201_HLY6,117,1,_
TP43,HWA1101_PTA1,337,1,_
TP43,HWA1101_PTA2,337,1,_
TP43,HWA1101_PTA3,337,1,_
TP43,HWA1102_WAA0,348,0.416909621,_
TP43,HWA1102_WAA0,350,0.583090379,_
TP43,HWA1102_WAA1,348,0.416909621,_
TP43,HWA1102_WAA1,350,0.583090379,_
TP43,HWB0331_MAH0,700,1,_
TP43,HWB0331_WPI0,730,1,_
TP43,ISL0331,525,1,_
TP43,KAW0111,179,1,_
TP43,KAW0112_ONU0,235,0.29467381,_
TP43,KAW0112_ONU0,236,0.204853451,_
TP43,KAW0112_ONU0,237,0.126063662,_
TP43,KAW0112_ONU0,238,0.374409077,_
TP43,KAW0113,178,1,_
TP43,KAW1101_KAG0,174,1,_
TP43,KIN0112_KIN0,125,1,_
TP43,KIN0331,127,1,_
TP43,KPA1101_KPI1,323,1,_
TP43,KPO1101_KPO0,130,0.333333333,_
TP43,KPO1101_KPO0,131,0.333333333,_
TP43,KPO1101_KPO0,132,0.333333333,_
TP43,KPU0661,134,1,_
TP43,KUM0661_KUM0,593,1,_
TP43,LTN0331_TWF0,407,1,_
TP43,MAN2201_MAN0,702,0.142857143,_
TP43,MAN2201_MAN0,703,0.142857143,_
TP43,MAN2201_MAN0,704,0.142857143,_
TP43,MAN2201_MAN0,705,0.142857143,_
TP43,MAN2201_MAN0,706,0.142857143,_
TP43,MAN2201_MAN0,707,0.142857143,_
TP43,MAN2201_MAN0,708,0.142857143,_
TP43,MAT1101_ANI0,154,0.5,_
TP43,MAT1101_ANI0,155,0.5,_
TP43,MAT1101_MAT0,195,0.5,_
TP43,MAT1101_MAT0,196,0.5,_
TP43,MHO0331_MHO0,373,1,_
TP43,MKE1101_MKE1,325,0.5,_
TP43,MKE1101_MKE1,326,0.5,_
TP43,MPE1101,27,1,_
TP43,MTI2201_MTI0,201,0.1,_
TP43,MTI2201_MTI0,202,0.1,_
TP43,MTI2201_MTI0,203,0.1,_
TP43,MTI2201_MTI0,204,0.1,_
TP43,MTI2201_MTI0,205,0.1,_
TP43,MTI2201_MTI0,206,0.1,_
TP43,MTI2201_MTI0,207,0.1,_
TP43,MTI2201_MTI0,208,0.1,_
TP43,MTI2201_MTI0,209,0.1,_
TP43,MTI2201_MTI0,210,0.1,_
TP43,NAP2201_NAP0,214,1,_
TP43,NAP2202_NTM0,216,0.5,_
TP43,NAP2202_NTM0,217,0.5,_
TP43,NMA0331_WHL0,729,1,_
TP43,NSY0331_PAE0,651,1,_
TP43,OHA2201_OHA0,636,0.25,_
TP43,OHA2201_OHA0,637,0.25,_
TP43,OHA2201_OHA0,638,0.25,_
TP43,OHA2201_OHA0,639,0.25,_
TP43,OHB2201_OHB0,641,0.25,_
TP43,OHB2201_OHB0,642,0.25,_
TP43,OHB2201_OHB0,643,0.25,_
TP43,OHB2201_OHB0,644,0.25,_
TP43,OHC2201_OHC0,646,0.25,_
TP43,OHC2201_OHC0,647,0.25,_
TP43,OHC2201_OHC0,648,0.25,_
TP43,OHC2201_OHC0,649,0.25,_
TP43,OHK2201_OHK0,219,0.25,_
TP43,OHK2201_OHK0,220,0.25,_
TP43,OHK2201_OHK0,221,0.25,_
TP43,OHK2201_OHK0,222,0.25,_
TP43,OKI2201_OKI0,228,0.099099099,_
TP43,OKI2201_OKI0,230,0.450450451,_
TP43,OKI2201_OKI0,231,0.450450451,_
TP43,PEN0331,81,1,_
TP43,PPI2201_PPI0,241,1,_
TP43,PRM0331,465,1,_
TP43,ROT1101_WHE0,272,1,_
TP43,ROX1101_ROX0,714,0.333333333,_
TP43,ROX1101_ROX0,715,0.333333333,_
TP43,ROX1101_ROX0,716,0.333333333,_
TP43,ROX2201_ROX0,717,0.2,_
TP43,ROX2201_ROX0,718,0.2,_
TP43,ROX2201_ROX0,719,0.2,_
TP43,ROX2201_ROX0,720,0.2,_
TP43,ROX2201_ROX0,721,0.2,_
TP43,RPO2201_RPO0,386,0.5,_
TP43,RPO2201_RPO0,387,0.5,_
TP43,SFD2201_SFD21,340,1,_
TP43,SFD2201_SFD22,341,1,_
TP43,SFD2201_SPL0,346,1,_
TP43,STK0661_COB0,491,1,_
TP43,TGA0331_KMI0,183,1,_
TP43,THI2201_THI1,253,1,_
TP43,THI2201_THI2,254,1,_
TP43,TKA0111_TKA1,560,1,_
TP43,TKB2201_TKB1,655,0.5,_
TP43,TKB2201_TKB1,656,0.5,_
TP43,TKU2201_TKU0,391,0.25,_
TP43,TKU2201_TKU0,392,0.25,_
TP43,TKU2201_TKU0,393,0.25,_
TP43,TKU2201_TKU0,394,0.25,_
TP43,TUI1101_KTW0,298,0.5,_
TP43,TUI1101_KTW0,299,0.5,_
TP43,TUI1101_PRI0,300,0.5,_
TP43,TUI1101_PRI0,301,0.5,_
TP43,TUI1101_TUI0,302,0.333333333,_
TP43,TUI1101_TUI0,303,0.333333333,_
TP43,TUI1101_TUI0,304,0.333333333,_
TP43,TWC2201_NZW0,404,1,_
TP43,TWC2201_TWF0,405,1,_
TP43,TWH0331_TRC1,142,1,_
TP43,TWH0331_TUK0,147,1,_
TP43,WDV1101_TAP0,389,1,_
TP43,WGN0331,411,1,_
TP43,WHI0111,306,1,_
TP43,WHI2201_WHI0,307,0.333333333,_
TP43,WHI2201_WHI0,308,0.333333333,_
TP43,WHI2201_WHI0,309,0.333333333,_
TP43,WHU0331,150,1,_
TP43,WIL0331_MCK0,482,1,_
TP43,WKM2201_MOK0,198,0.524257784,_
TP43,WKM2201_MOK0,199,0.475742216,_
TP43,WKM2201_WKM0,274,0.25,_
TP43,WKM2201_WKM0,275,0.25,_
TP43,WKM2201_WKM0,276,0.25,_
TP43,WKM2201_WKM0,277,0.25,_
TP43,WKO0331,152,1,_
TP43,WPA2201_WPA0,283,1,_
TP43,WRK0331_RKA0,740,1,_
TP43,WRK0331_TAA0,248,1,_
TP43,WRK2201_WRK0,285,0.340664962,_
TP43,WRK2201_WRK0,286,0.170332481,_
TP43,WRK2201_WRK0,287,0.19028133,_
TP43,WRK2201_WRK0,288,0.211764706,_
TP43,WRK2201_WRK0,289,0.086956522,_
TP43,WTK0111_WTK0,660,1,_
TP43,WWD1102_WWD0,479,1,_
TP43,WWD1103_WWD0,744,1,_
TP43,KAW0112_DLS0,176,1,_
TP43,KAW0113_DLS1,178,1,_
TP43,ABY0111,541,1,_
TP43,ALB0331,4,1,_
TP43,ALB1101,41,1,_
TP43,APS0111,569,1,_
TP43,ARG1101,487,1,_
TP43,ASB0331,543,1,_
TP43,ASB0661,544,1,_
TP43,ASY0111,520,0.5,_
TP43,ASY0111,748,0.5,_
TP43,ATU1101,488,1,_
TP43,BAL0331,669,1,_
TP43,BDE0111,671,1,_
TP43,BLN0331,489,1,_
TP43,BOB0331,45,1,_
TP43,BPD1101,618,1,_
TP43,BPE0331,357,1,_
TP43,BPE0551,358,0.5,_
TP43,BPE0551,359,0.5,_
TP43,BPT1101,619,1,_
TP43,BRB0331,8,1,_
TP43,BRK0331,315,1,_
TP43,BRY0661,549,1,_
TP43,BWK1101,673,1,_
TP43,CBG0111,105,1,_
TP43,CLH0111,572,1,_
TP43,CML0331,620,1,_
TP43,COL0111,575,1,_
TP43,COL0661,576,1,_
TP43,CPK0111,416,0.5,_
TP43,CPK0111,417,0.5,_
TP43,CST0331,317,1,_
TP43,CUL0331,493,1,_
TP43,CUL0661,494,1,_
TP43,CYD0331,678,1,_
TP43,CYD2201,679,1,_
TP43,DOB0331,579,1,_
TP43,DVK0111,366,1,_
TP43,EDG0331,168,1,_
TP43,EDN0331,680,1,_
TP43,FHL0331,293,1,_
TP43,FKN0331,628,1,_
TP43,GFD0331,426,1,_
TP43,GLN0331,733,1,_
TP43,GLN0332,51,1,_
TP43,GOR0331,682,1,_
TP43,GYM0661,585,1,_
TP43,GYT0331,429,1,_
TP43,HAM0111,108,1,_
TP43,HAM0551,110,1,_
TP43,HAM0551,5034,0,_
TP43,HAY0111,434,1,_
TP43,HAY0331,443,1,_
TP43,HEN0331,12,1,_
TP43,HEP0331,17,1,_
TP43,HKK0661,587,1,_
TP43,HLY0331,121,1,_
TP43,HOB1101,56,1,_
TP43,HOR0331,589,1,_
TP43,HOR0661,590,1,_
TP43,HTI0331,123,1,_
TP43,HUI0331,319,1,_
TP43,HWA0331,321,1,_
TP43,HWA0332,742,1,_
TP43,HWA1101,322,1,_
TP43,HWA1102,322,1,_
TP43,HWB0331,688,1,_
TP43,HWB0332,753,1,_
TP43,HWB1101,693,1,_
TP43,INV0331,696,1,_
TP43,ISL0661,526,1,_
TP43,KAI0111,531,1,_
TP43,KAW0112,176,1,_
TP43,KAW1101,181,1,_
TP43,KBY0661,591,1,_
TP43,KBY0662,591,1,_
TP43,KIK0111,745,1,_
TP43,KIN0111,126,1,_
TP43,KIN0112,125,1,_
TP43,KIN0113,738,1,_
TP43,KMO0331,187,1,_
TP43,KOE1101,20,1,_
TP43,KPA1101,324,1,_
TP43,KUM0661,593,1,_
TP43,KWA0111,451,1,_
TP43,LFD1101,192,1,_
TP43,LFD1102,192,1,_
TP43,LTN0331,370,1,_
TP43,MAN2201,701,1,_
TP43,MAT1101,156,0.909090909,_
TP43,MAT1101,197,0.090909091,_
TP43,MCH0111,503,1,_
TP43,MER0331,60,1,_
TP43,MGM0331,454,1,_
TP43,MHO0331,374,1,_
TP43,MKE1101,325,0.5,_
TP43,MKE1101,326,0.5,_
TP43,MLG0111,456,1,_
TP43,MLG0331,457,1,_
TP43,MNG0331,61,1,_
TP43,MNG1101,62,1,_
TP43,MNI0111,328,1,_
TP43,MST0331,460,1,_
TP43,MTM0331,212,1,_
TP43,MTN0331,377,1,_
TP43,MTO0331,28,1,_
TP43,MTR0331,380,1,_
TP43,NAP2201,214,1,_
TP43,NAP2202,215,1,_
TP43,NMA0331,711,1,_
TP43,NPK0331,382,1,_
TP43,NPL0331,331,1,_
TP43,NSY0331,632,1,_
TP43,OAM0331,634,1,_
TP43,OKN0111,384,1,_
TP43,ONG0331,137,1,_
TP43,OPK0331,335,1,_
TP43,ORO1101,507,1,_
TP43,ORO1102,508,1,_
TP43,OTA0221,66,1,_
TP43,OTI0111,595,1,_
TP43,OWH0111,239,1,_
TP43,PAK0331,75,1,_
TP43,PAO1101,139,1,_
TP43,PEN0221,79,1,_
TP43,PEN0251,80,1,_
TP43,PEN1101,56,0.190798081,_
TP43,PEN1101,58,0.645660707,_
TP43,PEN1101,88,0.163541212,_
TP43,PNI0331,462,1,_
TP43,PPI2201,241,0.5,_
TP43,PPI2201,242,0.5,_
TP43,RDF0331,295,1,_
TP43,RFN1101,506,1,_
TP43,RFN1102,505,1,_
TP43,ROS0221,89,1,_
TP43,ROS1101,90,1,_
TP43,ROT0111,245,1,_
TP43,ROT0331,246,1,_
TP43,ROT1101,247,1,_
TP43,SBK0331,533,1,_
TP43,SBK0661,534,1,_
TP43,SDN0331,725,1,_
TP43,SFD0331,342,1,_
TP43,SFD2201,345,1,_
TP43,STK0331,511,1,_
TP43,STK0661,512,1,_
TP43,STU0111,653,1,_
TP43,SVL0331,32,1,_
TP43,SWN0251,36,1,_
TP43,SWN2201,37,1,_
TP43,TAK0331,91,1,_
TP43,TGA0111,250,1,_
TP43,TGA0331,251,1,_
TP43,THI2201,255,1,_
TP43,TIM0111,556,1,_
TP43,TKA0331,561,1,_
TP43,TKH0111,256,1,_
TP43,TKR0331,470,1,_
TP43,TKU0331,395,1,_
TP43,TMI0331,258,1,_
TP43,TMK0331,563,1,_
TP43,TMN0551,397,0.5,_
TP43,TMN0551,398,0.5,_
TP43,TMU0111,140,1,_
TP43,TNG0111,400,1,_
TP43,TNG0551,401,0.5,_
TP43,TNG0551,402,0.5,_
TP43,TRK0111,260,1,_
TP43,TUI1101,305,1,_
TP43,TWC2201,406,1,_
TP43,TWH0331,143,0.253164557,_
TP43,TWH0331,148,0.746835443,_
TP43,TWI2201,728,1,_
TP43,TWZ0331,658,1,_
TP43,UHT0331,472,1,_
TP43,WAI0111,269,1,_
TP43,WDV0111,409,1,_
TP43,WDV1101,410,1,_
TP43,WEL0331,38,1,_
TP43,WHI2201,310,1,_
TP43,WIL0331,475,1,_
TP43,WIR0331,94,1,_
TP43,WKM2201,278,1,_
TP43,WPR0331,535,1,_
TP43,WPR0661,536,1,_
TP43,WPT0111,518,1,_
TP43,WPW0331,413,1,_
TP43,WRD0331,41,1,_
TP43,WRK0331,290,1,_
TP43,WTK0111,660,1,_
TP43,WTK0331,5158,1,_
TP43,WTU0331,311,1,_
TP43,WVY0111,352,1,_
TP43,WWD1102,481,1,_
TP43,WWD1103,480,1,_
TP43,ABY1101,542,1,_
TP43,ALB2201,7,1,_
TP43,APS0661,570,1,_
TP43,ARA2201,163,1,_
TP43,ARI1101,737,1,_
TP43,ARI1102,101,1,_
TP43,ASB2201,545,1,_
TP43,ASY0661,521,1,_
TP43,ATI2201,164,1,_
TP43,AVI2201,603,1,_
TP43,BAL1101,670,1,_
TP43,BDE1101,672,1,_
TP43,BEN2201,617,1,_
TP43,BEN2202,617,1,_
TP43,BEN3502,615,1,_
TP43,BEN3503,616,1,_
TP43,BHL2201,47,1,_
TP43,BHL2202,48,1,_
TP43,BLN1101,490,1,_
TP43,BPC1101,598,1,_
TP43,BPE1101,363,1,_
TP43,BPE2201,364,1,_
TP43,BRB2201,9,1,_
TP43,BRK2201,316,1,_
TP43,BRK2202,316,1,_
TP43,BRY2201,553,1,_
TP43,CBG1101,107,1,_
TP43,CBG1102,106,1,_
TP43,CLH0661,573,1,_
TP43,CML1101,625,1,_
TP43,CML1102,624,1,_
TP43,CML2201,627,1,_
TP43,CML2202,626,1,_
TP43,CPK1101,419,1,_
TP43,CPK1102,420,1,_
TP43,CPK1103,421,1,_
TP43,CST1101,318,1,_
TP43,CUL2202,495,1,_
TP43,CUL2203,496,1,_
TP43,DOB0661,580,1,_
TP43,DOB1101,584,1,_
TP43,DOB1102,583,1,_
TP43,DRY2201,49,1,_
TP43,DRY2202,49,1,_
TP43,DVK1101,367,1,_
TP43,DVK1102,368,1,_
TP43,EDG1101,171,1,_
TP43,EDG1102,171,1,_
TP43,EDG2201,172,1,_
TP43,EDN1101,681,1,_
TP43,FHL1101,294,1,_
TP43,FKN1101,630,1,_
TP43,FKN1102,629,1,_
TP43,GFD1101,428,1,_
TP43,GFD1102,427,1,_
TP43,GLN2201,53,1,_
TP43,GNY1101,597,1,_
TP43,GOR1101,683,1,_
TP43,GOR1102,683,1,_
TP43,GYT1101,430,1,_
TP43,GYT1102,431,1,_
TP43,HAM1101,112,1,_
TP43,HAM2201,113,1,_
TP43,HAY1101,447,1,_
TP43,HAY2201,450,1,_
TP43,HAY3502,449,1,_
TP43,HAY3503,448,1,_
TP43,HEN1101,15,1,_
TP43,HEN2201,16,1,_
TP43,HEP1101,18,1,_
TP43,HIN1101,115,1,_
TP43,HLY2201,116,1,_
TP43,HOB2201,57,1,_
TP43,HPI2201,19,1,_
TP43,HPI2202,19,1,_
TP43,HTI1101,124,1,_
TP43,HUI1101,320,1,_
TP43,HWA1001,322,1,_
TP43,HWB2201,694,1,_
TP43,IGH1101,497,1,_
TP43,INV1101,698,1,_
TP43,INV2201,699,1,_
TP43,INV2202,699,1,_
TP43,ISL2201,530,1,_
TP43,KAI0661,532,1,_
TP43,KAW2201,182,1,_
TP43,KBT0661,567,1,_
TP43,KBT0662,566,1,_
TP43,KIK1101,501,1,_
TP43,KIK2201,502,1,_
TP43,KIN1101,129,1,_
TP43,KIN1102,129,1,_
TP43,KMO1101,190,1,_
TP43,KMO1102,190,1,_
TP43,KMO1103,190,1,_
TP43,KMO2201,191,1,_
TP43,KPO1101,133,1,_
TP43,KPU1101,739,1,_
TP43,KPU1102,135,1,_
TP43,KWA1101,452,1,_
TP43,KWA1102,453,1,_
TP43,LIV2201,631,1,_
TP43,LTN2201,371,1,_
TP43,LTN2202,372,1,_
TP43,MCH1101,504,1,_
TP43,MDN1101,25,1,_
TP43,MDN2201,26,1,_
TP43,MGM1101,455,1,_
TP43,MHO1101,375,1,_
TP43,MHO1102,376,1,_
TP43,MHT1102,422,1,_
TP43,MHT1103,423,1,_
TP43,MKT1101,314,1,_
TP43,MLG1101,459,1,_
TP43,MLG1102,458,1,_
TP43,MNI1101,329,1,_
TP43,MST1101,461,1,_
TP43,MTI2201,211,1,_
TP43,MTM1101,213,1,_
TP43,MTN1101,379,1,_
TP43,MTN1102,378,1,_
TP43,MTO1101,29,1,_
TP43,MTO1102,30,1,_
TP43,MTR1101,381,1,_
TP43,MVE1101,102,1,_
TP43,MVE1102,103,1,_
TP43,NGA1101,31,1,_
TP43,NMA2201,712,1,_
TP43,NPK1101,383,1,_
TP43,NPL1101,333,1,_
TP43,NPL2201,334,1,_
TP43,NSY2201,633,1,_
TP43,OAM1101,635,1,_
TP43,OAM1102,752,1,_
TP43,OHA2201,640,1,_
TP43,OHB2201,645,1,_
TP43,OHC2201,650,1,_
TP43,OHK2201,223,1,_
TP43,OHW2201,136,1,_
TP43,OHW2202,136,1,_
TP43,OKE1101,224,1,_
TP43,OKI2201,227,0.5,_
TP43,OKI2201,229,0.5,_
TP43,OKN1101,385,1,_
TP43,ONG1101,138,1,_
TP43,OPI2201,540,1,_
TP43,OPI2202,539,1,_
TP43,OPK1101,743,1,_
TP43,OPK1102,336,1,_
TP43,OTA1103,70,1,_
TP43,OTA1104,734,1,_
TP43,OTA1105,70,1,_
TP43,OTA1106,734,1,_
TP43,OTA1107,70,1,_
TP43,OTA1108,734,1,_
TP43,OTA1109,70,1,_
TP43,OTA110A,734,1,_
TP43,OTA2201,72,1,_
TP43,OTA2202,73,1,_
TP43,OTA2203,71,1,_
TP43,OTI0661,596,1,_
TP43,OWH1101,240,1,_
TP43,PAK2201,76,1,_
TP43,PEN0222,79,1,_
TP43,PEN2201,87,1,_
TP43,PIE1101,173,1,_
TP43,PNI1101,463,1,_
TP43,PNI1102,464,1,_
TP43,PRM2201,468,1,_
TP43,PRM2202,469,1,_
TP43,PRT2201,425,1,_
TP43,PRT2202,424,1,_
TP43,RDF1101,296,1,_
TP43,RDF1102,296,1,_
TP43,RDF2201,297,1,_
TP43,RFC1101,483,1,_
TP43,ROT1102,247,1,_
TP43,ROX1101,723,1,_
TP43,ROX2201,724,1,_
TP43,RPO2201,388,1,_
TP43,RTO1101,104,1,_
TP43,RTR1101,365,1,_
TP43,SDN2201,726,1,_
TP43,SFD1101,344,1,_
TP43,STK1101,515,1,_
TP43,STK2201,516,1,_
TP43,STU1101,654,1,_
TP43,SVL2201,33,1,_
TP43,SVL2202,34,1,_
TP43,TAK2201,92,1,_
TP43,TAK2202,93,1,_
TP43,TGA1101,252,1,_
TP43,TIM1101,557,1,_
TP43,TIM2201,559,1,_
TP43,TIM2202,558,1,_
TP43,TKA0111,560,1,_
TP43,TKA1101,562,1,_
TP43,TKB2201,657,1,_
TP43,TKH0501,257,1,_
TP43,TKR1101,471,1,_
TP43,TKU2201,396,1,_
TP43,TMH2201,727,1,_
TP43,TMI1101,259,1,_
TP43,TMK1101,5149,1,_
TP43,TMK1102,565,1,_
TP43,TMN2201,399,1,_
TP43,TMU1101,141,1,_
TP43,TNG2201,403,1,_
TP43,TRK1101,267,1,_
TP43,TRK1102,267,1,_
TP43,TRK2201,268,1,_
TP43,TWH2201,149,1,_
TP43,TWT2201,369,1,_
TP43,TWZ2201,659,1,_
TP43,TWZ2202,659,1,_
TP43,UHT1101,473,1,_
TP43,WAI0501,270,1,_
TP43,WAI1101,271,1,_
TP43,WDV1102,410,1,_
TP43,WEL1101,40,1,_
TP43,WEL1102,39,1,_
TP43,WGN1101,412,1,_
TP43,WHU1101,151,1,_
TP43,WIL1101,477,1,_
TP43,WIL2201,478,1,_
TP43,WIR1101,95,1,_
TP43,WIR1102,736,1,_
TP43,WKM2202,282,1,_
TP43,WKO1101,153,1,_
TP43,WMG1101,746,1,_
TP43,WMG1102,517,1,_
TP43,WPA2201,284,1,_
TP43,WPR2202,538,1,_
TP43,WPR2203,537,1,_
TP43,WPT1101,747,1,_
TP43,WPT1102,519,1,_
TP43,WPW1101,414,1,_
TP43,WPW1102,415,1,_
TP43,WRD2201,44,1,_
TP43,WRK2201,292,1,_
TP43,WTK1101,666,1,_
TP43,WTK1102,667,1,_
TP43,WTK2201,668,1,_
TP43,WTU2201,741,1,_
TP43,WTU2202,312,1,_
TP43,WVY1101,353,1,_
TP44,ARA2201_ARA0,160,0.333333333,_
TP44,ARA2201_ARA0,161,0.333333333,_
TP44,ARA2201_ARA0,162,0.333333333,_
TP44,ARG1101_BRR0,486,1,_
TP44,ARI1101_ARI0,100,0.25,_
TP44,ARI1101_ARI0,97,0.25,_
TP44,ARI1101_ARI0,98,0.25,_
TP44,ARI1101_ARI0,99,0.25,_
TP44,ARI1102_ARI0,96,1,_
TP44,ASB0661_HBK0,554,1,_
TP44,ATI2201_ATI0,164,1,_
TP44,AVI2201_AVI0,599,0.25,_
TP44,AVI2201_AVI0,600,0.25,_
TP44,AVI2201_AVI0,601,0.25,_
TP44,AVI2201_AVI0,602,0.25,_
TP44,BEN2202_BEN0,606,0.166666667,_
TP44,BEN2202_BEN0,607,0.166666667,_
TP44,BEN2202_BEN0,608,0.166666667,_
TP44,BEN2202_BEN0,609,0.166666667,_
TP44,BEN2202_BEN0,610,0.166666667,_
TP44,BEN2202_BEN0,611,0.166666667,_
TP44,BOB1101,46,1,_
TP44,BPE0331_TWF0,408,1,_
TP44,BWK1101_WPI0,731,1,_
TP44,COL0661_COL0,574,0.447368421,_
TP44,COL0661_COL0,750,0.552631579,_
TP44,CPK0331,418,1,_
TP44,CYD2201_CYD0,674,0.25,_
TP44,CYD2201_CYD0,675,0.25,_
TP44,CYD2201_CYD0,676,0.25,_
TP44,CYD2201_CYD0,677,0.25,_
TP44,GLN0332_GLN0,50,1,_
TP44,HAM0331,109,1,_
TP44,HIN0331,114,1,_
TP44,HLY2201_HLY1,119,1,_
TP44,HLY2201_HLY2,118,1,_
TP44,HLY2201_HLY5,120,1,_
TP44,HLY2201_HLY6,117,1,_
TP44,HWA1101_PTA1,337,1,_
TP44,HWA1101_PTA2,337,1,_
TP44,HWA1101_PTA3,337,1,_
TP44,HWA1102_WAA0,348,0.416909621,_
TP44,HWA1102_WAA0,350,0.583090379,_
TP44,HWA1102_WAA1,348,0.416909621,_
TP44,HWA1102_WAA1,350,0.583090379,_
TP44,HWB0331_MAH0,700,1,_
TP44,HWB0331_WPI0,730,1,_
TP44,ISL0331,525,1,_
TP44,KAW0111,179,1,_
TP44,KAW0112_ONU0,235,0.29467381,_
TP44,KAW0112_ONU0,236,0.204853451,_
TP44,KAW0112_ONU0,237,0.126063662,_
TP44,KAW0112_ONU0,238,0.374409077,_
TP44,KAW0113,178,1,_
TP44,KAW1101_KAG0,174,1,_
TP44,KIN0112_KIN0,125,1,_
TP44,KIN0331,127,1,_
TP44,KPA1101_KPI1,323,1,_
TP44,KPO1101_KPO0,130,0.333333333,_
TP44,KPO1101_KPO0,131,0.333333333,_
TP44,KPO1101_KPO0,132,0.333333333,_
TP44,KPU0661,134,1,_
TP44,KUM0661_KUM0,593,1,_
TP44,LTN0331_TWF0,407,1,_
TP44,MAN2201_MAN0,702,0.142857143,_
TP44,MAN2201_MAN0,703,0.142857143,_
TP44,MAN2201_MAN0,704,0.142857143,_
TP44,MAN2201_MAN0,705,0.142857143,_
TP44,MAN2201_MAN0,706,0.142857143,_
TP44,MAN2201_MAN0,707,0.142857143,_
TP44,MAN2201_MAN0,708,0.142857143,_
TP44,MAT1101_ANI0,154,0.5,_
TP44,MAT1101_ANI0,155,0.5,_
TP44,MAT1101_MAT0,195,0.5,_
TP44,MAT1101_MAT0,196,0.5,_
TP44,MHO0331_MHO0,373,1,_
TP44,MKE1101_MKE1,325,0.5,_
TP44,MKE1101_MKE1,326,0.5,_
TP44,MPE1101,27,1,_
TP44,MTI2201_MTI0,201,0.1,_
TP44,MTI2201_MTI0,202,0.1,_
TP44,MTI2201_MTI0,203,0.1,_
TP44,MTI2201_MTI0,204,0.1,_
TP44,MTI2201_MTI0,205,0.1,_
TP44,MTI2201_MTI0,206,0.1,_
TP44,MTI2201_MTI0,207,0.1,_
TP44,MTI2201_MTI0,208,0.1,_
TP44,MTI2201_MTI0,209,0.1,_
TP44,MTI2201_MTI0,210,0.1,_
TP44,NAP2201_NAP0,214,1,_
TP44,NAP2202_NTM0,216,0.5,_
TP44,NAP2202_NTM0,217,0.5,_
TP44,NMA0331_WHL0,729,1,_
TP44,NSY0331_PAE0,651,1,_
TP44,OHA2201_OHA0,636,0.25,_
TP44,OHA2201_OHA0,637,0.25,_
TP44,OHA2201_OHA0,638,0.25,_
TP44,OHA2201_OHA0,639,0.25,_
TP44,OHB2201_OHB0,641,0.25,_
TP44,OHB2201_OHB0,642,0.25,_
TP44,OHB2201_OHB0,643,0.25,_
TP44,OHB2201_OHB0,644,0.25,_
TP44,OHC2201_OHC0,646,0.25,_
TP44,OHC2201_OHC0,647,0.25,_
TP44,OHC2201_OHC0,648,0.25,_
TP44,OHC2201_OHC0,649,0.25,_
TP44,OHK2201_OHK0,219,0.25,_
TP44,OHK2201_OHK0,220,0.25,_
TP44,OHK2201_OHK0,221,0.25,_
TP44,OHK2201_OHK0,222,0.25,_
TP44,OKI2201_OKI0,228,0.099099099,_
TP44,OKI2201_OKI0,230,0.450450451,_
TP44,OKI2201_OKI0,231,0.450450451,_
TP44,PEN0331,81,1,_
TP44,PPI2201_PPI0,241,1,_
TP44,PRM0331,465,1,_
TP44,ROT1101_WHE0,272,1,_
TP44,ROX1101_ROX0,714,0.333333333,_
TP44,ROX1101_ROX0,715,0.333333333,_
TP44,ROX1101_ROX0,716,0.333333333,_
TP44,ROX2201_ROX0,717,0.2,_
TP44,ROX2201_ROX0,718,0.2,_
TP44,ROX2201_ROX0,719,0.2,_
TP44,ROX2201_ROX0,720,0.2,_
TP44,ROX2201_ROX0,721,0.2,_
TP44,RPO2201_RPO0,386,0.5,_
TP44,RPO2201_RPO0,387,0.5,_
TP44,SFD2201_SFD21,340,1,_
TP44,SFD2201_SFD22,341,1,_
TP44,SFD2201_SPL0,346,1,_
TP44,STK0661_COB0,491,1,_
TP44,TGA0331_KMI0,183,1,_
TP44,THI2201_THI1,253,1,_
TP44,THI2201_THI2,254,1,_
TP44,TKA0111_TKA1,560,1,_
TP44,TKB2201_TKB1,655,0.5,_
TP44,TKB2201_TKB1,656,0.5,_
TP44,TKU2201_TKU0,391,0.25,_
TP44,TKU2201_TKU0,392,0.25,_
TP44,TKU2201_TKU0,393,0.25,_
TP44,TKU2201_TKU0,394,0.25,_
TP44,TUI1101_KTW0,298,0.5,_
TP44,TUI1101_KTW0,299,0.5,_
TP44,TUI1101_PRI0,300,0.5,_
TP44,TUI1101_PRI0,301,0.5,_
TP44,TUI1101_TUI0,302,0.333333333,_
TP44,TUI1101_TUI0,303,0.333333333,_
TP44,TUI1101_TUI0,304,0.333333333,_
TP44,TWC2201_NZW0,404,1,_
TP44,TWC2201_TWF0,405,1,_
TP44,TWH0331_TRC1,142,1,_
TP44,TWH0331_TUK0,147,1,_
TP44,WDV1101_TAP0,389,1,_
TP44,WGN0331,411,1,_
TP44,WHI0111,306,1,_
TP44,WHI2201_WHI0,307,0.333333333,_
TP44,WHI2201_WHI0,308,0.333333333,_
TP44,WHI2201_WHI0,309,0.333333333,_
TP44,WHU0331,150,1,_
TP44,WIL0331_MCK0,482,1,_
TP44,WKM2201_MOK0,198,0.524257784,_
TP44,WKM2201_MOK0,199,0.475742216,_
TP44,WKM2201_WKM0,274,0.25,_
TP44,WKM2201_WKM0,275,0.25,_
TP44,WKM2201_WKM0,276,0.25,_
TP44,WKM2201_WKM0,277,0.25,_
TP44,WKO0331,152,1,_
TP44,WPA2201_WPA0,283,1,_
TP44,WRK0331_RKA0,740,1,_
TP44,WRK0331_TAA0,248,1,_
TP44,WRK2201_WRK0,285,0.340664962,_
TP44,WRK2201_WRK0,286,0.170332481,_
TP44,WRK2201_WRK0,287,0.19028133,_
TP44,WRK2201_WRK0,288,0.211764706,_
TP44,WRK2201_WRK0,289,0.086956522,_
TP44,WTK0111_WTK0,660,1,_
TP44,WWD1102_WWD0,479,1,_
TP44,WWD1103_WWD0,744,1,_
TP44,KAW0112_DLS0,176,1,_
TP44,KAW0113_DLS1,178,1,_
TP44,ABY0111,541,1,_
TP44,ALB0331,4,1,_
TP44,ALB1101,41,1,_
TP44,APS0111,569,1,_
TP44,ARG1101,487,1,_
TP44,ASB0331,543,1,_
TP44,ASB0661,544,1,_
TP44,ASY0111,520,0.5,_
TP44,ASY0111,748,0.5,_
TP44,ATU1101,488,1,_
TP44,BAL0331,669,1,_
TP44,BDE0111,671,1,_
TP44,BLN0331,489,1,_
TP44,BOB0331,45,1,_
TP44,BPD1101,618,1,_
TP44,BPE0331,357,1,_
TP44,BPE0551,358,0.5,_
TP44,BPE0551,359,0.5,_
TP44,BPT1101,619,1,_
TP44,BRB0331,8,1,_
TP44,BRK0331,315,1,_
TP44,BRY0661,549,1,_
TP44,BWK1101,673,1,_
TP44,CBG0111,105,1,_
TP44,CLH0111,572,1,_
TP44,CML0331,620,1,_
TP44,COL0111,575,1,_
TP44,COL0661,576,1,_
TP44,CPK0111,416,0.5,_
TP44,CPK0111,417,0.5,_
TP44,CST0331,317,1,_
TP44,CUL0331,493,1,_
TP44,CUL0661,494,1,_
TP44,CYD0331,678,1,_
TP44,CYD2201,679,1,_
TP44,DOB0331,579,1,_
TP44,DVK0111,366,1,_
TP44,EDG0331,168,1,_
TP44,EDN0331,680,1,_
TP44,FHL0331,293,1,_
TP44,FKN0331,628,1,_
TP44,GFD0331,426,1,_
TP44,GLN0331,733,1,_
TP44,GLN0332,51,1,_
TP44,GOR0331,682,1,_
TP44,GYM0661,585,1,_
TP44,GYT0331,429,1,_
TP44,HAM0111,108,1,_
TP44,HAM0551,110,1,_
TP44,HAM0551,5034,0,_
TP44,HAY0111,434,1,_
TP44,HAY0331,443,1,_
TP44,HEN0331,12,1,_
TP44,HEP0331,17,1,_
TP44,HKK0661,587,1,_
TP44,HLY0331,121,1,_
TP44,HOB1101,56,1,_
TP44,HOR0331,589,1,_
TP44,HOR0661,590,1,_
TP44,HTI0331,123,1,_
TP44,HUI0331,319,1,_
TP44,HWA0331,321,1,_
TP44,HWA0332,742,1,_
TP44,HWA1101,322,1,_
TP44,HWA1102,322,1,_
TP44,HWB0331,688,1,_
TP44,HWB0332,753,1,_
TP44,HWB1101,693,1,_
TP44,INV0331,696,1,_
TP44,ISL0661,526,1,_
TP44,KAI0111,531,1,_
TP44,KAW0112,176,1,_
TP44,KAW1101,181,1,_
TP44,KBY0661,591,1,_
TP44,KBY0662,591,1,_
TP44,KIK0111,745,1,_
TP44,KIN0111,126,1,_
TP44,KIN0112,125,1,_
TP44,KIN0113,738,1,_
TP44,KMO0331,187,1,_
TP44,KOE1101,20,1,_
TP44,KPA1101,324,1,_
TP44,KUM0661,593,1,_
TP44,KWA0111,451,1,_
TP44,LFD1101,192,1,_
TP44,LFD1102,192,1,_
TP44,LTN0331,370,1,_
TP44,MAN2201,701,1,_
TP44,MAT1101,156,0.909090909,_
TP44,MAT1101,197,0.090909091,_
TP44,MCH0111,503,1,_
TP44,MER0331,60,1,_
TP44,MGM0331,454,1,_
TP44,MHO0331,374,1,_
TP44,MKE1101,325,0.5,_
TP44,MKE1101,326,0.5,_
TP44,MLG0111,456,1,_
TP44,MLG0331,457,1,_
TP44,MNG0331,61,1,_
TP44,MNG1101,62,1,_
TP44,MNI0111,328,1,_
TP44,MST0331,460,1,_
TP44,MTM0331,212,1,_
TP44,MTN0331,377,1,_
TP44,MTO0331,28,1,_
TP44,MTR0331,380,1,_
TP44,NAP2201,214,1,_
TP44,NAP2202,215,1,_
TP44,NMA0331,711,1,_
TP44,NPK0331,382,1,_
TP44,NPL0331,331,1,_
TP44,NSY0331,632,1,_
TP44,OAM0331,634,1,_
TP44,OKN0111,384,1,_
TP44,ONG0331,137,1,_
TP44,OPK0331,335,1,_
TP44,ORO1101,507,1,_
TP44,ORO1102,508,1,_
TP44,OTA0221,66,1,_
TP44,OTI0111,595,1,_
TP44,OWH0111,239,1,_
TP44,PAK0331,75,1,_
TP44,PAO1101,139,1,_
TP44,PEN0221,79,1,_
TP44,PEN0251,80,1,_
TP44,PEN1101,56,0.190798081,_
TP44,PEN1101,58,0.645660707,_
TP44,PEN1101,88,0.163541212,_
TP44,PNI0331,462,1,_
TP44,PPI2201,241,0.5,_
TP44,PPI2201,242,0.5,_
TP44,RDF0331,295,1,_
TP44,RFN1101,506,1,_
TP44,RFN1102,505,1,_
TP44,ROS0221,89,1,_
TP44,ROS1101,90,1,_
TP44,ROT0111,245,1,_
TP44,ROT0331,246,1,_
TP44,ROT1101,247,1,_
TP44,SBK0331,533,1,_
TP44,SBK0661,534,1,_
TP44,SDN0331,725,1,_
TP44,SFD0331,342,1,_
TP44,SFD2201,345,1,_
TP44,STK0331,511,1,_
TP44,STK0661,512,1,_
TP44,STU0111,653,1,_
TP44,SVL0331,32,1,_
TP44,SWN0251,36,1,_
TP44,SWN2201,37,1,_
TP44,TAK0331,91,1,_
TP44,TGA0111,250,1,_
TP44,TGA0331,251,1,_
TP44,THI2201,255,1,_
TP44,TIM0111,556,1,_
TP44,TKA0331,561,1,_
TP44,TKH0111,256,1,_
TP44,TKR0331,470,1,_
TP44,TKU0331,395,1,_
TP44,TMI0331,258,1,_
TP44,TMK0331,563,1,_
TP44,TMN0551,397,0.5,_
TP44,TMN0551,398,0.5,_
TP44,TMU0111,140,1,_
TP44,TNG0111,400,1,_
TP44,TNG0551,401,0.5,_
TP44,TNG0551,402,0.5,_
TP44,TRK0111,260,1,_
TP44,TUI1101,305,1,_
TP44,TWC2201,406,1,_
TP44,TWH0331,143,0.253164557,_
TP44,TWH0331,148,0.746835443,_
TP44,TWI2201,728,1,_
TP44,TWZ0331,658,1,_
TP44,UHT0331,472,1,_
TP44,WAI0111,269,1,_
TP44,WDV0111,409,1,_
TP44,WDV1101,410,1,_
TP44,WEL0331,38,1,_
TP44,WHI2201,310,1,_
TP44,WIL0331,475,1,_
TP44,WIR0331,94,1,_
TP44,WKM2201,278,1,_
TP44,WPR0331,535,1,_
TP44,WPR0661,536,1,_
TP44,WPT0111,518,1,_
TP44,WPW0331,413,1,_
TP44,WRD0331,41,1,_
TP44,WRK0331,290,1,_
TP44,WTK0111,660,1,_
TP44,WTK0331,5159,1,_
TP44,WTU0331,311,1,_
TP44,WVY0111,352,1,_
TP44,WWD1102,481,1,_
TP44,WWD1103,480,1,_
TP44,ABY1101,542,1,_
TP44,ALB2201,7,1,_
TP44,APS0661,570,1,_
TP44,ARA2201,163,1,_
TP44,ARI1101,737,1,_
TP44,ARI1102,101,1,_
TP44,ASB2201,545,1,_
TP44,ASY0661,521,1,_
TP44,ATI2201,164,1,_
TP44,AVI2201,603,1,_
TP44,BAL1101,670,1,_
TP44,BDE1101,672,1,_
TP44,BEN2201,617,1,_
TP44,BEN2202,617,1,_
TP44,BEN3502,615,1,_
TP44,BEN3503,616,1,_
TP44,BHL2201,47,1,_
TP44,BHL2202,48,1,_
TP44,BLN1101,490,1,_
TP44,BPC1101,598,1,_
TP44,BPE1101,363,1,_
TP44,BPE2201,364,1,_
TP44,BRB2201,9,1,_
TP44,BRK2201,316,1,_
TP44,BRK2202,316,1,_
TP44,BRY2201,553,1,_
TP44,CBG1101,107,1,_
TP44,CBG1102,106,1,_
TP44,CLH0661,573,1,_
TP44,CML1101,625,1,_
TP44,CML1102,624,1,_
TP44,CML2201,627,1,_
TP44,CML2202,626,1,_
TP44,CPK1101,419,1,_
TP44,CPK1102,420,1,_
TP44,CPK1103,421,1,_
TP44,CST1101,318,1,_
TP44,CUL2202,495,1,_
TP44,CUL2203,496,1,_
TP44,DOB0661,580,1,_
TP44,DOB1101,584,1,_
TP44,DOB1102,583,1,_
TP44,DRY2201,49,1,_
TP44,DRY2202,49,1,_
TP44,DVK1101,367,1,_
TP44,DVK1102,368,1,_
TP44,EDG1101,171,1,_
TP44,EDG1102,171,1,_
TP44,EDG2201,172,1,_
TP44,EDN1101,681,1,_
TP44,FHL1101,294,1,_
TP44,FKN1101,630,1,_
TP44,FKN1102,629,1,_
TP44,GFD1101,428,1,_
TP44,GFD1102,427,1,_
TP44,GLN2201,53,1,_
TP44,GNY1101,597,1,_
TP44,GOR1101,683,1,_
TP44,GOR1102,683,1,_
TP44,GYT1101,430,1,_
TP44,GYT1102,431,1,_
TP44,HAM1101,112,1,_
TP44,HAM2201,113,1,_
TP44,HAY1101,447,1,_
TP44,HAY2201,450,1,_
TP44,HAY3502,449,1,_
TP44,HAY3503,448,1,_
TP44,HEN1101,15,1,_
TP44,HEN2201,16,1,_
TP44,HEP1101,18,1,_
TP44,HIN1101,115,1,_
TP44,HLY2201,116,1,_
TP44,HOB2201,57,1,_
TP44,HPI2201,19,1,_
TP44,HPI2202,19,1,_
TP44,HTI1101,124,1,_
TP44,HUI1101,320,1,_
TP44,HWA1001,322,1,_
TP44,HWB2201,694,1,_
TP44,IGH1101,497,1,_
TP44,INV1101,698,1,_
TP44,INV2201,699,1,_
TP44,INV2202,699,1,_
TP44,ISL2201,530,1,_
TP44,KAI0661,532,1,_
TP44,KAW2201,182,1,_
TP44,KBT0661,567,1,_
TP44,KBT0662,566,1,_
TP44,KIK1101,501,1,_
TP44,KIK2201,502,1,_
TP44,KIN1101,129,1,_
TP44,KIN1102,129,1,_
TP44,KMO1101,190,1,_
TP44,KMO1102,190,1,_
TP44,KMO1103,190,1,_
TP44,KMO2201,191,1,_
TP44,KPO1101,133,1,_
TP44,KPU1101,739,1,_
TP44,KPU1102,135,1,_
TP44,KWA1101,452,1,_
TP44,KWA1102,453,1,_
TP44,LIV2201,631,1,_
TP44,LTN2201,371,1,_
TP44,LTN2202,372,1,_
TP44,MCH1101,504,1,_
TP44,MDN1101,25,1,_
TP44,MDN2201,26,1,_
TP44,MGM1101,455,1,_
TP44,MHO1101,375,1,_
TP44,MHO1102,376,1,_
TP44,MHT1102,422,1,_
TP44,MHT1103,423,1,_
TP44,MKT1101,314,1,_
TP44,MLG1101,459,1,_
TP44,MLG1102,458,1,_
TP44,MNI1101,329,1,_
TP44,MST1101,461,1,_
TP44,MTI2201,211,1,_
TP44,MTM1101,213,1,_
TP44,MTN1101,379,1,_
TP44,MTN1102,378,1,_
TP44,MTO1101,29,1,_
TP44,MTO1102,30,1,_
TP44,MTR1101,381,1,_
TP44,MVE1101,102,1,_
TP44,MVE1102,103,1,_
TP44,NGA1101,31,1,_
TP44,NMA2201,712,1,_
TP44,NPK1101,383,1,_
TP44,NPL1101,333,1,_
TP44,NPL2201,334,1,_
TP44,NSY2201,633,1,_
TP44,OAM1101,635,1,_
TP44,OAM1102,752,1,_
TP44,OHA2201,640,1,_
TP44,OHB2201,645,1,_
TP44,OHC2201,650,1,_
TP44,OHK2201,223,1,_
TP44,OHW2201,136,1,_
TP44,OHW2202,136,1,_
TP44,OKE1101,224,1,_
TP44,OKI2201,227,0.5,_
TP44,OKI2201,229,0.5,_
TP44,OKN1101,385,1,_
TP44,ONG1101,138,1,_
TP44,OPI2201,540,1,_
TP44,OPI2202,539,1,_
TP44,OPK1101,743,1,_
TP44,OPK1102,336,1,_
TP44,OTA1103,70,1,_
TP44,OTA1104,734,1,_
TP44,OTA1105,70,1,_
TP44,OTA1106,734,1,_
TP44,OTA1107,70,1,_
TP44,OTA1108,734,1,_
TP44,OTA1109,70,1,_
TP44,OTA110A,734,1,_
TP44,OTA2201,72,1,_
TP44,OTA2202,73,1,_
TP44,OTA2203,71,1,_
TP44,OTI0661,596,1,_
TP44,OWH1101,240,1,_
TP44,PAK2201,76,1,_
TP44,PEN0222,79,1,_
TP44,PEN2201,87,1,_
TP44,PIE1101,173,1,_
TP44,PNI1101,463,1,_
TP44,PNI1102,464,1,_
TP44,PRM2201,468,1,_
TP44,PRM2202,469,1,_
TP44,PRT2201,425,1,_
TP44,PRT2202,424,1,_
TP44,RDF1101,296,1,_
TP44,RDF1102,296,1,_
TP44,RDF2201,297,1,_
TP44,RFC1101,483,1,_
TP44,ROT1102,247,1,_
TP44,ROX1101,723,1,_
TP44,ROX2201,724,1,_
TP44,RPO2201,388,1,_
TP44,RTO1101,104,1,_
TP44,RTR1101,365,1,_
TP44,SDN2201,726,1,_
TP44,SFD1101,344,1,_
TP44,STK1101,515,1,_
TP44,STK2201,516,1,_
TP44,STU1101,654,1,_
TP44,SVL2201,33,1,_
TP44,SVL2202,34,1,_
TP44,TAK2201,92,1,_
TP44,TAK2202,93,1,_
TP44,TGA1101,252,1,_
TP44,TIM1101,557,1,_
TP44,TIM2201,559,1,_
TP44,TIM2202,558,1,_
TP44,TKA0111,560,1,_
TP44,TKA1101,562,1,_
TP44,TKB2201,657,1,_
TP44,TKH0501,257,1,_
TP44,TKR1101,471,1,_
TP44,TKU2201,396,1,_
TP44,TMH2201,727,1,_
TP44,TMI1101,259,1,_
TP44,TMK1101,5150,1,_
TP44,TMK1102,565,1,_
TP44,TMN2201,399,1,_
TP44,TMU1101,141,1,_
TP44,TNG2201,403,1,_
TP44,TRK1101,267,1,_
TP44,TRK1102,267,1,_
TP44,TRK2201,268,1,_
TP44,TWH2201,149,1,_
TP44,TWT2201,369,1,_
TP44,TWZ2201,659,1,_
TP44,TWZ2202,659,1,_
TP44,UHT1101,473,1,_
TP44,WAI0501,270,1,_
TP44,WAI1101,271,1,_
TP44,WDV1102,410,1,_
TP44,WEL1101,40,1,_
TP44,WEL1102,39,1,_
TP44,WGN1101,412,1,_
TP44,WHU1101,151,1,_
TP44,WIL1101,477,1,_
TP44,WIL2201,478,1,_
TP44,WIR1101,95,1,_
TP44,WIR1102,736,1,_
TP44,WKM2202,282,1,_
TP44,WKO1101,153,1,_
TP44,WMG1101,746,1,_
TP44,WMG1102,517,1,_
TP44,WPA2201,284,1,_
TP44,WPR2202,538,1,_
TP44,WPR2203,537,1,_
TP44,WPT1101,747,1,_
TP44,WPT1102,519,1,_
TP44,WPW1101,414,1,_
TP44,WPW1102,415,1,_
TP44,WRD2201,44,1,_
TP44,WRK2201,292,1,_
TP44,WTK1101,666,1,_
TP44,WTK1102,667,1,_
TP44,WTK2201,668,1,_
TP44,WTU2201,741,1,_
TP44,WTU2202,312,1,_
TP44,WVY1101,353,1,_
TP45,ARA2201_ARA0,160,0.333333333,_
TP45,ARA2201_ARA0,161,0.333333333,_
TP45,ARA2201_ARA0,162,0.333333333,_
TP45,ARG1101_BRR0,486,1,_
TP45,ARI1101_ARI0,100,0.25,_
TP45,ARI1101_ARI0,97,0.25,_
TP45,ARI1101_ARI0,98,0.25,_
TP45,ARI1101_ARI0,99,0.25,_
TP45,ARI1102_ARI0,96,1,_
TP45,ASB0661_HBK0,554,1,_
TP45,ATI2201_ATI0,164,1,_
TP45,AVI2201_AVI0,599,0.25,_
TP45,AVI2201_AVI0,600,0.25,_
TP45,AVI2201_AVI0,601,0.25,_
TP45,AVI2201_AVI0,602,0.25,_
TP45,BEN2202_BEN0,606,0.166666667,_
TP45,BEN2202_BEN0,607,0.166666667,_
TP45,BEN2202_BEN0,608,0.166666667,_
TP45,BEN2202_BEN0,609,0.166666667,_
TP45,BEN2202_BEN0,610,0.166666667,_
TP45,BEN2202_BEN0,611,0.166666667,_
TP45,BOB1101,46,1,_
TP45,BPE0331_TWF0,408,1,_
TP45,BWK1101_WPI0,731,1,_
TP45,COL0661_COL0,574,0.447368421,_
TP45,COL0661_COL0,750,0.552631579,_
TP45,CPK0331,418,1,_
TP45,CYD2201_CYD0,674,0.25,_
TP45,CYD2201_CYD0,675,0.25,_
TP45,CYD2201_CYD0,676,0.25,_
TP45,CYD2201_CYD0,677,0.25,_
TP45,GLN0332_GLN0,50,1,_
TP45,HAM0331,109,1,_
TP45,HIN0331,114,1,_
TP45,HLY2201_HLY1,119,1,_
TP45,HLY2201_HLY2,118,1,_
TP45,HLY2201_HLY5,120,1,_
TP45,HLY2201_HLY6,117,1,_
TP45,HWA1101_PTA1,337,1,_
TP45,HWA1101_PTA2,337,1,_
TP45,HWA1101_PTA3,337,1,_
TP45,HWA1102_WAA0,348,0.416909621,_
TP45,HWA1102_WAA0,350,0.583090379,_
TP45,HWA1102_WAA1,348,0.416909621,_
TP45,HWA1102_WAA1,350,0.583090379,_
TP45,HWB0331_MAH0,700,1,_
TP45,HWB0331_WPI0,730,1,_
TP45,ISL0331,525,1,_
TP45,KAW0111,179,1,_
TP45,KAW0112_ONU0,235,0.29467381,_
TP45,KAW0112_ONU0,236,0.204853451,_
TP45,KAW0112_ONU0,237,0.126063662,_
TP45,KAW0112_ONU0,238,0.374409077,_
TP45,KAW0113,178,1,_
TP45,KAW1101_KAG0,174,1,_
TP45,KIN0112_KIN0,125,1,_
TP45,KIN0331,127,1,_
TP45,KPA1101_KPI1,323,1,_
TP45,KPO1101_KPO0,130,0.333333333,_
TP45,KPO1101_KPO0,131,0.333333333,_
TP45,KPO1101_KPO0,132,0.333333333,_
TP45,KPU0661,134,1,_
TP45,KUM0661_KUM0,593,1,_
TP45,LTN0331_TWF0,407,1,_
TP45,MAN2201_MAN0,702,0.142857143,_
TP45,MAN2201_MAN0,703,0.142857143,_
TP45,MAN2201_MAN0,704,0.142857143,_
TP45,MAN2201_MAN0,705,0.142857143,_
TP45,MAN2201_MAN0,706,0.142857143,_
TP45,MAN2201_MAN0,707,0.142857143,_
TP45,MAN2201_MAN0,708,0.142857143,_
TP45,MAT1101_ANI0,154,0.5,_
TP45,MAT1101_ANI0,155,0.5,_
TP45,MAT1101_MAT0,195,0.5,_
TP45,MAT1101_MAT0,196,0.5,_
TP45,MHO0331_MHO0,373,1,_
TP45,MKE1101_MKE1,325,0.5,_
TP45,MKE1101_MKE1,326,0.5,_
TP45,MPE1101,27,1,_
TP45,MTI2201_MTI0,201,0.1,_
TP45,MTI2201_MTI0,202,0.1,_
TP45,MTI2201_MTI0,203,0.1,_
TP45,MTI2201_MTI0,204,0.1,_
TP45,MTI2201_MTI0,205,0.1,_
TP45,MTI2201_MTI0,206,0.1,_
TP45,MTI2201_MTI0,207,0.1,_
TP45,MTI2201_MTI0,208,0.1,_
TP45,MTI2201_MTI0,209,0.1,_
TP45,MTI2201_MTI0,210,0.1,_
TP45,NAP2201_NAP0,214,1,_
TP45,NAP2202_NTM0,216,0.5,_
TP45,NAP2202_NTM0,217,0.5,_
TP45,NMA0331_WHL0,729,1,_
TP45,NSY0331_PAE0,651,1,_
TP45,OHA2201_OHA0,636,0.25,_
TP45,OHA2201_OHA0,637,0.25,_
TP45,OHA2201_OHA0,638,0.25,_
TP45,OHA2201_OHA0,639,0.25,_
TP45,OHB2201_OHB0,641,0.25,_
TP45,OHB2201_OHB0,642,0.25,_
TP45,OHB2201_OHB0,643,0.25,_
TP45,OHB2201_OHB0,644,0.25,_
TP45,OHC2201_OHC0,646,0.25,_
TP45,OHC2201_OHC0,647,0.25,_
TP45,OHC2201_OHC0,648,0.25,_
TP45,OHC2201_OHC0,649,0.25,_
TP45,OHK2201_OHK0,219,0.25,_
TP45,OHK2201_OHK0,220,0.25,_
TP45,OHK2201_OHK0,221,0.25,_
TP45,OHK2201_OHK0,222,0.25,_
TP45,OKI2201_OKI0,228,0.099099099,_
TP45,OKI2201_OKI0,230,0.450450451,_
TP45,OKI2201_OKI0,231,0.450450451,_
TP45,PEN0331,81,1,_
TP45,PPI2201_PPI0,241,1,_
TP45,PRM0331,465,1,_
TP45,ROT1101_WHE0,272,1,_
TP45,ROX1101_ROX0,714,0.333333333,_
TP45,ROX1101_ROX0,715,0.333333333,_
TP45,ROX1101_ROX0,716,0.333333333,_
TP45,ROX2201_ROX0,717,0.2,_
TP45,ROX2201_ROX0,718,0.2,_
TP45,ROX2201_ROX0,719,0.2,_
TP45,ROX2201_ROX0,720,0.2,_
TP45,ROX2201_ROX0,721,0.2,_
TP45,RPO2201_RPO0,386,0.5,_
TP45,RPO2201_RPO0,387,0.5,_
TP45,SFD2201_SFD21,340,1,_
TP45,SFD2201_SFD22,341,1,_
TP45,SFD2201_SPL0,346,1,_
TP45,STK0661_COB0,491,1,_
TP45,TGA0331_KMI0,183,1,_
TP45,THI2201_THI1,253,1,_
TP45,THI2201_THI2,254,1,_
TP45,TKA0111_TKA1,560,1,_
TP45,TKB2201_TKB1,655,0.5,_
TP45,TKB2201_TKB1,656,0.5,_
TP45,TKU2201_TKU0,391,0.25,_
TP45,TKU2201_TKU0,392,0.25,_
TP45,TKU2201_TKU0,393,0.25,_
TP45,TKU2201_TKU0,394,0.25,_
TP45,TUI1101_KTW0,298,0.5,_
TP45,TUI1101_KTW0,299,0.5,_
TP45,TUI1101_PRI0,300,0.5,_
TP45,TUI1101_PRI0,301,0.5,_
TP45,TUI1101_TUI0,302,0.333333333,_
TP45,TUI1101_TUI0,303,0.333333333,_
TP45,TUI1101_TUI0,304,0.333333333,_
TP45,TWC2201_NZW0,404,1,_
TP45,TWC2201_TWF0,405,1,_
TP45,TWH0331_TRC1,142,1,_
TP45,TWH0331_TUK0,147,1,_
TP45,WDV1101_TAP0,389,1,_
TP45,WGN0331,411,1,_
TP45,WHI0111,306,1,_
TP45,WHI2201_WHI0,307,0.333333333,_
TP45,WHI2201_WHI0,308,0.333333333,_
TP45,WHI2201_WHI0,309,0.333333333,_
TP45,WHU0331,150,1,_
TP45,WIL0331_MCK0,482,1,_
TP45,WKM2201_MOK0,198,0.524257784,_
TP45,WKM2201_MOK0,199,0.475742216,_
TP45,WKM2201_WKM0,274,0.25,_
TP45,WKM2201_WKM0,275,0.25,_
TP45,WKM2201_WKM0,276,0.25,_
TP45,WKM2201_WKM0,277,0.25,_
TP45,WKO0331,152,1,_
TP45,WPA2201_WPA0,283,1,_
TP45,WRK0331_RKA0,740,1,_
TP45,WRK0331_TAA0,248,1,_
TP45,WRK2201_WRK0,285,0.340664962,_
TP45,WRK2201_WRK0,286,0.170332481,_
TP45,WRK2201_WRK0,287,0.19028133,_
TP45,WRK2201_WRK0,288,0.211764706,_
TP45,WRK2201_WRK0,289,0.086956522,_
TP45,WTK0111_WTK0,660,1,_
TP45,WWD1102_WWD0,479,1,_
TP45,WWD1103_WWD0,744,1,_
TP45,KAW0112_DLS0,176,1,_
TP45,KAW0113_DLS1,178,1,_
TP45,ABY0111,541,1,_
TP45,ALB0331,4,1,_
TP45,ALB1101,41,1,_
TP45,APS0111,569,1,_
TP45,ARG1101,487,1,_
TP45,ASB0331,543,1,_
TP45,ASB0661,544,1,_
TP45,ASY0111,520,0.5,_
TP45,ASY0111,748,0.5,_
TP45,ATU1101,488,1,_
TP45,BAL0331,669,1,_
TP45,BDE0111,671,1,_
TP45,BLN0331,489,1,_
TP45,BOB0331,45,1,_
TP45,BPD1101,618,1,_
TP45,BPE0331,357,1,_
TP45,BPE0551,358,0.5,_
TP45,BPE0551,359,0.5,_
TP45,BPT1101,619,1,_
TP45,BRB0331,8,1,_
TP45,BRK0331,315,1,_
TP45,BRY0661,549,1,_
TP45,BWK1101,673,1,_
TP45,CBG0111,105,1,_
TP45,CLH0111,572,1,_
TP45,CML0331,620,1,_
TP45,COL0111,575,1,_
TP45,COL0661,576,1,_
TP45,CPK0111,416,0.5,_
TP45,CPK0111,417,0.5,_
TP45,CST0331,317,1,_
TP45,CUL0331,493,1,_
TP45,CUL0661,494,1,_
TP45,CYD0331,678,1,_
TP45,CYD2201,679,1,_
TP45,DOB0331,579,1,_
TP45,DVK0111,366,1,_
TP45,EDG0331,168,1,_
TP45,EDN0331,680,1,_
TP45,FHL0331,293,1,_
TP45,FKN0331,628,1,_
TP45,GFD0331,426,1,_
TP45,GLN0331,733,1,_
TP45,GLN0332,51,1,_
TP45,GOR0331,682,1,_
TP45,GYM0661,585,1,_
TP45,GYT0331,429,1,_
TP45,HAM0111,108,1,_
TP45,HAM0551,110,1,_
TP45,HAM0551,5038,0,_
TP45,HAY0111,434,1,_
TP45,HAY0331,443,1,_
TP45,HEN0331,12,1,_
TP45,HEP0331,17,1,_
TP45,HKK0661,587,1,_
TP45,HLY0331,121,1,_
TP45,HOB1101,56,1,_
TP45,HOR0331,589,1,_
TP45,HOR0661,590,1,_
TP45,HTI0331,123,1,_
TP45,HUI0331,319,1,_
TP45,HWA0331,321,1,_
TP45,HWA0332,742,1,_
TP45,HWA1101,322,1,_
TP45,HWA1102,322,1,_
TP45,HWB0331,688,1,_
TP45,HWB0332,753,1,_
TP45,HWB1101,693,1,_
TP45,INV0331,696,1,_
TP45,ISL0661,526,1,_
TP45,KAI0111,531,1,_
TP45,KAW0112,176,1,_
TP45,KAW1101,181,1,_
TP45,KBY0661,591,1,_
TP45,KBY0662,591,1,_
TP45,KIK0111,745,1,_
TP45,KIN0111,126,1,_
TP45,KIN0112,125,1,_
TP45,KIN0113,738,1,_
TP45,KMO0331,187,1,_
TP45,KOE1101,20,1,_
TP45,KPA1101,324,1,_
TP45,KUM0661,593,1,_
TP45,KWA0111,451,1,_
TP45,LFD1101,192,1,_
TP45,LFD1102,192,1,_
TP45,LTN0331,370,1,_
TP45,MAN2201,701,1,_
TP45,MAT1101,156,0.909090909,_
TP45,MAT1101,197,0.090909091,_
TP45,MCH0111,503,1,_
TP45,MER0331,60,1,_
TP45,MGM0331,454,1,_
TP45,MHO0331,374,1,_
TP45,MKE1101,325,0.5,_
TP45,MKE1101,326,0.5,_
TP45,MLG0111,456,1,_
TP45,MLG0331,457,1,_
TP45,MNG0331,61,1,_
TP45,MNG1101,62,1,_
TP45,MNI0111,328,1,_
TP45,MST0331,460,1,_
TP45,MTM0331,212,1,_
TP45,MTN0331,377,1,_
TP45,MTO0331,28,1,_
TP45,MTR0331,380,1,_
TP45,NAP2201,214,1,_
TP45,NAP2202,215,1,_
TP45,NMA0331,711,1,_
TP45,NPK0331,382,1,_
TP45,NPL0331,331,1,_
TP45,NSY0331,632,1,_
TP45,OAM0331,634,1,_
TP45,OKN0111,384,1,_
TP45,ONG0331,137,1,_
TP45,OPK0331,335,1,_
TP45,ORO1101,507,1,_
TP45,ORO1102,508,1,_
TP45,OTA0221,66,1,_
TP45,OTI0111,595,1,_
TP45,OWH0111,239,1,_
TP45,PAK0331,75,1,_
TP45,PAO1101,139,1,_
TP45,PEN0221,79,1,_
TP45,PEN0251,80,1,_
TP45,PEN1101,56,0.190798081,_
TP45,PEN1101,58,0.645660707,_
TP45,PEN1101,88,0.163541212,_
TP45,PNI0331,462,1,_
TP45,PPI2201,241,0.5,_
TP45,PPI2201,242,0.5,_
TP45,RDF0331,295,1,_
TP45,RFN1101,506,1,_
TP45,RFN1102,505,1,_
TP45,ROS0221,89,1,_
TP45,ROS1101,90,1,_
TP45,ROT0111,245,1,_
TP45,ROT0331,246,1,_
TP45,ROT1101,247,1,_
TP45,SBK0331,533,1,_
TP45,SBK0661,534,1,_
TP45,SDN0331,725,1,_
TP45,SFD0331,342,1,_
TP45,SFD2201,345,1,_
TP45,STK0331,511,1,_
TP45,STK0661,512,1,_
TP45,STU0111,653,1,_
TP45,SVL0331,32,1,_
TP45,SWN0251,36,1,_
TP45,SWN2201,37,1,_
TP45,TAK0331,91,1,_
TP45,TGA0111,250,1,_
TP45,TGA0331,251,1,_
TP45,THI2201,255,1,_
TP45,TIM0111,556,1,_
TP45,TKA0331,561,1,_
TP45,TKH0111,256,1,_
TP45,TKR0331,470,1,_
TP45,TKU0331,395,1,_
TP45,TMI0331,258,1,_
TP45,TMK0331,563,1,_
TP45,TMN0551,397,0.5,_
TP45,TMN0551,398,0.5,_
TP45,TMU0111,140,1,_
TP45,TNG0111,400,1,_
TP45,TNG0551,401,0.5,_
TP45,TNG0551,402,0.5,_
TP45,TRK0111,260,1,_
TP45,TUI1101,305,1,_
TP45,TWC2201,406,1,_
TP45,TWH0331,143,0.253164557,_
TP45,TWH0331,148,0.746835443,_
TP45,TWI2201,728,1,_
TP45,TWZ0331,658,1,_
TP45,UHT0331,472,1,_
TP45,WAI0111,269,1,_
TP45,WDV0111,409,1,_
TP45,WDV1101,410,1,_
TP45,WEL0331,38,1,_
TP45,WHI2201,310,1,_
TP45,WIL0331,475,1,_
TP45,WIR0331,94,1,_
TP45,WKM2201,278,1,_
TP45,WPR0331,535,1,_
TP45,WPR0661,536,1,_
TP45,WPT0111,518,1,_
TP45,WPW0331,413,1,_
TP45,WRD0331,41,1,_
TP45,WRK0331,290,1,_
TP45,WTK0111,660,1,_
TP45,WTK0331,5166,1,_
TP45,WTU0331,311,1,_
TP45,WVY0111,352,1,_
TP45,WWD1102,481,1,_
TP45,WWD1103,480,1,_
TP45,ABY1101,542,1,_
TP45,ALB2201,7,1,_
TP45,APS0661,570,1,_
TP45,ARA2201,163,1,_
TP45,ARI1101,737,1,_
TP45,ARI1102,101,1,_
TP45,ASB2201,545,1,_
TP45,ASY0661,521,1,_
TP45,ATI2201,164,1,_
TP45,AVI2201,603,1,_
TP45,BAL1101,670,1,_
TP45,BDE1101,672,1,_
TP45,BEN2201,617,1,_
TP45,BEN2202,617,1,_
TP45,BEN3502,615,1,_
TP45,BEN3503,616,1,_
TP45,BHL2201,47,1,_
TP45,BHL2202,48,1,_
TP45,BLN1101,490,1,_
TP45,BPC1101,598,1,_
TP45,BPE1101,363,1,_
TP45,BPE2201,364,1,_
TP45,BRB2201,9,1,_
TP45,BRK2201,316,1,_
TP45,BRK2202,316,1,_
TP45,BRY2201,553,1,_
TP45,CBG1101,107,1,_
TP45,CBG1102,106,1,_
TP45,CLH0661,573,1,_
TP45,CML1101,625,1,_
TP45,CML1102,624,1,_
TP45,CML2201,627,1,_
TP45,CML2202,626,1,_
TP45,CPK1101,419,1,_
TP45,CPK1102,420,1,_
TP45,CPK1103,421,1,_
TP45,CST1101,318,1,_
TP45,CUL2202,495,1,_
TP45,CUL2203,496,1,_
TP45,DOB0661,580,1,_
TP45,DOB1101,584,1,_
TP45,DOB1102,583,1,_
TP45,DRY2201,49,1,_
TP45,DRY2202,49,1,_
TP45,DVK1101,367,1,_
TP45,DVK1102,368,1,_
TP45,EDG1101,171,1,_
TP45,EDG1102,171,1,_
TP45,EDG2201,172,1,_
TP45,EDN1101,681,1,_
TP45,FHL1101,294,1,_
TP45,FKN1101,630,1,_
TP45,FKN1102,629,1,_
TP45,GFD1101,428,1,_
TP45,GFD1102,427,1,_
TP45,GLN2201,53,1,_
TP45,GNY1101,597,1,_
TP45,GOR1101,683,1,_
TP45,GOR1102,683,1,_
TP45,GYT1101,430,1,_
TP45,GYT1102,431,1,_
TP45,HAM1101,112,1,_
TP45,HAM2201,113,1,_
TP45,HAY1101,447,1,_
TP45,HAY2201,450,1,_
TP45,HAY3502,449,1,_
TP45,HAY3503,448,1,_
TP45,HEN1101,15,1,_
TP45,HEN2201,16,1,_
TP45,HEP1101,18,1,_
TP45,HIN1101,115,1,_
TP45,HLY2201,116,1,_
TP45,HOB2201,57,1,_
TP45,HPI2201,19,1,_
TP45,HPI2202,19,1,_
TP45,HTI1101,124,1,_
TP45,HUI1101,320,1,_
TP45,HWA1001,322,1,_
TP45,HWB2201,694,1,_
TP45,IGH1101,497,1,_
TP45,INV1101,698,1,_
TP45,INV2201,699,1,_
TP45,INV2202,699,1,_
TP45,ISL2201,530,1,_
TP45,KAI0661,532,1,_
TP45,KAW2201,182,1,_
TP45,KBT0661,567,1,_
TP45,KBT0662,566,1,_
TP45,KIK1101,501,1,_
TP45,KIK2201,502,1,_
TP45,KIN1101,129,1,_
TP45,KIN1102,129,1,_
TP45,KMO1101,190,1,_
TP45,KMO1102,190,1,_
TP45,KMO1103,190,1,_
TP45,KMO2201,191,1,_
TP45,KPO1101,133,1,_
TP45,KPU1101,739,1,_
TP45,KPU1102,135,1,_
TP45,KWA1101,452,1,_
TP45,KWA1102,453,1,_
TP45,LIV2201,631,1,_
TP45,LTN2201,371,1,_
TP45,LTN2202,372,1,_
TP45,MCH1101,504,1,_
TP45,MDN1101,25,1,_
TP45,MDN2201,26,1,_
TP45,MGM1101,455,1,_
TP45,MHO1101,375,1,_
TP45,MHO1102,376,1,_
TP45,MHT1102,422,1,_
TP45,MHT1103,423,1,_
TP45,MKT1101,314,1,_
TP45,MLG1101,459,1,_
TP45,MLG1102,458,1,_
TP45,MNI1101,329,1,_
TP45,MST1101,461,1,_
TP45,MTI2201,211,1,_
TP45,MTM1101,213,1,_
TP45,MTN1101,379,1,_
TP45,MTN1102,378,1,_
TP45,MTO1101,29,1,_
TP45,MTO1102,30,1,_
TP45,MTR1101,381,1,_
TP45,MVE1101,102,1,_
TP45,MVE1102,103,1,_
TP45,NGA1101,31,1,_
TP45,NMA2201,712,1,_
TP45,NPK1101,383,1,_
TP45,NPL1101,333,1,_
TP45,NPL2201,334,1,_
TP45,NSY2201,633,1,_
TP45,OAM1101,635,1,_
TP45,OAM1102,752,1,_
TP45,OHA2201,640,1,_
TP45,OHB2201,645,1,_
TP45,OHC2201,650,1,_
TP45,OHK2201,223,1,_
TP45,OHW2201,136,1,_
TP45,OHW2202,136,1,_
TP45,OKE1101,224,1,_
TP45,OKI2201,227,0.5,_
TP45,OKI2201,229,0.5,_
TP45,OKN1101,385,1,_
TP45,ONG1101,138,1,_
TP45,OPI2201,540,1,_
TP45,OPI2202,539,1,_
TP45,OPK1101,743,1,_
TP45,OPK1102,336,1,_
TP45,OTA1103,70,1,_
TP45,OTA1104,734,1,_
TP45,OTA1105,70,1,_
TP45,OTA1106,734,1,_
TP45,OTA1107,70,1,_
TP45,OTA1108,734,1,_
TP45,OTA1109,70,1,_
TP45,OTA110A,734,1,_
TP45,OTA2201,72,1,_
TP45,OTA2202,73,1,_
TP45,OTA2203,71,1,_
TP45,OTI0661,596,1,_
TP45,OWH1101,240,1,_
TP45,PAK2201,76,1,_
TP45,PEN0222,79,1,_
TP45,PEN2201,87,1,_
TP45,PIE1101,173,1,_
TP45,PNI1101,463,1,_
TP45,PNI1102,464,1,_
TP45,PRM2201,468,1,_
TP45,PRM2202,469,1,_
TP45,PRT2201,425,1,_
TP45,PRT2202,424,1,_
TP45,RDF1101,296,1,_
TP45,RDF1102,296,1,_
TP45,RDF2201,297,1,_
TP45,RFC1101,483,1,_
TP45,ROT1102,247,1,_
TP45,ROX1101,723,1,_
TP45,ROX2201,724,1,_
TP45,RPO2201,388,1,_
TP45,RTO1101,104,1,_
TP45,RTR1101,365,1,_
TP45,SDN2201,726,1,_
TP45,SFD1101,344,1,_
TP45,STK1101,515,1,_
TP45,STK2201,516,1,_
TP45,STU1101,654,1,_
TP45,SVL2201,33,1,_
TP45,SVL2202,34,1,_
TP45,TAK2201,92,1,_
TP45,TAK2202,93,1,_
TP45,TGA1101,252,1,_
TP45,TIM1101,557,1,_
TP45,TIM2201,559,1,_
TP45,TIM2202,558,1,_
TP45,TKA0111,560,1,_
TP45,TKA1101,562,1,_
TP45,TKB2201,657,1,_
TP45,TKH0501,257,1,_
TP45,TKR1101,471,1,_
TP45,TKU2201,396,1,_
TP45,TMH2201,727,1,_
TP45,TMI1101,259,1,_
TP45,TMK1101,5156,1,_
TP45,TMK1102,565,1,_
TP45,TMN2201,399,1,_
TP45,TMU1101,141,1,_
TP45,TNG2201,403,1,_
TP45,TRK1101,267,1,_
TP45,TRK1102,267,1,_
TP45,TRK2201,268,1,_
TP45,TWH2201,149,1,_
TP45,TWT2201,369,1,_
TP45,TWZ2201,659,1,_
TP45,TWZ2202,659,1,_
TP45,UHT1101,473,1,_
TP45,WAI0501,270,1,_
TP45,WAI1101,271,1,_
TP45,WDV1102,410,1,_
TP45,WEL1101,40,1,_
TP45,WEL1102,39,1,_
TP45,WGN1101,412,1,_
TP45,WHU1101,151,1,_
TP45,WIL1101,477,1,_
TP45,WIL2201,478,1,_
TP45,WIR1101,95,1,_
TP45,WIR1102,736,1,_
TP45,WKM2202,282,1,_
TP45,WKO1101,153,1,_
TP45,WMG1101,746,1,_
TP45,WMG1102,517,1,_
TP45,WPA2201,284,1,_
TP45,WPR2202,538,1,_
TP45,WPR2203,537,1,_
TP45,WPT1101,747,1,_
TP45,WPT1102,519,1,_
TP45,WPW1101,414,1,_
TP45,WPW1102,415,1,_
TP45,WRD2201,44,1,_
TP45,WRK2201,292,1,_
TP45,WTK1101,666,1,_
TP45,WTK1102,667,1,_
TP45,WTK2201,668,1,_
TP45,WTU2201,741,1,_
TP45,WTU2202,312,1,_
TP45,WVY1101,353,1,_
TP46,ARA2201_ARA0,160,0.333333333,_
TP46,ARA2201_ARA0,161,0.333333333,_
TP46,ARA2201_ARA0,162,0.333333333,_
TP46,ARG1101_BRR0,486,1,_
TP46,ARI1101_ARI0,100,0.25,_
TP46,ARI1101_ARI0,97,0.25,_
TP46,ARI1101_ARI0,98,0.25,_
TP46,ARI1101_ARI0,99,0.25,_
TP46,ARI1102_ARI0,96,1,_
TP46,ASB0661_HBK0,554,1,_
TP46,ATI2201_ATI0,164,1,_
TP46,AVI2201_AVI0,599,0.25,_
TP46,AVI2201_AVI0,600,0.25,_
TP46,AVI2201_AVI0,601,0.25,_
TP46,AVI2201_AVI0,602,0.25,_
TP46,BEN2202_BEN0,606,0.166666667,_
TP46,BEN2202_BEN0,607,0.166666667,_
TP46,BEN2202_BEN0,608,0.166666667,_
TP46,BEN2202_BEN0,609,0.166666667,_
TP46,BEN2202_BEN0,610,0.166666667,_
TP46,BEN2202_BEN0,611,0.166666667,_
TP46,BOB1101,46,1,_
TP46,BPE0331_TWF0,408,1,_
TP46,BWK1101_WPI0,731,1,_
TP46,COL0661_COL0,574,0.447368421,_
TP46,COL0661_COL0,750,0.552631579,_
TP46,CPK0331,418,1,_
TP46,CYD2201_CYD0,674,0.25,_
TP46,CYD2201_CYD0,675,0.25,_
TP46,CYD2201_CYD0,676,0.25,_
TP46,CYD2201_CYD0,677,0.25,_
TP46,GLN0332_GLN0,50,1,_
TP46,HAM0331,109,1,_
TP46,HIN0331,114,1,_
TP46,HLY2201_HLY1,119,1,_
TP46,HLY2201_HLY2,118,1,_
TP46,HLY2201_HLY5,120,1,_
TP46,HLY2201_HLY6,117,1,_
TP46,HWA1101_PTA1,337,1,_
TP46,HWA1101_PTA2,337,1,_
TP46,HWA1101_PTA3,337,1,_
TP46,HWA1102_WAA0,348,0.416909621,_
TP46,HWA1102_WAA0,350,0.583090379,_
TP46,HWA1102_WAA1,348,0.416909621,_
TP46,HWA1102_WAA1,350,0.583090379,_
TP46,HWB0331_MAH0,700,1,_
TP46,HWB0331_WPI0,730,1,_
TP46,ISL0331,525,1,_
TP46,KAW0111,179,1,_
TP46,KAW0112_ONU0,235,0.29467381,_
TP46,KAW0112_ONU0,236,0.204853451,_
TP46,KAW0112_ONU0,237,0.126063662,_
TP46,KAW0112_ONU0,238,0.374409077,_
TP46,KAW0113,178,1,_
TP46,KAW1101_KAG0,174,1,_
TP46,KIN0112_KIN0,125,1,_
TP46,KIN0331,127,1,_
TP46,KPA1101_KPI1,323,1,_
TP46,KPO1101_KPO0,130,0.333333333,_
TP46,KPO1101_KPO0,131,0.333333333,_
TP46,KPO1101_KPO0,132,0.333333333,_
TP46,KPU0661,134,1,_
TP46,KUM0661_KUM0,593,1,_
TP46,LTN0331_TWF0,407,1,_
TP46,MAN2201_MAN0,702,0.142857143,_
TP46,MAN2201_MAN0,703,0.142857143,_
TP46,MAN2201_MAN0,704,0.142857143,_
TP46,MAN2201_MAN0,705,0.142857143,_
TP46,MAN2201_MAN0,706,0.142857143,_
TP46,MAN2201_MAN0,707,0.142857143,_
TP46,MAN2201_MAN0,708,0.142857143,_
TP46,MAT1101_ANI0,154,0.5,_
TP46,MAT1101_ANI0,155,0.5,_
TP46,MAT1101_MAT0,195,0.5,_
TP46,MAT1101_MAT0,196,0.5,_
TP46,MHO0331_MHO0,373,1,_
TP46,MKE1101_MKE1,325,0.5,_
TP46,MKE1101_MKE1,326,0.5,_
TP46,MPE1101,27,1,_
TP46,MTI2201_MTI0,201,0.1,_
TP46,MTI2201_MTI0,202,0.1,_
TP46,MTI2201_MTI0,203,0.1,_
TP46,MTI2201_MTI0,204,0.1,_
TP46,MTI2201_MTI0,205,0.1,_
TP46,MTI2201_MTI0,206,0.1,_
TP46,MTI2201_MTI0,207,0.1,_
TP46,MTI2201_MTI0,208,0.1,_
TP46,MTI2201_MTI0,209,0.1,_
TP46,MTI2201_MTI0,210,0.1,_
TP46,NAP2201_NAP0,214,1,_
TP46,NAP2202_NTM0,216,0.5,_
TP46,NAP2202_NTM0,217,0.5,_
TP46,NMA0331_WHL0,729,1,_
TP46,NSY0331_PAE0,651,1,_
TP46,OHA2201_OHA0,636,0.25,_
TP46,OHA2201_OHA0,637,0.25,_
TP46,OHA2201_OHA0,638,0.25,_
TP46,OHA2201_OHA0,639,0.25,_
TP46,OHB2201_OHB0,641,0.25,_
TP46,OHB2201_OHB0,642,0.25,_
TP46,OHB2201_OHB0,643,0.25,_
TP46,OHB2201_OHB0,644,0.25,_
TP46,OHC2201_OHC0,646,0.25,_
TP46,OHC2201_OHC0,647,0.25,_
TP46,OHC2201_OHC0,648,0.25,_
TP46,OHC2201_OHC0,649,0.25,_
TP46,OHK2201_OHK0,219,0.25,_
TP46,OHK2201_OHK0,220,0.25,_
TP46,OHK2201_OHK0,221,0.25,_
TP46,OHK2201_OHK0,222,0.25,_
TP46,OKI2201_OKI0,228,0.099099099,_
TP46,OKI2201_OKI0,230,0.450450451,_
TP46,OKI2201_OKI0,231,0.450450451,_
TP46,PEN0331,81,1,_
TP46,PPI2201_PPI0,241,1,_
TP46,PRM0331,465,1,_
TP46,ROT1101_WHE0,272,1,_
TP46,ROX1101_ROX0,714,0.333333333,_
TP46,ROX1101_ROX0,715,0.333333333,_
TP46,ROX1101_ROX0,716,0.333333333,_
TP46,ROX2201_ROX0,717,0.2,_
TP46,ROX2201_ROX0,718,0.2,_
TP46,ROX2201_ROX0,719,0.2,_
TP46,ROX2201_ROX0,720,0.2,_
TP46,ROX2201_ROX0,721,0.2,_
TP46,RPO2201_RPO0,386,0.5,_
TP46,RPO2201_RPO0,387,0.5,_
TP46,SFD2201_SFD21,340,1,_
TP46,SFD2201_SFD22,341,1,_
TP46,SFD2201_SPL0,346,1,_
TP46,STK0661_COB0,491,1,_
TP46,TGA0331_KMI0,183,1,_
TP46,THI2201_THI1,253,1,_
TP46,THI2201_THI2,254,1,_
TP46,TKA0111_TKA1,560,1,_
TP46,TKB2201_TKB1,655,0.5,_
TP46,TKB2201_TKB1,656,0.5,_
TP46,TKU2201_TKU0,391,0.25,_
TP46,TKU2201_TKU0,392,0.25,_
TP46,TKU2201_TKU0,393,0.25,_
TP46,TKU2201_TKU0,394,0.25,_
TP46,TUI1101_KTW0,298,0.5,_
TP46,TUI1101_KTW0,299,0.5,_
TP46,TUI1101_PRI0,300,0.5,_
TP46,TUI1101_PRI0,301,0.5,_
TP46,TUI1101_TUI0,302,0.333333333,_
TP46,TUI1101_TUI0,303,0.333333333,_
TP46,TUI1101_TUI0,304,0.333333333,_
TP46,TWC2201_NZW0,404,1,_
TP46,TWC2201_TWF0,405,1,_
TP46,TWH0331_TRC1,142,1,_
TP46,TWH0331_TUK0,147,1,_
TP46,WDV1101_TAP0,389,1,_
TP46,WGN0331,411,1,_
TP46,WHI0111,306,1,_
TP46,WHI2201_WHI0,307,0.333333333,_
TP46,WHI2201_WHI0,308,0.333333333,_
TP46,WHI2201_WHI0,309,0.333333333,_
TP46,WHU0331,150,1,_
TP46,WIL0331_MCK0,482,1,_
TP46,WKM2201_MOK0,198,0.524257784,_
TP46,WKM2201_MOK0,199,0.475742216,_
TP46,WKM2201_WKM0,274,0.25,_
TP46,WKM2201_WKM0,275,0.25,_
TP46,WKM2201_WKM0,276,0.25,_
TP46,WKM2201_WKM0,277,0.25,_
TP46,WKO0331,152,1,_
TP46,WPA2201_WPA0,283,1,_
TP46,WRK0331_RKA0,740,1,_
TP46,WRK0331_TAA0,248,1,_
TP46,WRK2201_WRK0,285,0.340664962,_
TP46,WRK2201_WRK0,286,0.170332481,_
TP46,WRK2201_WRK0,287,0.19028133,_
TP46,WRK2201_WRK0,288,0.211764706,_
TP46,WRK2201_WRK0,289,0.086956522,_
TP46,WTK0111_WTK0,660,1,_
TP46,WWD1102_WWD0,479,1,_
TP46,WWD1103_WWD0,744,1,_
TP46,KAW0112_DLS0,176,1,_
TP46,KAW0113_DLS1,178,1,_
TP46,ABY0111,541,1,_
TP46,ALB0331,4,1,_
TP46,ALB1101,41,1,_
TP46,APS0111,569,1,_
TP46,ARG1101,487,1,_
TP46,ASB0331,543,1,_
TP46,ASB0661,544,1,_
TP46,ASY0111,520,0.5,_
TP46,ASY0111,748,0.5,_
TP46,ATU1101,488,1,_
TP46,BAL0331,669,1,_
TP46,BDE0111,671,1,_
TP46,BLN0331,489,1,_
TP46,BOB0331,45,1,_
TP46,BPD1101,618,1,_
TP46,BPE0331,357,1,_
TP46,BPE0551,358,0.5,_
TP46,BPE0551,359,0.5,_
TP46,BPT1101,619,1,_
TP46,BRB0331,8,1,_
TP46,BRK0331,315,1,_
TP46,BRY0661,549,1,_
TP46,BWK1101,673,1,_
TP46,CBG0111,105,1,_
TP46,CLH0111,572,1,_
TP46,CML0331,620,1,_
TP46,COL0111,575,1,_
TP46,COL0661,576,1,_
TP46,CPK0111,416,0.5,_
TP46,CPK0111,417,0.5,_
TP46,CST0331,317,1,_
TP46,CUL0331,493,1,_
TP46,CUL0661,494,1,_
TP46,CYD0331,678,1,_
TP46,CYD2201,679,1,_
TP46,DOB0331,579,1,_
TP46,DVK0111,366,1,_
TP46,EDG0331,168,1,_
TP46,EDN0331,680,1,_
TP46,FHL0331,293,1,_
TP46,FKN0331,628,1,_
TP46,GFD0331,426,1,_
TP46,GLN0331,733,1,_
TP46,GLN0332,51,1,_
TP46,GOR0331,682,1,_
TP46,GYM0661,585,1,_
TP46,GYT0331,429,1,_
TP46,HAM0111,108,1,_
TP46,HAM0551,110,1,_
TP46,HAM0551,5038,0,_
TP46,HAY0111,434,1,_
TP46,HAY0331,443,1,_
TP46,HEN0331,12,1,_
TP46,HEP0331,17,1,_
TP46,HKK0661,587,1,_
TP46,HLY0331,121,1,_
TP46,HOB1101,56,1,_
TP46,HOR0331,589,1,_
TP46,HOR0661,590,1,_
TP46,HTI0331,123,1,_
TP46,HUI0331,319,1,_
TP46,HWA0331,321,1,_
TP46,HWA0332,742,1,_
TP46,HWA1101,322,1,_
TP46,HWA1102,322,1,_
TP46,HWB0331,688,1,_
TP46,HWB0332,753,1,_
TP46,HWB1101,693,1,_
TP46,INV0331,696,1,_
TP46,ISL0661,526,1,_
TP46,KAI0111,531,1,_
TP46,KAW0112,176,1,_
TP46,KAW1101,181,1,_
TP46,KBY0661,591,1,_
TP46,KBY0662,591,1,_
TP46,KIK0111,745,1,_
TP46,KIN0111,126,1,_
TP46,KIN0112,125,1,_
TP46,KIN0113,738,1,_
TP46,KMO0331,187,1,_
TP46,KOE1101,20,1,_
TP46,KPA1101,324,1,_
TP46,KUM0661,593,1,_
TP46,KWA0111,451,1,_
TP46,LFD1101,192,1,_
TP46,LFD1102,192,1,_
TP46,LTN0331,370,1,_
TP46,MAN2201,701,1,_
TP46,MAT1101,156,0.909090909,_
TP46,MAT1101,197,0.090909091,_
TP46,MCH0111,503,1,_
TP46,MER0331,60,1,_
TP46,MGM0331,454,1,_
TP46,MHO0331,374,1,_
TP46,MKE1101,325,0.5,_
TP46,MKE1101,326,0.5,_
TP46,MLG0111,456,1,_
TP46,MLG0331,457,1,_
TP46,MNG0331,61,1,_
TP46,MNG1101,62,1,_
TP46,MNI0111,328,1,_
TP46,MST0331,460,1,_
TP46,MTM0331,212,1,_
TP46,MTN0331,377,1,_
TP46,MTO0331,28,1,_
TP46,MTR0331,380,1,_
TP46,NAP2201,214,1,_
TP46,NAP2202,215,1,_
TP46,NMA0331,711,1,_
TP46,NPK0331,382,1,_
TP46,NPL0331,331,1,_
TP46,NSY0331,632,1,_
TP46,OAM0331,634,1,_
TP46,OKN0111,384,1,_
TP46,ONG0331,137,1,_
TP46,OPK0331,335,1,_
TP46,ORO1101,507,1,_
TP46,ORO1102,508,1,_
TP46,OTA0221,66,1,_
TP46,OTI0111,595,1,_
TP46,OWH0111,239,1,_
TP46,PAK0331,75,1,_
TP46,PAO1101,139,1,_
TP46,PEN0221,79,1,_
TP46,PEN0251,80,1,_
TP46,PEN1101,56,0.190798081,_
TP46,PEN1101,58,0.645660707,_
TP46,PEN1101,88,0.163541212,_
TP46,PNI0331,462,1,_
TP46,PPI2201,241,0.5,_
TP46,PPI2201,242,0.5,_
TP46,RDF0331,295,1,_
TP46,RFN1101,506,1,_
TP46,RFN1102,505,1,_
TP46,ROS0221,89,1,_
TP46,ROS1101,90,1,_
TP46,ROT0111,245,1,_
TP46,ROT0331,246,1,_
TP46,ROT1101,247,1,_
TP46,SBK0331,533,1,_
TP46,SBK0661,534,1,_
TP46,SDN0331,725,1,_
TP46,SFD0331,342,1,_
TP46,SFD2201,345,1,_
TP46,STK0331,511,1,_
TP46,STK0661,512,1,_
TP46,STU0111,653,1,_
TP46,SVL0331,32,1,_
TP46,SWN0251,36,1,_
TP46,SWN2201,37,1,_
TP46,TAK0331,91,1,_
TP46,TGA0111,250,1,_
TP46,TGA0331,251,1,_
TP46,THI2201,255,1,_
TP46,TIM0111,556,1,_
TP46,TKA0331,561,1,_
TP46,TKH0111,256,1,_
TP46,TKR0331,470,1,_
TP46,TKU0331,395,1,_
TP46,TMI0331,258,1,_
TP46,TMK0331,563,1,_
TP46,TMN0551,397,0.5,_
TP46,TMN0551,398,0.5,_
TP46,TMU0111,140,1,_
TP46,TNG0111,400,1,_
TP46,TNG0551,401,0.5,_
TP46,TNG0551,402,0.5,_
TP46,TRK0111,260,1,_
TP46,TUI1101,305,1,_
TP46,TWC2201,406,1,_
TP46,TWH0331,143,0.253164557,_
TP46,TWH0331,148,0.746835443,_
TP46,TWI2201,728,1,_
TP46,TWZ0331,658,1,_
TP46,UHT0331,472,1,_
TP46,WAI0111,269,1,_
TP46,WDV0111,409,1,_
TP46,WDV1101,410,1,_
TP46,WEL0331,38,1,_
TP46,WHI2201,310,1,_
TP46,WIL0331,475,1,_
TP46,WIR0331,94,1,_
TP46,WKM2201,278,1,_
TP46,WPR0331,535,1,_
TP46,WPR0661,536,1,_
TP46,WPT0111,518,1,_
TP46,WPW0331,413,1,_
TP46,WRD0331,41,1,_
TP46,WRK0331,290,1,_
TP46,WTK0111,660,1,_
TP46,WTK0331,5166,1,_
TP46,WTU0331,311,1,_
TP46,WVY0111,352,1,_
TP46,WWD1102,481,1,_
TP46,WWD1103,480,1,_
TP46,ABY1101,542,1,_
TP46,ALB2201,7,1,_
TP46,APS0661,570,1,_
TP46,ARA2201,163,1,_
TP46,ARI1101,737,1,_
TP46,ARI1102,101,1,_
TP46,ASB2201,545,1,_
TP46,ASY0661,521,1,_
TP46,ATI2201,164,1,_
TP46,AVI2201,603,1,_
TP46,BAL1101,670,1,_
TP46,BDE1101,672,1,_
TP46,BEN2201,617,1,_
TP46,BEN2202,617,1,_
TP46,BEN3502,615,1,_
TP46,BEN3503,616,1,_
TP46,BHL2201,47,1,_
TP46,BHL2202,48,1,_
TP46,BLN1101,490,1,_
TP46,BPC1101,598,1,_
TP46,BPE1101,363,1,_
TP46,BPE2201,364,1,_
TP46,BRB2201,9,1,_
TP46,BRK2201,316,1,_
TP46,BRK2202,316,1,_
TP46,BRY2201,553,1,_
TP46,CBG1101,107,1,_
TP46,CBG1102,106,1,_
TP46,CLH0661,573,1,_
TP46,CML1101,625,1,_
TP46,CML1102,624,1,_
TP46,CML2201,627,1,_
TP46,CML2202,626,1,_
TP46,CPK1101,419,1,_
TP46,CPK1102,420,1,_
TP46,CPK1103,421,1,_
TP46,CST1101,318,1,_
TP46,CUL2202,495,1,_
TP46,CUL2203,496,1,_
TP46,DOB0661,580,1,_
TP46,DOB1101,584,1,_
TP46,DOB1102,583,1,_
TP46,DRY2201,49,1,_
TP46,DRY2202,49,1,_
TP46,DVK1101,367,1,_
TP46,DVK1102,368,1,_
TP46,EDG1101,171,1,_
TP46,EDG1102,171,1,_
TP46,EDG2201,172,1,_
TP46,EDN1101,681,1,_
TP46,FHL1101,294,1,_
TP46,FKN1101,630,1,_
TP46,FKN1102,629,1,_
TP46,GFD1101,428,1,_
TP46,GFD1102,427,1,_
TP46,GLN2201,53,1,_
TP46,GNY1101,597,1,_
TP46,GOR1101,683,1,_
TP46,GOR1102,683,1,_
TP46,GYT1101,430,1,_
TP46,GYT1102,431,1,_
TP46,HAM1101,112,1,_
TP46,HAM2201,113,1,_
TP46,HAY1101,447,1,_
TP46,HAY2201,450,1,_
TP46,HAY3502,449,1,_
TP46,HAY3503,448,1,_
TP46,HEN1101,15,1,_
TP46,HEN2201,16,1,_
TP46,HEP1101,18,1,_
TP46,HIN1101,115,1,_
TP46,HLY2201,116,1,_
TP46,HOB2201,57,1,_
TP46,HPI2201,19,1,_
TP46,HPI2202,19,1,_
TP46,HTI1101,124,1,_
TP46,HUI1101,320,1,_
TP46,HWA1001,322,1,_
TP46,HWB2201,694,1,_
TP46,IGH1101,497,1,_
TP46,INV1101,698,1,_
TP46,INV2201,699,1,_
TP46,INV2202,699,1,_
TP46,ISL2201,530,1,_
TP46,KAI0661,532,1,_
TP46,KAW2201,182,1,_
TP46,KBT0661,567,1,_
TP46,KBT0662,566,1,_
TP46,KIK1101,501,1,_
TP46,KIK2201,502,1,_
TP46,KIN1101,129,1,_
TP46,KIN1102,129,1,_
TP46,KMO1101,190,1,_
TP46,KMO1102,190,1,_
TP46,KMO1103,190,1,_
TP46,KMO2201,191,1,_
TP46,KPO1101,133,1,_
TP46,KPU1101,739,1,_
TP46,KPU1102,135,1,_
TP46,KWA1101,452,1,_
TP46,KWA1102,453,1,_
TP46,LIV2201,631,1,_
TP46,LTN2201,371,1,_
TP46,LTN2202,372,1,_
TP46,MCH1101,504,1,_
TP46,MDN1101,25,1,_
TP46,MDN2201,26,1,_
TP46,MGM1101,455,1,_
TP46,MHO1101,375,1,_
TP46,MHO1102,376,1,_
TP46,MHT1102,422,1,_
TP46,MHT1103,423,1,_
TP46,MKT1101,314,1,_
TP46,MLG1101,459,1,_
TP46,MLG1102,458,1,_
TP46,MNI1101,329,1,_
TP46,MST1101,461,1,_
TP46,MTI2201,211,1,_
TP46,MTM1101,213,1,_
TP46,MTN1101,379,1,_
TP46,MTN1102,378,1,_
TP46,MTO1101,29,1,_
TP46,MTO1102,30,1,_
TP46,MTR1101,381,1,_
TP46,MVE1101,102,1,_
TP46,MVE1102,103,1,_
TP46,NGA1101,31,1,_
TP46,NMA2201,712,1,_
TP46,NPK1101,383,1,_
TP46,NPL1101,333,1,_
TP46,NPL2201,334,1,_
TP46,NSY2201,633,1,_
TP46,OAM1101,635,1,_
TP46,OAM1102,752,1,_
TP46,OHA2201,640,1,_
TP46,OHB2201,645,1,_
TP46,OHC2201,650,1,_
TP46,OHK2201,223,1,_
TP46,OHW2201,136,1,_
TP46,OHW2202,136,1,_
TP46,OKE1101,224,1,_
TP46,OKI2201,227,0.5,_
TP46,OKI2201,229,0.5,_
TP46,OKN1101,385,1,_
TP46,ONG1101,138,1,_
TP46,OPI2201,540,1,_
TP46,OPI2202,539,1,_
TP46,OPK1101,743,1,_
TP46,OPK1102,336,1,_
TP46,OTA1103,70,1,_
TP46,OTA1104,734,1,_
TP46,OTA1105,70,1,_
TP46,OTA1106,734,1,_
TP46,OTA1107,70,1,_
TP46,OTA1108,734,1,_
TP46,OTA1109,70,1,_
TP46,OTA110A,734,1,_
TP46,OTA2201,72,1,_
TP46,OTA2202,73,1,_
TP46,OTA2203,71,1,_
TP46,OTI0661,596,1,_
TP46,OWH1101,240,1,_
TP46,PAK2201,76,1,_
TP46,PEN0222,79,1,_
TP46,PEN2201,87,1,_
TP46,PIE1101,173,1,_
TP46,PNI1101,463,1,_
TP46,PNI1102,464,1,_
TP46,PRM2201,468,1,_
TP46,PRM2202,469,1,_
TP46,PRT2201,425,1,_
TP46,PRT2202,424,1,_
TP46,RDF1101,296,1,_
TP46,RDF1102,296,1,_
TP46,RDF2201,297,1,_
TP46,RFC1101,483,1,_
TP46,ROT1102,247,1,_
TP46,ROX1101,723,1,_
TP46,ROX2201,724,1,_
TP46,RPO2201,388,1,_
TP46,RTO1101,104,1,_
TP46,RTR1101,365,1,_
TP46,SDN2201,726,1,_
TP46,SFD1101,344,1,_
TP46,STK1101,515,1,_
TP46,STK2201,516,1,_
TP46,STU1101,654,1,_
TP46,SVL2201,33,1,_
TP46,SVL2202,34,1,_
TP46,TAK2201,92,1,_
TP46,TAK2202,93,1,_
TP46,TGA1101,252,1,_
TP46,TIM1101,557,1,_
TP46,TIM2201,559,1,_
TP46,TIM2202,558,1,_
TP46,TKA0111,560,1,_
TP46,TKA1101,562,1,_
TP46,TKB2201,657,1,_
TP46,TKH0501,257,1,_
TP46,TKR1101,471,1,_
TP46,TKU2201,396,1,_
TP46,TMH2201,727,1,_
TP46,TMI1101,259,1,_
TP46,TMK1101,5156,1,_
TP46,TMK1102,565,1,_
TP46,TMN2201,399,1,_
TP46,TMU1101,141,1,_
TP46,TNG2201,403,1,_
TP46,TRK1101,267,1,_
TP46,TRK1102,267,1,_
TP46,TRK2201,268,1,_
TP46,TWH2201,149,1,_
TP46,TWT2201,369,1,_
TP46,TWZ2201,659,1,_
TP46,TWZ2202,659,1,_
TP46,UHT1101,473,1,_
TP46,WAI0501,270,1,_
TP46,WAI1101,271,1,_
TP46,WDV1102,410,1,_
TP46,WEL1101,40,1,_
TP46,WEL1102,39,1,_
TP46,WGN1101,412,1,_
TP46,WHU1101,151,1,_
TP46,WIL1101,477,1,_
TP46,WIL2201,478,1,_
TP46,WIR1101,95,1,_
TP46,WIR1102,736,1,_
TP46,WKM2202,282,1,_
TP46,WKO1101,153,1,_
TP46,WMG1101,746,1,_
TP46,WMG1102,517,1,_
TP46,WPA2201,284,1,_
TP46,WPR2202,538,1,_
TP46,WPR2203,537,1,_
TP46,WPT1101,747,1,_
TP46,WPT1102,519,1,_
TP46,WPW1101,414,1,_
TP46,WPW1102,415,1,_
TP46,WRD2201,44,1,_
TP46,WRK2201,292,1,_
TP46,WTK1101,666,1,_
TP46,WTK1102,667,1,_
TP46,WTK2201,668,1,_
TP46,WTU2201,741,1,_
TP46,WTU2202,312,1,_
TP46,WVY1101,353,1,_
TP47,ARA2201_ARA0,160,0.333333333,_
TP47,ARA2201_ARA0,161,0.333333333,_
TP47,ARA2201_ARA0,162,0.333333333,_
TP47,ARG1101_BRR0,486,1,_
TP47,ARI1101_ARI0,100,0.25,_
TP47,ARI1101_ARI0,97,0.25,_
TP47,ARI1101_ARI0,98,0.25,_
TP47,ARI1101_ARI0,99,0.25,_
TP47,ARI1102_ARI0,96,1,_
TP47,ASB0661_HBK0,554,1,_
TP47,ATI2201_ATI0,164,1,_
TP47,AVI2201_AVI0,599,0.25,_
TP47,AVI2201_AVI0,600,0.25,_
TP47,AVI2201_AVI0,601,0.25,_
TP47,AVI2201_AVI0,602,0.25,_
TP47,BEN2202_BEN0,606,0.166666667,_
TP47,BEN2202_BEN0,607,0.166666667,_
TP47,BEN2202_BEN0,608,0.166666667,_
TP47,BEN2202_BEN0,609,0.166666667,_
TP47,BEN2202_BEN0,610,0.166666667,_
TP47,BEN2202_BEN0,611,0.166666667,_
TP47,BOB1101,46,1,_
TP47,BPE0331_TWF0,408,1,_
TP47,BWK1101_WPI0,731,1,_
TP47,COL0661_COL0,574,0.447368421,_
TP47,COL0661_COL0,750,0.552631579,_
TP47,CPK0331,418,1,_
TP47,CYD2201_CYD0,674,0.25,_
TP47,CYD2201_CYD0,675,0.25,_
TP47,CYD2201_CYD0,676,0.25,_
TP47,CYD2201_CYD0,677,0.25,_
TP47,GLN0332_GLN0,50,1,_
TP47,HAM0331,109,1,_
TP47,HIN0331,114,1,_
TP47,HLY2201_HLY1,119,1,_
TP47,HLY2201_HLY2,118,1,_
TP47,HLY2201_HLY5,120,1,_
TP47,HLY2201_HLY6,117,1,_
TP47,HWA1101_PTA1,337,1,_
TP47,HWA1101_PTA2,337,1,_
TP47,HWA1101_PTA3,337,1,_
TP47,HWA1102_WAA0,348,0.416909621,_
TP47,HWA1102_WAA0,350,0.583090379,_
TP47,HWA1102_WAA1,348,0.416909621,_
TP47,HWA1102_WAA1,350,0.583090379,_
TP47,HWB0331_MAH0,700,1,_
TP47,HWB0331_WPI0,730,1,_
TP47,ISL0331,525,1,_
TP47,KAW0111,179,1,_
TP47,KAW0112_ONU0,235,0.29467381,_
TP47,KAW0112_ONU0,236,0.204853451,_
TP47,KAW0112_ONU0,237,0.126063662,_
TP47,KAW0112_ONU0,238,0.374409077,_
TP47,KAW0113,178,1,_
TP47,KAW1101_KAG0,174,1,_
TP47,KIN0112_KIN0,125,1,_
TP47,KIN0331,127,1,_
TP47,KPA1101_KPI1,323,1,_
TP47,KPO1101_KPO0,130,0.333333333,_
TP47,KPO1101_KPO0,131,0.333333333,_
TP47,KPO1101_KPO0,132,0.333333333,_
TP47,KPU0661,134,1,_
TP47,KUM0661_KUM0,593,1,_
TP47,LTN0331_TWF0,407,1,_
TP47,MAN2201_MAN0,702,0.142857143,_
TP47,MAN2201_MAN0,703,0.142857143,_
TP47,MAN2201_MAN0,704,0.142857143,_
TP47,MAN2201_MAN0,705,0.142857143,_
TP47,MAN2201_MAN0,706,0.142857143,_
TP47,MAN2201_MAN0,707,0.142857143,_
TP47,MAN2201_MAN0,708,0.142857143,_
TP47,MAT1101_ANI0,154,0.5,_
TP47,MAT1101_ANI0,155,0.5,_
TP47,MAT1101_MAT0,195,0.5,_
TP47,MAT1101_MAT0,196,0.5,_
TP47,MHO0331_MHO0,373,1,_
TP47,MKE1101_MKE1,325,0.5,_
TP47,MKE1101_MKE1,326,0.5,_
TP47,MPE1101,27,1,_
TP47,MTI2201_MTI0,201,0.1,_
TP47,MTI2201_MTI0,202,0.1,_
TP47,MTI2201_MTI0,203,0.1,_
TP47,MTI2201_MTI0,204,0.1,_
TP47,MTI2201_MTI0,205,0.1,_
TP47,MTI2201_MTI0,206,0.1,_
TP47,MTI2201_MTI0,207,0.1,_
TP47,MTI2201_MTI0,208,0.1,_
TP47,MTI2201_MTI0,209,0.1,_
TP47,MTI2201_MTI0,210,0.1,_
TP47,NAP2201_NAP0,214,1,_
TP47,NAP2202_NTM0,216,0.5,_
TP47,NAP2202_NTM0,217,0.5,_
TP47,NMA0331_WHL0,729,1,_
TP47,NSY0331_PAE0,651,1,_
TP47,OHA2201_OHA0,636,0.25,_
TP47,OHA2201_OHA0,637,0.25,_
TP47,OHA2201_OHA0,638,0.25,_
TP47,OHA2201_OHA0,639,0.25,_
TP47,OHB2201_OHB0,641,0.25,_
TP47,OHB2201_OHB0,642,0.25,_
TP47,OHB2201_OHB0,643,0.25,_
TP47,OHB2201_OHB0,644,0.25,_
TP47,OHC2201_OHC0,646,0.25,_
TP47,OHC2201_OHC0,647,0.25,_
TP47,OHC2201_OHC0,648,0.25,_
TP47,OHC2201_OHC0,649,0.25,_
TP47,OHK2201_OHK0,219,0.25,_
TP47,OHK2201_OHK0,220,0.25,_
TP47,OHK2201_OHK0,221,0.25,_
TP47,OHK2201_OHK0,222,0.25,_
TP47,OKI2201_OKI0,228,0.099099099,_
TP47,OKI2201_OKI0,230,0.450450451,_
TP47,OKI2201_OKI0,231,0.450450451,_
TP47,PEN0331,81,1,_
TP47,PPI2201_PPI0,241,1,_
TP47,PRM0331,465,1,_
TP47,ROT1101_WHE0,272,1,_
TP47,ROX1101_ROX0,714,0.333333333,_
TP47,ROX1101_ROX0,715,0.333333333,_
TP47,ROX1101_ROX0,716,0.333333333,_
TP47,ROX2201_ROX0,717,0.2,_
TP47,ROX2201_ROX0,718,0.2,_
TP47,ROX2201_ROX0,719,0.2,_
TP47,ROX2201_ROX0,720,0.2,_
TP47,ROX2201_ROX0,721,0.2,_
TP47,RPO2201_RPO0,386,0.5,_
TP47,RPO2201_RPO0,387,0.5,_
TP47,SFD2201_SFD21,340,1,_
TP47,SFD2201_SFD22,341,1,_
TP47,SFD2201_SPL0,346,1,_
TP47,STK0661_COB0,491,1,_
TP47,TGA0331_KMI0,183,1,_
TP47,THI2201_THI1,253,1,_
TP47,THI2201_THI2,254,1,_
TP47,TKA0111_TKA1,560,1,_
TP47,TKB2201_TKB1,655,0.5,_
TP47,TKB2201_TKB1,656,0.5,_
TP47,TKU2201_TKU0,391,0.25,_
TP47,TKU2201_TKU0,392,0.25,_
TP47,TKU2201_TKU0,393,0.25,_
TP47,TKU2201_TKU0,394,0.25,_
TP47,TUI1101_KTW0,298,0.5,_
TP47,TUI1101_KTW0,299,0.5,_
TP47,TUI1101_PRI0,300,0.5,_
TP47,TUI1101_PRI0,301,0.5,_
TP47,TUI1101_TUI0,302,0.333333333,_
TP47,TUI1101_TUI0,303,0.333333333,_
TP47,TUI1101_TUI0,304,0.333333333,_
TP47,TWC2201_NZW0,404,1,_
TP47,TWC2201_TWF0,405,1,_
TP47,TWH0331_TRC1,142,1,_
TP47,TWH0331_TUK0,147,1,_
TP47,WDV1101_TAP0,389,1,_
TP47,WGN0331,411,1,_
TP47,WHI0111,306,1,_
TP47,WHI2201_WHI0,307,0.333333333,_
TP47,WHI2201_WHI0,308,0.333333333,_
TP47,WHI2201_WHI0,309,0.333333333,_
TP47,WHU0331,150,1,_
TP47,WIL0331_MCK0,482,1,_
TP47,WKM2201_MOK0,198,0.524257784,_
TP47,WKM2201_MOK0,199,0.475742216,_
TP47,WKM2201_WKM0,274,0.25,_
TP47,WKM2201_WKM0,275,0.25,_
TP47,WKM2201_WKM0,276,0.25,_
TP47,WKM2201_WKM0,277,0.25,_
TP47,WKO0331,152,1,_
TP47,WPA2201_WPA0,283,1,_
TP47,WRK0331_RKA0,740,1,_
TP47,WRK0331_TAA0,248,1,_
TP47,WRK2201_WRK0,285,0.340664962,_
TP47,WRK2201_WRK0,286,0.170332481,_
TP47,WRK2201_WRK0,287,0.19028133,_
TP47,WRK2201_WRK0,288,0.211764706,_
TP47,WRK2201_WRK0,289,0.086956522,_
TP47,WTK0111_WTK0,660,1,_
TP47,WWD1102_WWD0,479,1,_
TP47,WWD1103_WWD0,744,1,_
TP47,KAW0112_DLS0,176,1,_
TP47,KAW0113_DLS1,178,1,_
TP47,ABY0111,541,1,_
TP47,ALB0331,4,1,_
TP47,ALB1101,41,1,_
TP47,APS0111,569,1,_
TP47,ARG1101,487,1,_
TP47,ASB0331,543,1,_
TP47,ASB0661,544,1,_
TP47,ASY0111,520,0.5,_
TP47,ASY0111,748,0.5,_
TP47,ATU1101,488,1,_
TP47,BAL0331,669,1,_
TP47,BDE0111,671,1,_
TP47,BLN0331,489,1,_
TP47,BOB0331,45,1,_
TP47,BPD1101,618,1,_
TP47,BPE0331,357,1,_
TP47,BPE0551,358,0.5,_
TP47,BPE0551,359,0.5,_
TP47,BPT1101,619,1,_
TP47,BRB0331,8,1,_
TP47,BRK0331,315,1,_
TP47,BRY0661,549,1,_
TP47,BWK1101,673,1,_
TP47,CBG0111,105,1,_
TP47,CLH0111,572,1,_
TP47,CML0331,620,1,_
TP47,COL0111,575,1,_
TP47,COL0661,576,1,_
TP47,CPK0111,416,0.5,_
TP47,CPK0111,417,0.5,_
TP47,CST0331,317,1,_
TP47,CUL0331,493,1,_
TP47,CUL0661,494,1,_
TP47,CYD0331,678,1,_
TP47,CYD2201,679,1,_
TP47,DOB0331,579,1,_
TP47,DVK0111,366,1,_
TP47,EDG0331,168,1,_
TP47,EDN0331,680,1,_
TP47,FHL0331,293,1,_
TP47,FKN0331,628,1,_
TP47,GFD0331,426,1,_
TP47,GLN0331,733,1,_
TP47,GLN0332,51,1,_
TP47,GOR0331,682,1,_
TP47,GYM0661,585,1,_
TP47,GYT0331,429,1,_
TP47,HAM0111,108,1,_
TP47,HAM0551,110,1,_
TP47,HAM0551,5038,0,_
TP47,HAY0111,434,1,_
TP47,HAY0331,443,1,_
TP47,HEN0331,12,1,_
TP47,HEP0331,17,1,_
TP47,HKK0661,587,1,_
TP47,HLY0331,121,1,_
TP47,HOB1101,56,1,_
TP47,HOR0331,589,1,_
TP47,HOR0661,590,1,_
TP47,HTI0331,123,1,_
TP47,HUI0331,319,1,_
TP47,HWA0331,321,1,_
TP47,HWA0332,742,1,_
TP47,HWA1101,322,1,_
TP47,HWA1102,322,1,_
TP47,HWB0331,688,1,_
TP47,HWB0332,753,1,_
TP47,HWB1101,693,1,_
TP47,INV0331,696,1,_
TP47,ISL0661,526,1,_
TP47,KAI0111,531,1,_
TP47,KAW0112,176,1,_
TP47,KAW1101,181,1,_
TP47,KBY0661,591,1,_
TP47,KBY0662,591,1,_
TP47,KIK0111,745,1,_
TP47,KIN0111,126,1,_
TP47,KIN0112,125,1,_
TP47,KIN0113,738,1,_
TP47,KMO0331,187,1,_
TP47,KOE1101,20,1,_
TP47,KPA1101,324,1,_
TP47,KUM0661,593,1,_
TP47,KWA0111,451,1,_
TP47,LFD1101,192,1,_
TP47,LFD1102,192,1,_
TP47,LTN0331,370,1,_
TP47,MAN2201,701,1,_
TP47,MAT1101,156,0.909090909,_
TP47,MAT1101,197,0.090909091,_
TP47,MCH0111,503,1,_
TP47,MER0331,60,1,_
TP47,MGM0331,454,1,_
TP47,MHO0331,374,1,_
TP47,MKE1101,325,0.5,_
TP47,MKE1101,326,0.5,_
TP47,MLG0111,456,1,_
TP47,MLG0331,457,1,_
TP47,MNG0331,61,1,_
TP47,MNG1101,62,1,_
TP47,MNI0111,328,1,_
TP47,MST0331,460,1,_
TP47,MTM0331,212,1,_
TP47,MTN0331,377,1,_
TP47,MTO0331,28,1,_
TP47,MTR0331,380,1,_
TP47,NAP2201,214,1,_
TP47,NAP2202,215,1,_
TP47,NMA0331,711,1,_
TP47,NPK0331,382,1,_
TP47,NPL0331,331,1,_
TP47,NSY0331,632,1,_
TP47,OAM0331,634,1,_
TP47,OKN0111,384,1,_
TP47,ONG0331,137,1,_
TP47,OPK0331,335,1,_
TP47,ORO1101,507,1,_
TP47,ORO1102,508,1,_
TP47,OTA0221,66,1,_
TP47,OTI0111,595,1,_
TP47,OWH0111,239,1,_
TP47,PAK0331,75,1,_
TP47,PAO1101,139,1,_
TP47,PEN0221,79,1,_
TP47,PEN0251,80,1,_
TP47,PEN1101,56,0.190798081,_
TP47,PEN1101,58,0.645660707,_
TP47,PEN1101,88,0.163541212,_
TP47,PNI0331,462,1,_
TP47,PPI2201,241,0.5,_
TP47,PPI2201,242,0.5,_
TP47,RDF0331,295,1,_
TP47,RFN1101,506,1,_
TP47,RFN1102,505,1,_
TP47,ROS0221,89,1,_
TP47,ROS1101,90,1,_
TP47,ROT0111,245,1,_
TP47,ROT0331,246,1,_
TP47,ROT1101,247,1,_
TP47,SBK0331,533,1,_
TP47,SBK0661,534,1,_
TP47,SDN0331,725,1,_
TP47,SFD0331,342,1,_
TP47,SFD2201,345,1,_
TP47,STK0331,511,1,_
TP47,STK0661,512,1,_
TP47,STU0111,653,1,_
TP47,SVL0331,32,1,_
TP47,SWN0251,36,1,_
TP47,SWN2201,37,1,_
TP47,TAK0331,91,1,_
TP47,TGA0111,250,1,_
TP47,TGA0331,251,1,_
TP47,THI2201,255,1,_
TP47,TIM0111,556,1,_
TP47,TKA0331,561,1,_
TP47,TKH0111,256,1,_
TP47,TKR0331,470,1,_
TP47,TKU0331,395,1,_
TP47,TMI0331,258,1,_
TP47,TMK0331,563,1,_
TP47,TMN0551,397,0.5,_
TP47,TMN0551,398,0.5,_
TP47,TMU0111,140,1,_
TP47,TNG0111,400,1,_
TP47,TNG0551,401,0.5,_
TP47,TNG0551,402,0.5,_
TP47,TRK0111,260,1,_
TP47,TUI1101,305,1,_
TP47,TWC2201,406,1,_
TP47,TWH0331,143,0.253164557,_
TP47,TWH0331,148,0.746835443,_
TP47,TWI2201,728,1,_
TP47,TWZ0331,658,1,_
TP47,UHT0331,472,1,_
TP47,WAI0111,269,1,_
TP47,WDV0111,409,1,_
TP47,WDV1101,410,1,_
TP47,WEL0331,38,1,_
TP47,WHI2201,310,1,_
TP47,WIL0331,475,1,_
TP47,WIR0331,94,1,_
TP47,WKM2201,278,1,_
TP47,WPR0331,535,1,_
TP47,WPR0661,536,1,_
TP47,WPT0111,518,1,_
TP47,WPW0331,413,1,_
TP47,WRD0331,41,1,_
TP47,WRK0331,290,1,_
TP47,WTK0111,660,1,_
TP47,WTK0331,5167,1,_
TP47,WTU0331,311,1,_
TP47,WVY0111,352,1,_
TP47,WWD1102,481,1,_
TP47,WWD1103,480,1,_
TP47,ABY1101,542,1,_
TP47,ALB2201,7,1,_
TP47,APS0661,570,1,_
TP47,ARA2201,163,1,_
TP47,ARI1101,737,1,_
TP47,ARI1102,101,1,_
TP47,ASB2201,545,1,_
TP47,ASY0661,521,1,_
TP47,ATI2201,164,1,_
TP47,AVI2201,603,1,_
TP47,BAL1101,670,1,_
TP47,BDE1101,672,1,_
TP47,BEN2201,617,1,_
TP47,BEN2202,617,1,_
TP47,BEN3502,615,1,_
TP47,BEN3503,616,1,_
TP47,BHL2201,47,1,_
TP47,BHL2202,48,1,_
TP47,BLN1101,490,1,_
TP47,BPC1101,598,1,_
TP47,BPE1101,363,1,_
TP47,BPE2201,364,1,_
TP47,BRB2201,9,1,_
TP47,BRK2201,316,1,_
TP47,BRK2202,316,1,_
TP47,BRY2201,553,1,_
TP47,CBG1101,107,1,_
TP47,CBG1102,106,1,_
TP47,CLH0661,573,1,_
TP47,CML1101,625,1,_
TP47,CML1102,624,1,_
TP47,CML2201,627,1,_
TP47,CML2202,626,1,_
TP47,CPK1101,419,1,_
TP47,CPK1102,420,1,_
TP47,CPK1103,421,1,_
TP47,CST1101,318,1,_
TP47,CUL2202,495,1,_
TP47,CUL2203,496,1,_
TP47,DOB0661,580,1,_
TP47,DOB1101,584,1,_
TP47,DOB1102,583,1,_
TP47,DRY2201,49,1,_
TP47,DRY2202,49,1,_
TP47,DVK1101,367,1,_
TP47,DVK1102,368,1,_
TP47,EDG1101,171,1,_
TP47,EDG1102,171,1,_
TP47,EDG2201,172,1,_
TP47,EDN1101,681,1,_
TP47,FHL1101,294,1,_
TP47,FKN1101,630,1,_
TP47,FKN1102,629,1,_
TP47,GFD1101,428,1,_
TP47,GFD1102,427,1,_
TP47,GLN2201,53,1,_
TP47,GNY1101,597,1,_
TP47,GOR1101,683,1,_
TP47,GOR1102,683,1,_
TP47,GYT1101,430,1,_
TP47,GYT1102,431,1,_
TP47,HAM1101,112,1,_
TP47,HAM2201,113,1,_
TP47,HAY1101,447,1,_
TP47,HAY2201,450,1,_
TP47,HAY3502,449,1,_
TP47,HAY3503,448,1,_
TP47,HEN1101,15,1,_
TP47,HEN2201,16,1,_
TP47,HEP1101,18,1,_
TP47,HIN1101,115,1,_
TP47,HLY2201,116,1,_
TP47,HOB2201,57,1,_
TP47,HPI2201,19,1,_
TP47,HPI2202,19,1,_
TP47,HTI1101,124,1,_
TP47,HUI1101,320,1,_
TP47,HWA1001,322,1,_
TP47,HWB2201,694,1,_
TP47,IGH1101,497,1,_
TP47,INV1101,698,1,_
TP47,INV2201,699,1,_
TP47,INV2202,699,1,_
TP47,ISL2201,530,1,_
TP47,KAI0661,532,1,_
TP47,KAW2201,182,1,_
TP47,KBT0661,567,1,_
TP47,KBT0662,566,1,_
TP47,KIK1101,501,1,_
TP47,KIK2201,502,1,_
TP47,KIN1101,129,1,_
TP47,KIN1102,129,1,_
TP47,KMO1101,190,1,_
TP47,KMO1102,190,1,_
TP47,KMO1103,190,1,_
TP47,KMO2201,191,1,_
TP47,KPO1101,133,1,_
TP47,KPU1101,739,1,_
TP47,KPU1102,135,1,_
TP47,KWA1101,452,1,_
TP47,KWA1102,453,1,_
TP47,LIV2201,631,1,_
TP47,LTN2201,371,1,_
TP47,LTN2202,372,1,_
TP47,MCH1101,504,1,_
TP47,MDN1101,25,1,_
TP47,MDN2201,26,1,_
TP47,MGM1101,455,1,_
TP47,MHO1101,375,1,_
TP47,MHO1102,376,1,_
TP47,MHT1102,422,1,_
TP47,MHT1103,423,1,_
TP47,MKT1101,314,1,_
TP47,MLG1101,459,1,_
TP47,MLG1102,458,1,_
TP47,MNI1101,329,1,_
TP47,MST1101,461,1,_
TP47,MTI2201,211,1,_
TP47,MTM1101,213,1,_
TP47,MTN1101,379,1,_
TP47,MTN1102,378,1,_
TP47,MTO1101,29,1,_
TP47,MTO1102,30,1,_
TP47,MTR1101,381,1,_
TP47,MVE1101,102,1,_
TP47,MVE1102,103,1,_
TP47,NGA1101,31,1,_
TP47,NMA2201,712,1,_
TP47,NPK1101,383,1,_
TP47,NPL1101,333,1,_
TP47,NPL2201,334,1,_
TP47,NSY2201,633,1,_
TP47,OAM1101,635,1,_
TP47,OAM1102,752,1,_
TP47,OHA2201,640,1,_
TP47,OHB2201,645,1,_
TP47,OHC2201,650,1,_
TP47,OHK2201,223,1,_
TP47,OHW2201,136,1,_
TP47,OHW2202,136,1,_
TP47,OKE1101,224,1,_
TP47,OKI2201,227,0.5,_
TP47,OKI2201,229,0.5,_
TP47,OKN1101,385,1,_
TP47,ONG1101,138,1,_
TP47,OPI2201,540,1,_
TP47,OPI2202,539,1,_
TP47,OPK1101,743,1,_
TP47,OPK1102,336,1,_
TP47,OTA1103,70,1,_
TP47,OTA1104,734,1,_
TP47,OTA1105,70,1,_
TP47,OTA1106,734,1,_
TP47,OTA1107,70,1,_
TP47,OTA1108,734,1,_
TP47,OTA1109,70,1,_
TP47,OTA110A,734,1,_
TP47,OTA2201,72,1,_
TP47,OTA2202,73,1,_
TP47,OTA2203,71,1,_
TP47,OTI0661,596,1,_
TP47,OWH1101,240,1,_
TP47,PAK2201,76,1,_
TP47,PEN0222,79,1,_
TP47,PEN2201,87,1,_
TP47,PIE1101,173,1,_
TP47,PNI1101,463,1,_
TP47,PNI1102,464,1,_
TP47,PRM2201,468,1,_
TP47,PRM2202,469,1,_
TP47,PRT2201,425,1,_
TP47,PRT2202,424,1,_
TP47,RDF1101,296,1,_
TP47,RDF1102,296,1,_
TP47,RDF2201,297,1,_
TP47,RFC1101,483,1,_
TP47,ROT1102,247,1,_
TP47,ROX1101,723,1,_
TP47,ROX2201,724,1,_
TP47,RPO2201,388,1,_
TP47,RTO1101,104,1,_
TP47,RTR1101,365,1,_
TP47,SDN2201,726,1,_
TP47,SFD1101,344,1,_
TP47,STK1101,515,1,_
TP47,STK2201,516,1,_
TP47,STU1101,654,1,_
TP47,SVL2201,33,1,_
TP47,SVL2202,34,1,_
TP47,TAK2201,92,1,_
TP47,TAK2202,93,1,_
TP47,TGA1101,252,1,_
TP47,TIM1101,557,1,_
TP47,TIM2201,559,1,_
TP47,TIM2202,558,1,_
TP47,TKA0111,560,1,_
TP47,TKA1101,562,1,_
TP47,TKB2201,657,1,_
TP47,TKH0501,257,1,_
TP47,TKR1101,471,1,_
TP47,TKU2201,396,1,_
TP47,TMH2201,727,1,_
TP47,TMI1101,259,1,_
TP47,TMK1101,5157,1,_
TP47,TMK1102,565,1,_
TP47,TMN2201,399,1,_
TP47,TMU1101,141,1,_
TP47,TNG2201,403,1,_
TP47,TRK1101,267,1,_
TP47,TRK1102,267,1,_
TP47,TRK2201,268,1,_
TP47,TWH2201,149,1,_
TP47,TWT2201,369,1,_
TP47,TWZ2201,659,1,_
TP47,TWZ2202,659,1,_
TP47,UHT1101,473,1,_
TP47,WAI0501,270,1,_
TP47,WAI1101,271,1,_
TP47,WDV1102,410,1,_
TP47,WEL1101,40,1,_
TP47,WEL1102,39,1,_
TP47,WGN1101,412,1,_
TP47,WHU1101,151,1,_
TP47,WIL1101,477,1,_
TP47,WIL2201,478,1,_
TP47,WIR1101,95,1,_
TP47,WIR1102,736,1,_
TP47,WKM2202,282,1,_
TP47,WKO1101,153,1,_
TP47,WMG1101,746,1,_
TP47,WMG1102,517,1,_
TP47,WPA2201,284,1,_
TP47,WPR2202,538,1,_
TP47,WPR2203,537,1,_
TP47,WPT1101,747,1,_
TP47,WPT1102,519,1,_
TP47,WPW1101,414,1,_
TP47,WPW1102,415,1,_
TP47,WRD2201,44,1,_
TP47,WRK2201,292,1,_
TP47,WTK1101,666,1,_
TP47,WTK1102,667,1,_
TP47,WTK2201,668,1,_
TP47,WTU2201,741,1,_
TP47,WTU2202,312,1,_
TP47,WVY1101,353,1,_
TP48,ARA2201_ARA0,160,0.333333333,_
TP48,ARA2201_ARA0,161,0.333333333,_
TP48,ARA2201_ARA0,162,0.333333333,_
TP48,ARG1101_BRR0,486,1,_
TP48,ARI1101_ARI0,100,0.25,_
TP48,ARI1101_ARI0,97,0.25,_
TP48,ARI1101_ARI0,98,0.25,_
TP48,ARI1101_ARI0,99,0.25,_
TP48,ARI1102_ARI0,96,1,_
TP48,ASB0661_HBK0,554,1,_
TP48,ATI2201_ATI0,164,1,_
TP48,AVI2201_AVI0,599,0.25,_
TP48,AVI2201_AVI0,600,0.25,_
TP48,AVI2201_AVI0,601,0.25,_
TP48,AVI2201_AVI0,602,0.25,_
TP48,BEN2202_BEN0,606,0.166666667,_
TP48,BEN2202_BEN0,607,0.166666667,_
TP48,BEN2202_BEN0,608,0.166666667,_
TP48,BEN2202_BEN0,609,0.166666667,_
TP48,BEN2202_BEN0,610,0.166666667,_
TP48,BEN2202_BEN0,611,0.166666667,_
TP48,BOB1101,46,1,_
TP48,BPE0331_TWF0,408,1,_
TP48,BWK1101_WPI0,731,1,_
TP48,COL0661_COL0,574,0.447368421,_
TP48,COL0661_COL0,750,0.552631579,_
TP48,CPK0331,418,1,_
TP48,CYD2201_CYD0,674,0.25,_
TP48,CYD2201_CYD0,675,0.25,_
TP48,CYD2201_CYD0,676,0.25,_
TP48,CYD2201_CYD0,677,0.25,_
TP48,GLN0332_GLN0,50,1,_
TP48,HAM0331,109,1,_
TP48,HIN0331,114,1,_
TP48,HLY2201_HLY1,119,1,_
TP48,HLY2201_HLY2,118,1,_
TP48,HLY2201_HLY5,120,1,_
TP48,HLY2201_HLY6,117,1,_
TP48,HWA1101_PTA1,337,1,_
TP48,HWA1101_PTA2,337,1,_
TP48,HWA1101_PTA3,337,1,_
TP48,HWA1102_WAA0,348,0.416909621,_
TP48,HWA1102_WAA0,350,0.583090379,_
TP48,HWA1102_WAA1,348,0.416909621,_
TP48,HWA1102_WAA1,350,0.583090379,_
TP48,HWB0331_MAH0,700,1,_
TP48,HWB0331_WPI0,730,1,_
TP48,ISL0331,525,1,_
TP48,KAW0111,179,1,_
TP48,KAW0112_ONU0,235,0.29467381,_
TP48,KAW0112_ONU0,236,0.204853451,_
TP48,KAW0112_ONU0,237,0.126063662,_
TP48,KAW0112_ONU0,238,0.374409077,_
TP48,KAW0113,178,1,_
TP48,KAW1101_KAG0,174,1,_
TP48,KIN0112_KIN0,125,1,_
TP48,KIN0331,127,1,_
TP48,KPA1101_KPI1,323,1,_
TP48,KPO1101_KPO0,130,0.333333333,_
TP48,KPO1101_KPO0,131,0.333333333,_
TP48,KPO1101_KPO0,132,0.333333333,_
TP48,KPU0661,134,1,_
TP48,KUM0661_KUM0,593,1,_
TP48,LTN0331_TWF0,407,1,_
TP48,MAN2201_MAN0,702,0.142857143,_
TP48,MAN2201_MAN0,703,0.142857143,_
TP48,MAN2201_MAN0,704,0.142857143,_
TP48,MAN2201_MAN0,705,0.142857143,_
TP48,MAN2201_MAN0,706,0.142857143,_
TP48,MAN2201_MAN0,707,0.142857143,_
TP48,MAN2201_MAN0,708,0.142857143,_
TP48,MAT1101_ANI0,154,0.5,_
TP48,MAT1101_ANI0,155,0.5,_
TP48,MAT1101_MAT0,195,0.5,_
TP48,MAT1101_MAT0,196,0.5,_
TP48,MHO0331_MHO0,373,1,_
TP48,MKE1101_MKE1,325,0.5,_
TP48,MKE1101_MKE1,326,0.5,_
TP48,MPE1101,27,1,_
TP48,MTI2201_MTI0,201,0.1,_
TP48,MTI2201_MTI0,202,0.1,_
TP48,MTI2201_MTI0,203,0.1,_
TP48,MTI2201_MTI0,204,0.1,_
TP48,MTI2201_MTI0,205,0.1,_
TP48,MTI2201_MTI0,206,0.1,_
TP48,MTI2201_MTI0,207,0.1,_
TP48,MTI2201_MTI0,208,0.1,_
TP48,MTI2201_MTI0,209,0.1,_
TP48,MTI2201_MTI0,210,0.1,_
TP48,NAP2201_NAP0,214,1,_
TP48,NAP2202_NTM0,216,0.5,_
TP48,NAP2202_NTM0,217,0.5,_
TP48,NMA0331_WHL0,729,1,_
TP48,NSY0331_PAE0,651,1,_
TP48,OHA2201_OHA0,636,0.25,_
TP48,OHA2201_OHA0,637,0.25,_
TP48,OHA2201_OHA0,638,0.25,_
TP48,OHA2201_OHA0,639,0.25,_
TP48,OHB2201_OHB0,641,0.25,_
TP48,OHB2201_OHB0,642,0.25,_
TP48,OHB2201_OHB0,643,0.25,_
TP48,OHB2201_OHB0,644,0.25,_
TP48,OHC2201_OHC0,646,0.25,_
TP48,OHC2201_OHC0,647,0.25,_
TP48,OHC2201_OHC0,648,0.25,_
TP48,OHC2201_OHC0,649,0.25,_
TP48,OHK2201_OHK0,219,0.25,_
TP48,OHK2201_OHK0,220,0.25,_
TP48,OHK2201_OHK0,221,0.25,_
TP48,OHK2201_OHK0,222,0.25,_
TP48,OKI2201_OKI0,228,0.099099099,_
TP48,OKI2201_OKI0,230,0.450450451,_
TP48,OKI2201_OKI0,231,0.450450451,_
TP48,PEN0331,81,1,_
TP48,PPI2201_PPI0,241,1,_
TP48,PRM0331,465,1,_
TP48,ROT1101_WHE0,272,1,_
TP48,ROX1101_ROX0,714,0.333333333,_
TP48,ROX1101_ROX0,715,0.333333333,_
TP48,ROX1101_ROX0,716,0.333333333,_
TP48,ROX2201_ROX0,717,0.2,_
TP48,ROX2201_ROX0,718,0.2,_
TP48,ROX2201_ROX0,719,0.2,_
TP48,ROX2201_ROX0,720,0.2,_
TP48,ROX2201_ROX0,721,0.2,_
TP48,RPO2201_RPO0,386,0.5,_
TP48,RPO2201_RPO0,387,0.5,_
TP48,SFD2201_SFD21,340,1,_
TP48,SFD2201_SFD22,341,1,_
TP48,SFD2201_SPL0,346,1,_
TP48,STK0661_COB0,491,1,_
TP48,TGA0331_KMI0,183,1,_
TP48,THI2201_THI1,253,1,_
TP48,THI2201_THI2,254,1,_
TP48,TKA0111_TKA1,560,1,_
TP48,TKB2201_TKB1,655,0.5,_
TP48,TKB2201_TKB1,656,0.5,_
TP48,TKU2201_TKU0,391,0.25,_
TP48,TKU2201_TKU0,392,0.25,_
TP48,TKU2201_TKU0,393,0.25,_
TP48,TKU2201_TKU0,394,0.25,_
TP48,TUI1101_KTW0,298,0.5,_
TP48,TUI1101_KTW0,299,0.5,_
TP48,TUI1101_PRI0,300,0.5,_
TP48,TUI1101_PRI0,301,0.5,_
TP48,TUI1101_TUI0,302,0.333333333,_
TP48,TUI1101_TUI0,303,0.333333333,_
TP48,TUI1101_TUI0,304,0.333333333,_
TP48,TWC2201_NZW0,404,1,_
TP48,TWC2201_TWF0,405,1,_
TP48,TWH0331_TRC1,142,1,_
TP48,TWH0331_TUK0,147,1,_
TP48,WDV1101_TAP0,389,1,_
TP48,WGN0331,411,1,_
TP48,WHI0111,306,1,_
TP48,WHI2201_WHI0,307,0.333333333,_
TP48,WHI2201_WHI0,308,0.333333333,_
TP48,WHI2201_WHI0,309,0.333333333,_
TP48,WHU0331,150,1,_
TP48,WIL0331_MCK0,482,1,_
TP48,WKM2201_MOK0,198,0.524257784,_
TP48,WKM2201_MOK0,199,0.475742216,_
TP48,WKM2201_WKM0,274,0.25,_
TP48,WKM2201_WKM0,275,0.25,_
TP48,WKM2201_WKM0,276,0.25,_
TP48,WKM2201_WKM0,277,0.25,_
TP48,WKO0331,152,1,_
TP48,WPA2201_WPA0,283,1,_
TP48,WRK0331_RKA0,740,1,_
TP48,WRK0331_TAA0,248,1,_
TP48,WRK2201_WRK0,285,0.340664962,_
TP48,WRK2201_WRK0,286,0.170332481,_
TP48,WRK2201_WRK0,287,0.19028133,_
TP48,WRK2201_WRK0,288,0.211764706,_
TP48,WRK2201_WRK0,289,0.086956522,_
TP48,WTK0111_WTK0,660,1,_
TP48,WWD1102_WWD0,479,1,_
TP48,WWD1103_WWD0,744,1,_
TP48,KAW0112_DLS0,176,1,_
TP48,KAW0113_DLS1,178,1,_
TP48,ABY0111,541,1,_
TP48,ALB0331,4,1,_
TP48,ALB1101,41,1,_
TP48,APS0111,569,1,_
TP48,ARG1101,487,1,_
TP48,ASB0331,543,1,_
TP48,ASB0661,544,1,_
TP48,ASY0111,520,0.5,_
TP48,ASY0111,748,0.5,_
TP48,ATU1101,488,1,_
TP48,BAL0331,669,1,_
TP48,BDE0111,671,1,_
TP48,BLN0331,489,1,_
TP48,BOB0331,45,1,_
TP48,BPD1101,618,1,_
TP48,BPE0331,357,1,_
TP48,BPE0551,358,0.5,_
TP48,BPE0551,359,0.5,_
TP48,BPT1101,619,1,_
TP48,BRB0331,8,1,_
TP48,BRK0331,315,1,_
TP48,BRY0661,549,1,_
TP48,BWK1101,673,1,_
TP48,CBG0111,105,1,_
TP48,CLH0111,572,1,_
TP48,CML0331,620,1,_
TP48,COL0111,575,1,_
TP48,COL0661,576,1,_
TP48,CPK0111,416,0.5,_
TP48,CPK0111,417,0.5,_
TP48,CST0331,317,1,_
TP48,CUL0331,493,1,_
TP48,CUL0661,494,1,_
TP48,CYD0331,678,1,_
TP48,CYD2201,679,1,_
TP48,DOB0331,579,1,_
TP48,DVK0111,366,1,_
TP48,EDG0331,168,1,_
TP48,EDN0331,680,1,_
TP48,FHL0331,293,1,_
TP48,FKN0331,628,1,_
TP48,GFD0331,426,1,_
TP48,GLN0331,733,1,_
TP48,GLN0332,51,1,_
TP48,GOR0331,682,1,_
TP48,GYM0661,585,1,_
TP48,GYT0331,429,1,_
TP48,HAM0111,108,1,_
TP48,HAM0551,110,1,_
TP48,HAM0551,5039,0,_
TP48,HAY0111,434,1,_
TP48,HAY0331,443,1,_
TP48,HEN0331,12,1,_
TP48,HEP0331,17,1,_
TP48,HKK0661,587,1,_
TP48,HLY0331,121,1,_
TP48,HOB1101,56,1,_
TP48,HOR0331,589,1,_
TP48,HOR0661,590,1,_
TP48,HTI0331,123,1,_
TP48,HUI0331,319,1,_
TP48,HWA0331,321,1,_
TP48,HWA0332,742,1,_
TP48,HWA1101,322,1,_
TP48,HWA1102,322,1,_
TP48,HWB0331,688,1,_
TP48,HWB0332,753,1,_
TP48,HWB1101,693,1,_
TP48,INV0331,696,1,_
TP48,ISL0661,526,1,_
TP48,KAI0111,531,1,_
TP48,KAW0112,176,1,_
TP48,KAW1101,181,1,_
TP48,KBY0661,591,1,_
TP48,KBY0662,591,1,_
TP48,KIK0111,745,1,_
TP48,KIN0111,126,1,_
TP48,KIN0112,125,1,_
TP48,KIN0113,738,1,_
TP48,KMO0331,187,1,_
TP48,KOE1101,20,1,_
TP48,KPA1101,324,1,_
TP48,KUM0661,593,1,_
TP48,KWA0111,451,1,_
TP48,LFD1101,192,1,_
TP48,LFD1102,192,1,_
TP48,LTN0331,370,1,_
TP48,MAN2201,701,1,_
TP48,MAT1101,156,0.909090909,_
TP48,MAT1101,197,0.090909091,_
TP48,MCH0111,503,1,_
TP48,MER0331,60,1,_
TP48,MGM0331,454,1,_
TP48,MHO0331,374,1,_
TP48,MKE1101,325,0.5,_
TP48,MKE1101,326,0.5,_
TP48,MLG0111,456,1,_
TP48,MLG0331,457,1,_
TP48,MNG0331,61,1,_
TP48,MNG1101,62,1,_
TP48,MNI0111,328,1,_
TP48,MST0331,460,1,_
TP48,MTM0331,212,1,_
TP48,MTN0331,377,1,_
TP48,MTO0331,28,1,_
TP48,MTR0331,380,1,_
TP48,NAP2201,214,1,_
TP48,NAP2202,215,1,_
TP48,NMA0331,711,1,_
TP48,NPK0331,382,1,_
TP48,NPL0331,331,1,_
TP48,NSY0331,632,1,_
TP48,OAM0331,634,1,_
TP48,OKN0111,384,1,_
TP48,ONG0331,137,1,_
TP48,OPK0331,335,1,_
TP48,ORO1101,507,1,_
TP48,ORO1102,508,1,_
TP48,OTA0221,66,1,_
TP48,OTI0111,595,1,_
TP48,OWH0111,239,1,_
TP48,PAK0331,75,1,_
TP48,PAO1101,139,1,_
TP48,PEN0221,79,1,_
TP48,PEN0251,80,1,_
TP48,PEN1101,56,0.190798081,_
TP48,PEN1101,58,0.645660707,_
TP48,PEN1101,88,0.163541212,_
TP48,PNI0331,462,1,_
TP48,PPI2201,241,0.5,_
TP48,PPI2201,242,0.5,_
TP48,RDF0331,295,1,_
TP48,RFN1101,506,1,_
TP48,RFN1102,505,1,_
TP48,ROS0221,89,1,_
TP48,ROS1101,90,1,_
TP48,ROT0111,245,1,_
TP48,ROT0331,246,1,_
TP48,ROT1101,247,1,_
TP48,SBK0331,533,1,_
TP48,SBK0661,534,1,_
TP48,SDN0331,725,1,_
TP48,SFD0331,342,1,_
TP48,SFD2201,345,1,_
TP48,STK0331,511,1,_
TP48,STK0661,512,1,_
TP48,STU0111,653,1,_
TP48,SVL0331,32,1,_
TP48,SWN0251,36,1,_
TP48,SWN2201,37,1,_
TP48,TAK0331,91,1,_
TP48,TGA0111,250,1,_
TP48,TGA0331,251,1,_
TP48,THI2201,255,1,_
TP48,TIM0111,556,1,_
TP48,TKA0331,561,1,_
TP48,TKH0111,256,1,_
TP48,TKR0331,470,1,_
TP48,TKU0331,395,1,_
TP48,TMI0331,258,1,_
TP48,TMK0331,563,1,_
TP48,TMN0551,397,0.5,_
TP48,TMN0551,398,0.5,_
TP48,TMU0111,140,1,_
TP48,TNG0111,400,1,_
TP48,TNG0551,401,0.5,_
TP48,TNG0551,402,0.5,_
TP48,TRK0111,260,1,_
TP48,TUI1101,305,1,_
TP48,TWC2201,406,1,_
TP48,TWH0331,143,0.253164557,_
TP48,TWH0331,148,0.746835443,_
TP48,TWI2201,728,1,_
TP48,TWZ0331,658,1,_
TP48,UHT0331,472,1,_
TP48,WAI0111,269,1,_
TP48,WDV0111,409,1,_
TP48,WDV1101,410,1,_
TP48,WEL0331,38,1,_
TP48,WHI2201,310,1,_
TP48,WIL0331,475,1,_
TP48,WIR0331,94,1,_
TP48,WKM2201,278,1,_
TP48,WPR0331,535,1,_
TP48,WPR0661,536,1,_
TP48,WPT0111,518,1,_
TP48,WPW0331,413,1,_
TP48,WRD0331,41,1,_
TP48,WRK0331,290,1,_
TP48,WTK0111,660,1,_
TP48,WTK0331,5168,1,_
TP48,WTU0331,311,1,_
TP48,WVY0111,352,1,_
TP48,WWD1102,481,1,_
TP48,WWD1103,480,1,_
TP48,ABY1101,542,1,_
TP48,ALB2201,7,1,_
TP48,APS0661,570,1,_
TP48,ARA2201,163,1,_
TP48,ARI1101,737,1,_
TP48,ARI1102,101,1,_
TP48,ASB2201,545,1,_
TP48,ASY0661,521,1,_
TP48,ATI2201,164,1,_
TP48,AVI2201,603,1,_
TP48,BAL1101,670,1,_
TP48,BDE1101,672,1,_
TP48,BEN2201,617,1,_
TP48,BEN2202,617,1,_
TP48,BEN3502,615,1,_
TP48,BEN3503,616,1,_
TP48,BHL2201,5013,1,_
TP48,BHL2202,48,1,_
TP48,BLN1101,490,1,_
TP48,BPC1101,598,1,_
TP48,BPE1101,363,1,_
TP48,BPE2201,364,1,_
TP48,BRB2201,9,1,_
TP48,BRK2201,316,1,_
TP48,BRK2202,316,1,_
TP48,BRY2201,553,1,_
TP48,CBG1101,107,1,_
TP48,CBG1102,106,1,_
TP48,CLH0661,573,1,_
TP48,CML1101,625,1,_
TP48,CML1102,624,1,_
TP48,CML2201,627,1,_
TP48,CML2202,626,1,_
TP48,CPK1101,419,1,_
TP48,CPK1102,420,1,_
TP48,CPK1103,421,1,_
TP48,CST1101,318,1,_
TP48,CUL2202,495,1,_
TP48,CUL2203,496,1,_
TP48,DOB0661,580,1,_
TP48,DOB1101,584,1,_
TP48,DOB1102,583,1,_
TP48,DRY2201,49,1,_
TP48,DRY2202,49,1,_
TP48,DVK1101,367,1,_
TP48,DVK1102,368,1,_
TP48,EDG1101,171,1,_
TP48,EDG1102,171,1,_
TP48,EDG2201,172,1,_
TP48,EDN1101,681,1,_
TP48,FHL1101,294,1,_
TP48,FKN1101,630,1,_
TP48,FKN1102,629,1,_
TP48,GFD1101,428,1,_
TP48,GFD1102,427,1,_
TP48,GLN2201,53,1,_
TP48,GNY1101,597,1,_
TP48,GOR1101,683,1,_
TP48,GOR1102,683,1,_
TP48,GYT1101,430,1,_
TP48,GYT1102,431,1,_
TP48,HAM1101,112,1,_
TP48,HAM2201,113,1,_
TP48,HAY1101,447,1,_
TP48,HAY2201,450,1,_
TP48,HAY3502,449,1,_
TP48,HAY3503,448,1,_
TP48,HEN1101,15,1,_
TP48,HEN2201,16,1,_
TP48,HEP1101,18,1,_
TP48,HIN1101,115,1,_
TP48,HLY2201,116,1,_
TP48,HOB2201,57,1,_
TP48,HPI2201,19,1,_
TP48,HPI2202,19,1,_
TP48,HTI1101,124,1,_
TP48,HUI1101,320,1,_
TP48,HWA1001,322,1,_
TP48,HWB2201,694,1,_
TP48,IGH1101,497,1,_
TP48,INV1101,698,1,_
TP48,INV2201,699,1,_
TP48,INV2202,699,1,_
TP48,ISL2201,530,1,_
TP48,KAI0661,532,1,_
TP48,KAW2201,182,1,_
TP48,KBT0661,567,1,_
TP48,KBT0662,566,1,_
TP48,KIK1101,501,1,_
TP48,KIK2201,502,1,_
TP48,KIN1101,129,1,_
TP48,KIN1102,129,1,_
TP48,KMO1101,190,1,_
TP48,KMO1102,190,1,_
TP48,KMO1103,190,1,_
TP48,KMO2201,191,1,_
TP48,KPO1101,133,1,_
TP48,KPU1101,739,1,_
TP48,KPU1102,135,1,_
TP48,KWA1101,452,1,_
TP48,KWA1102,453,1,_
TP48,LIV2201,631,1,_
TP48,LTN2201,371,1,_
TP48,LTN2202,372,1,_
TP48,MCH1101,504,1,_
TP48,MDN1101,25,1,_
TP48,MDN2201,26,1,_
TP48,MGM1101,455,1,_
TP48,MHO1101,375,1,_
TP48,MHO1102,376,1,_
TP48,MHT1102,422,1,_
TP48,MHT1103,423,1,_
TP48,MKT1101,314,1,_
TP48,MLG1101,459,1,_
TP48,MLG1102,458,1,_
TP48,MNI1101,329,1,_
TP48,MST1101,461,1,_
TP48,MTI2201,211,1,_
TP48,MTM1101,213,1,_
TP48,MTN1101,379,1,_
TP48,MTN1102,378,1,_
TP48,MTO1101,29,1,_
TP48,MTO1102,30,1,_
TP48,MTR1101,381,1,_
TP48,MVE1101,102,1,_
TP48,MVE1102,103,1,_
TP48,NGA1101,31,1,_
TP48,NMA2201,712,1,_
TP48,NPK1101,383,1,_
TP48,NPL1101,333,1,_
TP48,NPL2201,334,1,_
TP48,NSY2201,633,1,_
TP48,OAM1101,635,1,_
TP48,OAM1102,752,1,_
TP48,OHA2201,640,1,_
TP48,OHB2201,645,1,_
TP48,OHC2201,650,1,_
TP48,OHK2201,223,1,_
TP48,OHW2201,136,1,_
TP48,OHW2202,136,1,_
TP48,OKE1101,224,1,_
TP48,OKI2201,227,0.5,_
TP48,OKI2201,229,0.5,_
TP48,OKN1101,385,1,_
TP48,ONG1101,138,1,_
TP48,OPI2201,540,1,_
TP48,OPI2202,539,1,_
TP48,OPK1101,743,1,_
TP48,OPK1102,336,1,_
TP48,OTA1103,70,1,_
TP48,OTA1104,734,1,_
TP48,OTA1105,70,1,_
TP48,OTA1106,734,1,_
TP48,OTA1107,70,1,_
TP48,OTA1108,734,1,_
TP48,OTA1109,70,1,_
TP48,OTA110A,734,1,_
TP48,OTA2201,72,1,_
TP48,OTA2202,73,1,_
TP48,OTA2203,71,1,_
TP48,OTI0661,596,1,_
TP48,OWH1101,240,1,_
TP48,PAK2201,76,1,_
TP48,PEN0222,79,1,_
TP48,PEN2201,87,1,_
TP48,PIE1101,173,1,_
TP48,PNI1101,463,1,_
TP48,PNI1102,464,1,_
TP48,PRM2201,468,1,_
TP48,PRM2202,469,1,_
TP48,PRT2201,425,1,_
TP48,PRT2202,424,1,_
TP48,RDF1101,296,1,_
TP48,RDF1102,296,1,_
TP48,RDF2201,297,1,_
TP48,RFC1101,483,1,_
TP48,ROT1102,247,1,_
TP48,ROX1101,723,1,_
TP48,ROX2201,724,1,_
TP48,RPO2201,388,1,_
TP48,RTO1101,104,1,_
TP48,RTR1101,365,1,_
TP48,SDN2201,726,1,_
TP48,SFD1101,344,1,_
TP48,STK1101,515,1,_
TP48,STK2201,516,1,_
TP48,STU1101,654,1,_
TP48,SVL2201,33,1,_
TP48,SVL2202,34,1,_
TP48,TAK2201,92,1,_
TP48,TAK2202,93,1,_
TP48,TGA1101,252,1,_
TP48,TIM1101,557,1,_
TP48,TIM2201,559,1,_
TP48,TIM2202,558,1,_
TP48,TKA0111,560,1,_
TP48,TKA1101,562,1,_
TP48,TKB2201,657,1,_
TP48,TKH0501,257,1,_
TP48,TKR1101,471,1,_
TP48,TKU2201,396,1,_
TP48,TMH2201,727,1,_
TP48,TMI1101,259,1,_
TP48,TMK1101,5158,1,_
TP48,TMK1102,565,1,_
TP48,TMN2201,399,1,_
TP48,TMU1101,141,1,_
TP48,TNG2201,403,1,_
TP48,TRK1101,267,1,_
TP48,TRK1102,267,1,_
TP48,TRK2201,268,1,_
TP48,TWH2201,149,1,_
TP48,TWT2201,369,1,_
TP48,TWZ2201,659,1,_
TP48,TWZ2202,659,1,_
TP48,UHT1101,473,1,_
TP48,WAI0501,270,1,_
TP48,WAI1101,271,1,_
TP48,WDV1102,410,1,_
TP48,WEL1101,40,1,_
TP48,WEL1102,39,1,_
TP48,WGN1101,412,1,_
TP48,WHU1101,151,1,_
TP48,WIL1101,477,1,_
TP48,WIL2201,478,1,_
TP48,WIR1101,95,1,_
TP48,WIR1102,736,1,_
TP48,WKM2202,282,1,_
TP48,WKO1101,153,1,_
TP48,WMG1101,746,1,_
TP48,WMG1102,517,1,_
TP48,WPA2201,284,1,_
TP48,WPR2202,538,1,_
TP48,WPR2203,537,1,_
TP48,WPT1101,747,1,_
TP48,WPT1102,519,1,_
TP48,WPW1101,414,1,_
TP48,WPW1102,415,1,_
TP48,WRD2201,44,1,_
TP48,WRK2201,292,1,_
TP48,WTK1101,666,1,_
TP48,WTK1102,667,1,_
TP48,WTK2201,668,1,_
TP48,WTU2201,741,1,_
TP48,WTU2202,312,1,_
TP48,WVY1101,353,1,
